1.0 1.0 66.6834130922 13.5 1.0 0.5 18.0,2,1.0,1.0 1.0 66.6834130922 13.5 1.0 0.5 18.0
1.0 1.0 66.6834130922 13.5 1.0 0.5 18.0,2,1.0,1.0 1.0 67.2927241578 15.0 1.0 0.5 18.0
1.0 1.0 67.2927241578 15.0 1.0 0.5 18.0,2,1.0,1.0 1.0 67.7442159213 13.6666666667 1.0 0.5 18.0
1.0 1.0 67.7442159213 13.6666666667 1.0 0.5 18.0,3,1.0,1.0 1.0 66.6784274552 11.2777777778 1.0 0.5 18.0
1.0 1.0 66.6784274552 11.2777777778 1.0 0.5 18.0,4,-1.0,1.0 1.0 64.3490912063 16.2941176471 0.944444444444 0.5 17.0
1.0 1.0 64.3490912063 16.2941176471 0.944444444444 0.5 17.0,2,-1.0,1.0 1.0 67.2500389568 11.8235294118 0.944444444444 0.5 17.0
1.0 1.0 67.2500389568 11.8235294118 0.944444444444 0.5 17.0,3,1.0,1.0 1.0 74.390637797 13.7222222222 1.0 0.5 18.0
1.0 1.0 74.390637797 13.7222222222 1.0 0.5 18.0,2,1.0,1.0 1.0 65.8648915396 13.5 1.0 0.5 18.0
1.0 1.0 65.8648915396 13.5 1.0 0.5 18.0,2,1.0,1.0 1.0 65.8648915396 13.4444444444 1.0 0.5 18.0
1.0 1.0 65.8648915396 13.4444444444 1.0 0.5 18.0,1,1.0,1.0 1.0 66.6834130922 13.5555555556 1.0 0.5 18.0
1.0 1.0 66.6834130922 13.5555555556 1.0 0.5 18.0,1,1.0,1.0 1.0 59.2396293345 16.0555555556 1.0 0.5 18.0
1.0 1.0 59.2396293345 16.0555555556 1.0 0.5 18.0,4,-1.0,1.0 1.0 74.0746486249 13.5294117647 0.944444444444 0.5 17.0
1.0 1.0 74.0746486249 13.5294117647 0.944444444444 0.5 17.0,4,-1.0,1.0 1.0 64.7781409665 16.4375 0.888888888889 0.5 16.0
1.0 1.0 64.7781409665 16.4375 0.888888888889 0.5 16.0,4,-1.0,1.0 1.0 72.3422441546 15.0 0.833333333333 0.5 15.0
1.0 1.0 72.3422441546 15.0 0.833333333333 0.5 15.0,1,-1.0,1.0 1.0 72.3422441546 15.2666666667 0.833333333333 0.5 15.0
1.0 1.0 76.286721881 13.25 0.666666666667 0.5 12.0,0,1.0,1.0 1.0 73.3344345193 8.0 0.666666666667 1.0 12.0
1.0 1.0 73.3344345193 8.0 0.666666666667 1.0 12.0,2,1.0,1.0 1.0 88.7464062354 11.8333333333 0.666666666667 1.0 12.0
1.0 1.0 88.7464062354 11.8333333333 0.666666666667 1.0 12.0,0,1.0,1.0 1.0 61.6524962325 9.25 0.666666666667 1.5 12.0
1.0 1.0 61.6524962325 9.25 0.666666666667 1.5 12.0,3,1.0,1.0 1.0 83.7242573019 10.8461538462 0.722222222222 1.5 13.0
1.0 1.0 83.7242573019 10.8461538462 0.722222222222 1.5 13.0,3,1.0,1.0 1.0 67.2755110646 6.28571428571 0.777777777778 1.5 14.0
1.0 1.0 67.2755110646 6.28571428571 0.777777777778 1.5 14.0,1,-1.0,1.0 1.0 67.6413790858 10.7142857143 0.777777777778 1.0 14.0
1.0 1.0 67.6413790858 10.7142857143 0.777777777778 1.0 14.0,4,-1.0,1.0 1.0 84.1350821547 11.2307692308 0.722222222222 1.0 13.0
1.0 1.0 84.1350821547 11.2307692308 0.722222222222 1.0 13.0,4,-1.0,1.0 1.0 61.1515083866 9.33333333333 0.666666666667 1.0 12.0
1.0 1.0 61.1515083866 9.33333333333 0.666666666667 1.0 12.0,3,1.0,1.0 1.0 69.9354429176 7.53846153846 0.722222222222 1.0 13.0
1.0 1.0 69.9354429176 7.53846153846 0.722222222222 1.0 13.0,3,1.0,1.0 1.0 68.1731933716 10.6428571429 0.777777777778 1.0 14.0
1.0 1.0 68.1731933716 10.6428571429 0.777777777778 1.0 14.0,2,-1.0,1.0 1.0 77.9483034728 9.71428571429 0.777777777778 1.0 14.0
1.0 1.0 77.9483034728 9.71428571429 0.777777777778 1.0 14.0,2,-1.0,1.0 1.0 68.080230926 10.6428571429 0.777777777778 1.0 14.0
1.0 1.0 68.080230926 10.6428571429 0.777777777778 1.0 14.0,4,-1.0,1.0 1.0 83.7335997827 11.3076923077 0.722222222222 1.0 13.0
1.0 1.0 83.7335997827 11.3076923077 0.722222222222 1.0 13.0,2,-1.0,1.0 1.0 69.6799737898 7.76923076923 0.722222222222 1.0 13.0
1.0 1.0 69.6799737898 7.76923076923 0.722222222222 1.0 13.0,2,-1.0,1.0 1.0 84.1350821547 11.2307692308 0.722222222222 1.0 13.0
1.0 1.0 65.6464432658 12.4375 0.888888888889 1.0 16.0,2,-1.0,1.0 1.0 66.4293679628 12.5 0.888888888889 1.0 16.0
1.0 1.0 66.4293679628 12.5 0.888888888889 1.0 16.0,0,1.0,1.0 1.0 55.2713833265 8.125 0.888888888889 1.5 16.0
1.0 1.0 55.2713833265 8.125 0.888888888889 1.5 16.0,4,-1.0,1.0 1.0 63.9976211558 6.4 0.833333333333 1.5 15.0
1.0 1.0 63.9976211558 6.4 0.833333333333 1.5 15.0,4,-1.0,1.0 1.0 68.2830540068 6.57142857143 0.777777777778 1.5 14.0
1.0 1.0 68.2830540068 6.57142857143 0.777777777778 1.5 14.0,1,-1.0,1.0 1.0 72.0167851967 13.0714285714 0.777777777778 1.0 14.0
1.0 1.0 72.0167851967 13.0714285714 0.777777777778 1.0 14.0,0,1.0,1.0 1.0 81.1577210205 12.2142857143 0.777777777778 1.5 14.0
1.0 1.0 81.1577210205 12.2142857143 0.777777777778 1.5 14.0,4,-1.0,1.0 1.0 83.5714018397 11.0 0.722222222222 1.5 13.0
1.0 1.0 83.5714018397 11.0 0.722222222222 1.5 13.0,0,1.0,1.0 1.0 83.5782440578 10.5384615385 0.722222222222 2.0 13.0
1.0 1.0 83.5782440578 10.5384615385 0.722222222222 2.0 13.0,0,1.0,0.5 0.5 89.0462561084 33.9230769231 0.722222222222 2.5 13.0
0.5 0.5 89.0462561084 33.9230769231 0.722222222222 2.5 13.0,2,1.0,0.5 0.5 86.5201344849 60.6153846154 0.722222222222 2.5 13.0
0.5 0.5 86.5201344849 60.6153846154 0.722222222222 2.5 13.0,1,-1.0,1.0 1.0 86.9838525381 10.9230769231 0.722222222222 2.0 13.0
1.0 1.0 86.9838525381 10.9230769231 0.722222222222 2.0 13.0,2,-1.0,1.0 1.0 71.320124212 7.69230769231 0.722222222222 2.0 13.0
1.0 1.0 71.320124212 7.69230769231 0.722222222222 2.0 13.0,1,-1.0,1.0 1.0 80.2208058983 11.0769230769 0.722222222222 1.5 13.0
1.0 1.0 80.2208058983 11.0769230769 0.722222222222 1.5 13.0,1,-1.0,1.0 1.0 80.6222882703 11.4615384615 0.722222222222 1.0 13.0
1.0 1.0 80.6222882703 11.4615384615 0.722222222222 1.0 13.0,0,1.0,1.0 1.0 80.3668191424 11.3846153846 0.722222222222 1.5 13.0
0.0 0.0 250.0 150.0 0.0 3.5 12.0,3,-1.0,0.0 0.0 250.0 150.0 0.0 3.5 13.0
0.0 0.0 250.0 150.0 0.0 3.5 13.0,4,-1.0,0.0 0.0 250.0 150.0 0.0 3.5 12.0
0.0 0.0 250.0 150.0 0.0 3.5 12.0,1,-1.0,0.0 0.0 250.0 150.0 0.0 3.0 12.0
0.0 0.0 250.0 150.0 0.0 3.0 12.0,1,1.0,0.5 0.5 72.0760883015 63.3333333333 0.666666666667 2.5 12.0
0.5 0.5 72.0760883015 63.3333333333 0.666666666667 2.5 12.0,1,-1.0,1.0 1.0 95.7862183507 17.5 0.666666666667 2.0 12.0
1.0 1.0 95.7862183507 17.5 0.666666666667 2.0 12.0,0,1.0,0.5 0.5 111.141426122 75.6666666667 0.666666666667 2.5 12.0
0.5 0.5 111.141426122 75.6666666667 0.666666666667 2.5 12.0,1,-1.0,1.0 1.0 90.4245476283 11.5833333333 0.666666666667 2.0 12.0
1.0 1.0 90.4245476283 11.5833333333 0.666666666667 2.0 12.0,3,1.0,1.0 1.0 80.6348697868 10.0 0.722222222222 2.0 13.0
1.0 1.0 80.6348697868 10.0 0.722222222222 2.0 13.0,1,-1.0,1.0 1.0 68.2474461538 7.92307692308 0.722222222222 1.5 13.0
1.0 1.0 68.2474461538 7.92307692308 0.722222222222 1.5 13.0,1,-1.0,1.0 1.0 81.1456858641 11.0 0.722222222222 1.0 13.0
1.0 1.0 81.1456858641 11.0 0.722222222222 1.0 13.0,4,-1.0,1.0 1.0 85.5078935873 11.8333333333 0.666666666667 1.0 12.0
1.0 1.0 85.5078935873 11.8333333333 0.666666666667 1.0 12.0,1,-1.0,1.0 1.0 71.7143631246 7.91666666667 0.666666666667 0.5 12.0
1.0 1.0 71.7143631246 7.91666666667 0.666666666667 0.5 12.0,3,1.0,1.0 1.0 80.1424693104 6.30769230769 0.722222222222 0.5 13.0
1.0 1.0 80.1424693104 6.30769230769 0.722222222222 0.5 13.0,3,1.0,1.0 1.0 70.3288901177 6.5 0.777777777778 0.5 14.0
1.0 1.0 70.3288901177 6.5 0.777777777778 0.5 14.0,1,-1.0,1.0 1.0 68.5288455982 10.6428571429 0.777777777778 0.5 14.0
1.0 1.0 69.8952666765 6.42857142857 0.777777777778 1.0 14.0,2,-1.0,1.0 1.0 68.9676974383 11.0 0.777777777778 1.0 14.0
1.0 1.0 68.9676974383 11.0 0.777777777778 1.0 14.0,1,-1.0,1.0 1.0 68.5288455982 10.7857142857 0.777777777778 0.5 14.0
1.0 1.0 68.5288455982 10.7857142857 0.777777777778 0.5 14.0,3,1.0,1.0 1.0 67.0471815727 11.4 0.833333333333 0.5 15.0
1.0 1.0 67.0471815727 11.4 0.833333333333 0.5 15.0,2,-1.0,1.0 1.0 66.7781580725 11.7333333333 0.833333333333 0.5 15.0
1.0 1.0 66.7781580725 11.7333333333 0.833333333333 0.5 15.0,2,-1.0,1.0 1.0 67.0471815727 11.6 0.833333333333 0.5 15.0
1.0 1.0 67.0471815727 11.6 0.833333333333 0.5 15.0,4,-1.0,1.0 1.0 68.9676974383 10.8571428571 0.777777777778 0.5 14.0
1.0 1.0 68.9676974383 10.8571428571 0.777777777778 0.5 14.0,4,-1.0,1.0 1.0 82.8872795636 14.2307692308 0.722222222222 0.5 13.0
1.0 1.0 82.8872795636 14.2307692308 0.722222222222 0.5 13.0,4,-1.0,1.0 1.0 73.3249674546 13.0833333333 0.666666666667 0.5 12.0
1.0 1.0 73.3249674546 13.0833333333 0.666666666667 0.5 12.0,2,-1.0,1.0 1.0 85.1739981345 11.6666666667 0.666666666667 0.5 12.0
1.0 1.0 85.1739981345 11.6666666667 0.666666666667 0.5 12.0,3,1.0,1.0 1.0 81.1456858641 11.0769230769 0.722222222222 0.5 13.0
1.0 1.0 81.1456858641 11.0769230769 0.722222222222 0.5 13.0,0,1.0,1.0 1.0 81.1456858641 10.8461538462 0.722222222222 1.0 13.0
1.0 1.0 81.1456858641 10.8461538462 0.722222222222 1.0 13.0,4,-1.0,1.0 1.0 83.5061887785 6.83333333333 0.666666666667 1.0 12.0
1.0 1.0 83.5061887785 6.83333333333 0.666666666667 1.0 12.0,0,1.0,1.0 1.0 73.6784507262 13.0833333333 0.666666666667 1.5 12.0
1.0 1.0 73.6784507262 13.0833333333 0.666666666667 1.5 12.0,0,1.0,1.0 1.0 73.1492530164 12.8333333333 0.666666666667 2.0 12.0
1.0 1.0 73.1492530164 12.8333333333 0.666666666667 2.0 12.0,4,-1.0,1.0 1.0 75.6684981613 9.45454545455 0.611111111111 2.0 11.0
0.0 0.0 250.0 150.0 0.0 3.5 8.0,0,-1.0,0.0 0.0 250.0 150.0 0.0 4.0 8.0
0.0 0.0 250.0 150.0 0.0 4.0 8.0,3,-1.0,0.0 0.0 250.0 150.0 0.0 4.0 9.0
0.0 0.0 250.0 150.0 0.0 4.0 9.0,1,-1.0,0.0 0.0 250.0 150.0 0.0 3.5 9.0
0.0 0.0 250.0 150.0 0.0 3.5 9.0,2,-1.0,0.0 0.0 250.0 150.0 0.0 3.5 9.0
0.0 0.0 250.0 150.0 0.0 3.5 9.0,0,-1.0,0.0 0.0 250.0 150.0 0.0 4.0 9.0
0.0 0.0 250.0 150.0 0.0 4.0 9.0,2,-1.0,0.0 0.0 250.0 150.0 0.0 4.0 9.0
0.0 0.0 250.0 150.0 0.0 4.0 9.0,0,-1.0,0.0 0.0 250.0 150.0 0.0 4.0 9.0
0.0 0.0 250.0 150.0 0.0 4.0 9.0,0,-1.0,0.0 0.0 250.0 150.0 0.0 4.0 9.0
0.0 0.0 250.0 150.0 0.0 4.0 9.0,0,-1.0,0.0 0.0 250.0 150.0 0.0 4.0 9.0
0.0 0.0 250.0 150.0 0.0 4.0 9.0,1,-1.0,0.0 0.0 250.0 150.0 0.0 3.5 9.0
0.0 0.0 250.0 150.0 0.0 3.5 9.0,4,-1.0,0.0 0.0 250.0 150.0 0.0 3.5 8.0
0.0 0.0 250.0 150.0 0.0 3.5 8.0,3,-1.0,0.0 0.0 250.0 150.0 0.0 3.5 9.0
0.0 0.0 250.0 150.0 0.0 3.5 9.0,2,-1.0,0.0 0.0 250.0 150.0 0.0 3.5 9.0
0.0 0.0 250.0 150.0 0.0 3.5 9.0,4,-1.0,0.0 0.0 250.0 150.0 0.0 3.5 8.0
0.0 0.0 250.0 150.0 0.0 3.5 8.0,3,-1.0,0.0 0.0 250.0 150.0 0.0 3.5 9.0
0.0 0.0 250.0 150.0 0.0 4.0 10.0,2,-1.0,0.0 0.0 250.0 150.0 0.0 4.0 10.0
0.0 0.0 250.0 150.0 0.0 4.0 10.0,0,-1.0,0.0 0.0 250.0 150.0 0.0 4.0 10.0
0.0 0.0 250.0 150.0 0.0 4.0 10.0,1,-1.0,0.0 0.0 250.0 150.0 0.0 3.5 10.0
0.0 0.0 250.0 150.0 0.0 3.5 10.0,3,-1.0,0.0 0.0 250.0 150.0 0.0 3.5 11.0
0.0 0.0 250.0 150.0 0.0 3.5 11.0,1,-1.0,0.0 0.0 250.0 150.0 0.0 3.0 11.0
0.0 0.0 250.0 150.0 0.0 3.0 11.0,2,-1.0,0.0 0.0 250.0 150.0 0.0 3.0 11.0
0.0 0.0 250.0 150.0 0.0 3.0 11.0,3,-1.0,0.0 0.0 250.0 150.0 0.0 3.0 12.0
0.0 0.0 250.0 150.0 0.0 3.0 12.0,1,1.0,0.5 0.5 113.268253124 69.25 0.666666666667 2.5 12.0
0.5 0.5 113.268253124 69.25 0.666666666667 2.5 12.0,0,-1.0,0.0 0.0 250.0 150.0 0.0 3.0 12.0
0.0 0.0 250.0 150.0 0.0 3.0 12.0,0,-1.0,0.0 0.0 250.0 150.0 0.0 3.5 12.0
0.0 0.0 250.0 150.0 0.0 3.5 12.0,2,-1.0,0.0 0.0 250.0 150.0 0.0 3.5 12.0
0.0 0.0 250.0 150.0 0.0 3.5 12.0,1,-1.0,0.0 0.0 250.0 150.0 0.0 3.0 12.0
0.0 0.0 250.0 150.0 0.0 3.0 12.0,1,1.0,0.5 0.5 86.4165199696 65.6666666667 0.666666666667 2.5 12.0
0.5 0.5 86.4165199696 65.6666666667 0.666666666667 2.5 12.0,1,-1.0,1.0 1.0 74.83352377 11.4166666667 0.666666666667 2.0 12.0
1.0 1.0 74.83352377 11.4166666667 0.666666666667 2.0 12.0,0,1.0,0.5 0.5 104.589666505 43.5 0.666666666667 2.5 12.0
0.5 0.5 79.0510946289 43.6875 0.888888888889 2.5 16.0,2,1.0,0.5 0.5 91.4398905259 67.625 0.888888888889 2.5 16.0
0.5 0.5 91.4398905259 67.625 0.888888888889 2.5 16.0,4,-1.0,0.5 0.5 91.2911949025 40.5333333333 0.833333333333 2.5 15.0
0.5 0.5 91.2911949025 40.5333333333 0.833333333333 2.5 15.0,1,-1.0,1.0 1.0 67.4525935105 10.2 0.833333333333 2.0 15.0
1.0 1.0 67.4525935105 10.2 0.833333333333 2.0 15.0,3,1.0,1.0 1.0 70.2377464449 12.75 0.888888888889 2.0 16.0
1.0 1.0 70.2377464449 12.75 0.888888888889 2.0 16.0,3,1.0,1.0 1.0 67.0444770187 15.5294117647 0.944444444444 2.0 17.0
1.0 1.0 67.0444770187 15.5294117647 0.944444444444 2.0 17.0,3,1.0,1.0 1.0 80.674669353 17.1111111111 1.0 2.0 18.0
1.0 1.0 80.674669353 17.1111111111 1.0 2.0 18.0,1,-1.0,1.0 1.0 72.2905585788 17.7222222222 1.0 1.5 18.0
1.0 1.0 72.2905585788 17.7222222222 1.0 1.5 18.0,4,-1.0,1.0 1.0 61.6910445958 16.9411764706 0.944444444444 1.5 17.0
1.0 1.0 61.6910445958 16.9411764706 0.944444444444 1.5 17.0,3,1.0,1.0 1.0 68.1337715423 18.6666666667 1.0 1.5 18.0
1.0 1.0 68.1337715423 18.6666666667 1.0 1.5 18.0,3,-1.0,1.0 1.0 64.8727947875 19.2222222222 1.0 1.5 18.0
1.0 1.0 64.8727947875 19.2222222222 1.0 1.5 18.0,3,-1.0,1.0 1.0 66.5211488504 19.2777777778 1.0 1.5 18.0
1.0 1.0 66.5211488504 19.2777777778 1.0 1.5 18.0,1,-1.0,1.0 1.0 68.6258424984 20.4444444444 1.0 1.0 18.0
1.0 1.0 68.6258424984 20.4444444444 1.0 1.0 18.0,3,-1.0,1.0 1.0 59.4631110896 20.0 1.0 1.0 18.0
1.0 1.0 59.4631110896 20.0 1.0 1.0 18.0,2,-1.0,1.0 1.0 72.5582502731 17.5 1.0 1.0 18.0
1.0 1.0 72.5582502731 17.5 1.0 1.0 18.0,2,-1.0,1.0 1.0 70.9167837513 18.9444444444 1.0 1.0 18.0
0.0 0.0 250.0 150.0 0.0 3.5 17.0,2,-1.0,0.0 0.0 250.0 150.0 0.0 3.5 17.0
0.0 0.0 250.0 150.0 0.0 3.5 17.0,1,-1.0,0.0 0.0 250.0 150.0 0.0 3.0 17.0
0.0 0.0 250.0 150.0 0.0 3.0 17.0,1,1.0,0.5 0.5 100.949632599 136.235294118 0.944444444444 2.5 17.0
0.5 0.5 100.949632599 136.235294118 0.944444444444 2.5 17.0,3,1.0,0.5 0.5 96.6323286411 53.7222222222 1.0 2.5 18.0
0.5 0.5 96.6323286411 53.7222222222 1.0 2.5 18.0,3,1.0,0.5 0.5 93.7529784813 39.0 1.0 2.5 18.0
0.5 0.5 93.7529784813 39.0 1.0 2.5 18.0,3,1.0,0.5 0.5 83.4660812204 71.2777777778 1.0 2.5 18.0
0.5 0.5 83.4660812204 71.2777777778 1.0 2.5 18.0,4,-1.0,0.5 0.5 89.5162694989 44.3529411765 0.944444444444 2.5 17.0
0.5 0.5 89.5162694989 44.3529411765 0.944444444444 2.5 17.0,1,-1.0,1.0 1.0 72.0065765841 13.5882352941 0.944444444444 2.0 17.0
1.0 1.0 72.0065765841 13.5882352941 0.944444444444 2.0 17.0,3,1.0,1.0 1.0 68.7619961206 14.4444444444 1.0 2.0 18.0
1.0 1.0 68.7619961206 14.4444444444 1.0 2.0 18.0,2,-1.0,1.0 1.0 60.3714974443 19.1666666667 1.0 2.0 18.0
1.0 1.0 60.3714974443 19.1666666667 1.0 2.0 18.0,3,-1.0,1.0 1.0 66.3332660036 19.3333333333 1.0 2.0 18.0
1.0 1.0 66.3332660036 19.3333333333 1.0 2.0 18.0,2,-1.0,1.0 1.0 66.1261771987 19.0555555556 1.0 2.0 18.0
1.0 1.0 66.1261771987 19.0555555556 1.0 2.0 18.0,3,-1.0,1.0 1.0 73.7088352814 15.9444444444 1.0 2.0 18.0
1.0 1.0 73.7088352814 15.9444444444 1.0 2.0 18.0,3,-1.0,1.0 1.0 69.7829742087 17.6666666667 1.0 2.0 18.0
1.0 1.0 69.7829742087 17.6666666667 1.0 2.0 18.0,0,1.0,0.5 0.5 62.0595785873 40.3333333333 1.0 2.5 18.0
1.0 1.0 67.2615949669 17.7777777778 1.0 1.0 18.0,3,-1.0,1.0 1.0 72.5119012603 17.8333333333 1.0 1.0 18.0
1.0 1.0 72.5119012603 17.8333333333 1.0 1.0 18.0,0,1.0,1.0 1.0 71.5503298184 17.5555555556 1.0 1.5 18.0
1.0 1.0 71.5503298184 17.5555555556 1.0 1.5 18.0,3,-1.0,1.0 1.0 76.4250632827 18.5 1.0 1.5 18.0
1.0 1.0 76.4250632827 18.5 1.0 1.5 18.0,3,-1.0,1.0 1.0 70.8175031237 19.2777777778 1.0 1.5 18.0
1.0 1.0 70.8175031237 19.2777777778 1.0 1.5 18.0,3,-1.0,1.0 1.0 70.0463636017 17.7777777778 1.0 1.5 18.0
1.0 1.0 70.0463636017 17.7777777778 1.0 1.5 18.0,2,-1.0,1.0 1.0 68.9452225248 19.3333333333 1.0 1.5 18.0
1.0 1.0 68.9452225248 19.3333333333 1.0 1.5 18.0,2,-1.0,1.0 1.0 67.7845466107 17.7222222222 1.0 1.5 18.0
1.0 1.0 67.7845466107 17.7222222222 1.0 1.5 18.0,3,-1.0,1.0 1.0 70.8175031237 19.1111111111 1.0 1.5 18.0
1.0 1.0 70.8175031237 19.1111111111 1.0 1.5 18.0,2,-1.0,1.0 1.0 70.8175031237 19.2222222222 1.0 1.5 18.0
1.0 1.0 70.8175031237 19.2222222222 1.0 1.5 18.0,0,1.0,1.0 1.0 67.6029241759 19.2777777778 1.0 2.0 18.0
1.0 1.0 67.6029241759 19.2777777778 1.0 2.0 18.0,1,-1.0,1.0 1.0 72.2124831427 17.7222222222 1.0 1.5 18.0
1.0 1.0 72.2124831427 17.7222222222 1.0 1.5 18.0,0,1.0,1.0 1.0 70.736561318 19.1666666667 1.0 2.0 18.0
1.0 1.0 70.736561318 19.1666666667 1.0 2.0 18.0,1,-1.0,1.0 1.0 65.4862550246 19.6111111111 1.0 1.5 18.0
1.0 1.0 65.4862550246 19.6111111111 1.0 1.5 18.0,0,1.0,1.0 1.0 63.0357153867 19.0555555556 1.0 2.0 18.0
1.0 1.0 63.0357153867 19.0555555556 1.0 2.0 18.0,4,-1.0,1.0 1.0 68.8123336556 11.4705882353 0.944444444444 2.0 17.0
0.5 0.5 79.9647478594 39.3125 0.888888888889 2.5 16.0,1,-1.0,1.0 1.0 74.3784006987 23.75 0.888888888889 2.0 16.0
1.0 1.0 74.3784006987 23.75 0.888888888889 2.0 16.0,3,1.0,1.0 1.0 71.373475518 23.0588235294 0.944444444444 2.0 17.0
1.0 1.0 71.373475518 23.0588235294 0.944444444444 2.0 17.0,2,-1.0,1.0 1.0 60.1412021157 22.2941176471 0.944444444444 2.0 17.0
1.0 1.0 60.1412021157 22.2941176471 0.944444444444 2.0 17.0,3,1.0,1.0 1.0 71.0659929953 21.8333333333 1.0 2.0 18.0
1.0 1.0 71.0659929953 21.8333333333 1.0 2.0 18.0,0,1.0,0.5 0.5 96.2921414563 34.2222222222 1.0 2.5 18.0
0.5 0.5 96.2921414563 34.2222222222 1.0 2.5 18.0,1,-1.0,1.0 1.0 76.0772449102 17.4444444444 1.0 2.0 18.0
1.0 1.0 76.0772449102 17.4444444444 1.0 2.0 18.0,0,1.0,0.5 0.5 88.4314723299 39.3333333333 1.0 2.5 18.0
0.5 0.5 88.4314723299 39.3333333333 1.0 2.5 18.0,0,-1.0,0.0 0.0 250.0 150.0 0.0 3.0 18.0
0.0 0.0 250.0 150.0 0.0 3.0 18.0,1,1.0,0.5 0.5 95.4147210869 79.0 1.0 2.5 18.0
0.5 0.5 95.4147210869 79.0 1.0 2.5 18.0,1,-1.0,1.0 1.0 67.2645630932 21.5555555556 1.0 2.0 18.0
1.0 1.0 67.2645630932 21.5555555556 1.0 2.0 18.0,2,-1.0,1.0 1.0 75.0252773287 16.8333333333 1.0 2.0 18.0
1.0 1.0 75.0252773287 16.8333333333 1.0 2.0 18.0,3,-1.0,1.0 1.0 68.9948598099 18.3333333333 1.0 2.0 18.0
1.0 1.0 68.9948598099 18.3333333333 1.0 2.0 18.0,0,1.0,0.5 0.5 94.9619687528 75.0555555556 1.0 2.5 18.0
0.5 0.5 94.9619687528 75.0555555556 1.0 2.5 18.0,2,1.0,0.5 0.5 81.910232251 51.2222222222 1.0 2.5 18.0
0.5 0.5 81.910232251 51.2222222222 1.0 2.5 18.0,1,-1.0,1.0 1.0 79.02184566 20.5555555556 1.0 2.0 18.0
1.0 1.0 70.6211358843 15.1333333333 0.833333333333 1.0 15.0,0,1.0,1.0 1.0 70.5200691036 15.0666666667 0.833333333333 1.5 15.0
1.0 1.0 70.5200691036 15.0666666667 0.833333333333 1.5 15.0,0,1.0,1.0 1.0 68.8020562602 9.53333333333 0.833333333333 2.0 15.0
1.0 1.0 68.8020562602 9.53333333333 0.833333333333 2.0 15.0,0,1.0,0.5 0.5 85.3507675191 43.5333333333 0.833333333333 2.5 15.0
0.5 0.5 85.3507675191 43.5333333333 0.833333333333 2.5 15.0,2,-1.0,0.5 0.5 58.9875989762 52.8666666667 0.833333333333 2.5 15.0
0.5 0.5 58.9875989762 52.8666666667 0.833333333333 2.5 15.0,4,-1.0,0.5 0.5 81.249557397 36.7857142857 0.777777777778 2.5 14.0
0.5 0.5 81.249557397 36.7857142857 0.777777777778 2.5 14.0,1,-1.0,1.0 1.0 59.8156358707 20.2142857143 0.777777777778 2.0 14.0
1.0 1.0 59.8156358707 20.2142857143 0.777777777778 2.0 14.0,3,1.0,1.0 1.0 57.0843563637 12.6666666667 0.833333333333 2.0 15.0
1.0 1.0 57.0843563637 12.6666666667 0.833333333333 2.0 15.0,3,1.0,1.0 1.0 68.6416194069 18.0 0.888888888889 2.0 16.0
1.0 1.0 68.6416194069 18.0 0.888888888889 2.0 16.0,0,1.0,0.5 0.5 75.1526882008 33.4375 0.888888888889 2.5 16.0
0.5 0.5 75.1526882008 33.4375 0.888888888889 2.5 16.0,4,-1.0,0.5 0.5 72.4631410603 54.3333333333 0.833333333333 2.5 15.0
0.5 0.5 72.4631410603 54.3333333333 0.833333333333 2.5 15.0,2,-1.0,0.5 0.5 91.0928356653 43.8 0.833333333333 2.5 15.0
0.5 0.5 91.0928356653 43.8 0.833333333333 2.5 15.0,2,-1.0,0.5 0.5 90.0506824274 51.8 0.833333333333 2.5 15.0
0.5 0.5 90.0506824274 51.8 0.833333333333 2.5 15.0,1,-1.0,1.0 1.0 59.5367454058 13.5333333333 0.833333333333 2.0 15.0
1.0 1.0 59.5367454058 13.5333333333 0.833333333333 2.0 15.0,0,1.0,0.5 0.5 84.7855561274 45.2 0.833333333333 2.5 15.0
0.5 0.5 84.7855561274 45.2 0.833333333333 2.5 15.0,3,1.0,0.5 0.5 76.1068839264 53.3125 0.888888888889 2.5 16.0
1.0 1.0 70.1732289847 17.9444444444 1.0 0.5 18.0,0,1.0,1.0 1.0 69.4309892338 17.7777777778 1.0 1.0 18.0
1.0 1.0 69.4309892338 17.7777777778 1.0 1.0 18.0,0,1.0,1.0 1.0 68.3094512994 19.1111111111 1.0 1.5 18.0
1.0 1.0 68.3094512994 19.1111111111 1.0 1.5 18.0,2,-1.0,1.0 1.0 73.8568241374 18.2777777778 1.0 1.5 18.0
1.0 1.0 73.8568241374 18.2777777778 1.0 1.5 18.0,0,1.0,1.0 1.0 65.0948723517 18.6666666667 1.0 2.0 18.0
1.0 1.0 65.0948723517 18.6666666667 1.0 2.0 18.0,0,1.0,0.5 0.5 86.3383063466 58.7777777778 1.0 2.5 18.0
0.5 0.5 86.3383063466 58.7777777778 1.0 2.5 18.0,0,-1.0,0.0 0.0 250.0 150.0 0.0 3.0 18.0
0.0 0.0 250.0 150.0 0.0 3.0 18.0,1,1.0,0.5 0.5 83.0045241733 83.2777777778 1.0 2.5 18.0
0.5 0.5 83.0045241733 83.2777777778 1.0 2.5 18.0,1,-1.0,1.0 1.0 67.9720860992 18.1666666667 1.0 2.0 18.0
1.0 1.0 67.9720860992 18.1666666667 1.0 2.0 18.0,0,1.0,0.5 0.5 97.9212161906 46.3333333333 1.0 2.5 18.0
0.5 0.5 97.9212161906 46.3333333333 1.0 2.5 18.0,3,1.0,0.5 0.5 80.2424754182 36.0555555556 1.0 2.5 18.0
0.5 0.5 80.2424754182 36.0555555556 1.0 2.5 18.0,3,1.0,0.5 0.5 97.9055443994 47.1666666667 1.0 2.5 18.0
0.5 0.5 97.9055443994 47.1666666667 1.0 2.5 18.0,1,-1.0,1.0 1.0 61.3168354709 17.2777777778 1.0 2.0 18.0
1.0 1.0 61.3168354709 17.2777777778 1.0 2.0 18.0,0,1.0,0.5 0.5 70.9364184074 26.5 1.0 2.5 18.0
0.5 0.5 70.9364184074 26.5 1.0 2.5 18.0,1,-1.0,1.0 1.0 70.2757145526 17.5555555556 1.0 2.0 18.0
1.0 1.0 70.2757145526 17.5555555556 1.0 2.0 18.0,0,1.0,0.5 0.5 79.5981512635 38.3333333333 1.0 2.5 18.0
1.0 1.0 69.7277455126 19.1666666667 1.0 1.5 18.0,0,1.0,1.0 1.0 66.1718373558 19.0 1.0 2.0 18.0
1.0 1.0 66.1718373558 19.0 1.0 2.0 18.0,0,1.0,0.5 0.5 76.9732082024 62.8888888889 1.0 2.5 18.0
0.5 0.5 76.9732082024 62.8888888889 1.0 2.5 18.0,1,-1.0,1.0 1.0 66.2790530757 17.4444444444 1.0 2.0 18.0
1.0 1.0 66.2790530757 17.4444444444 1.0 2.0 18.0,0,1.0,0.5 0.5 85.8564087269 98.5 1.0 2.5 18.0
0.5 0.5 85.8564087269 98.5 1.0 2.5 18.0,4,-1.0,0.5 0.5 82.8984879931 40.5882352941 0.944444444444 2.5 17.0
0.5 0.5 82.8984879931 40.5882352941 0.944444444444 2.5 17.0,3,1.0,0.5 0.5 94.9297154936 56.6666666667 1.0 2.5 18.0
0.5 0.5 94.9297154936 56.6666666667 1.0 2.5 18.0,2,1.0,0.5 0.5 84.5480813757 46.6111111111 1.0 2.5 18.0
0.5 0.5 84.5480813757 46.6111111111 1.0 2.5 18.0,4,-1.0,0.5 0.5 81.8944178337 47.8823529412 0.944444444444 2.5 17.0
0.5 0.5 81.8944178337 47.8823529412 0.944444444444 2.5 17.0,3,1.0,0.5 0.5 90.6647748667 45.7777777778 1.0 2.5 18.0
0.5 0.5 90.6647748667 45.7777777778 1.0 2.5 18.0,3,1.0,0.5 0.5 106.999455287 80.1111111111 1.0 2.5 18.0
0.5 0.5 106.999455287 80.1111111111 1.0 2.5 18.0,4,-1.0,0.5 0.5 79.5294624598 27.0588235294 0.944444444444 2.5 17.0
0.5 0.5 79.5294624598 27.0588235294 0.944444444444 2.5 17.0,3,1.0,0.5 0.5 89.4604702052 44.7777777778 1.0 2.5 18.0
0.5 0.5 89.4604702052 44.7777777778 1.0 2.5 18.0,1,-1.0,1.0 1.0 70.2757145526 17.6666666667 1.0 2.0 18.0
1.0 1.0 70.2757145526 17.6666666667 1.0 2.0 18.0,0,1.0,0.5 0.5 69.3352859803 55.0 1.0 2.5 18.0
0.5 0.5 69.3352859803 55.0 1.0 2.5 18.0,3,1.0,0.5 0.5 74.0096796567 32.3888888889 1.0 2.5 18.0
1.0 1.0 76.2599559069 23.1111111111 1.0 1.5 18.0,0,1.0,1.0 1.0 70.56279465 21.5555555556 1.0 2.0 18.0
1.0 1.0 70.56279465 21.5555555556 1.0 2.0 18.0,0,1.0,0.5 0.5 98.2722368036 47.6666666667 1.0 2.5 18.0
0.5 0.5 98.2722368036 47.6666666667 1.0 2.5 18.0,3,1.0,0.5 0.5 70.2164050544 53.2222222222 1.0 2.5 18.0
0.5 0.5 70.2164050544 53.2222222222 1.0 2.5 18.0,3,1.0,0.5 0.5 80.4548823812 46.2222222222 1.0 2.5 18.0
0.5 0.5 80.4548823812 46.2222222222 1.0 2.5 18.0,3,1.0,0.5 0.5 105.000374723 46.6111111111 1.0 2.5 18.0
0.5 0.5 105.000374723 46.6111111111 1.0 2.5 18.0,3,1.0,0.5 0.5 95.8910675084 91.0 1.0 2.5 18.0
0.5 0.5 95.8910675084 91.0 1.0 2.5 18.0,3,1.0,0.5 0.5 72.7615723613 38.7777777778 1.0 2.5 18.0
0.5 0.5 72.7615723613 38.7777777778 1.0 2.5 18.0,0,-1.0,0.0 0.0 250.0 150.0 0.0 3.0 18.0
0.0 0.0 250.0 150.0 0.0 3.0 18.0,1,1.0,0.5 0.5 70.2567140279 97.7222222222 1.0 2.5 18.0
0.5 0.5 70.2567140279 97.7222222222 1.0 2.5 18.0,3,1.0,0.5 0.5 71.9859433511 54.0 1.0 2.5 18.0
0.5 0.5 71.9859433511 54.0 1.0 2.5 18.0,3,1.0,0.5 0.5 87.3345129661 33.1111111111 1.0 2.5 18.0
0.5 0.5 87.3345129661 33.1111111111 1.0 2.5 18.0,3,1.0,0.5 0.5 71.5343111482 50.1666666667 1.0 2.5 18.0
0.5 0.5 71.5343111482 50.1666666667 1.0 2.5 18.0,3,1.0,0.5 0.5 86.3512016744 60.1111111111 1.0 2.5 18.0
0.5 0.5 86.3512016744 60.1111111111 1.0 2.5 18.0,3,1.0,0.5 0.5 84.3258692532 68.8888888889 1.0 2.5 18.0
0.5 0.5 84.3258692532 68.8888888889 1.0 2.5 18.0,4,-1.0,0.5 0.5 87.2794248544 43.0588235294 0.944444444444 2.5 17.0
0.0 0.0 250.0 150.0 0.0 4.0 17.0,1,-1.0,0.0 0.0 250.0 150.0 0.0 3.5 17.0
0.0 0.0 250.0 150.0 0.0 3.5 17.0,1,-1.0,0.0 0.0 250.0 150.0 0.0 3.0 17.0
0.0 0.0 250.0 150.0 0.0 3.0 17.0,1,1.0,0.5 0.5 93.407410691 73.3529411765 0.944444444444 2.5 17.0
0.5 0.5 93.407410691 73.3529411765 0.944444444444 2.5 17.0,3,1.0,0.5 0.5 76.03402722 61.1666666667 1.0 2.5 18.0
0.5 0.5 76.03402722 61.1666666667 1.0 2.5 18.0,3,1.0,0.5 0.5 77.8031260985 22.5555555556 1.0 2.5 18.0
0.5 0.5 77.8031260985 22.5555555556 1.0 2.5 18.0,3,1.0,0.5 0.5 78.1129172988 43.0 1.0 2.5 18.0
0.5 0.5 78.1129172988 43.0 1.0 2.5 18.0,3,1.0,0.5 0.5 76.2788211472 44.2222222222 1.0 2.5 18.0
0.5 0.5 76.2788211472 44.2222222222 1.0 2.5 18.0,3,1.0,0.5 0.5 87.436648495 73.5555555556 1.0 2.5 18.0
0.5 0.5 87.436648495 73.5555555556 1.0 2.5 18.0,3,1.0,0.5 0.5 85.526237791 43.5 1.0 2.5 18.0
0.5 0.5 85.526237791 43.5 1.0 2.5 18.0,3,1.0,0.5 0.5 100.299030055 71.5555555556 1.0 2.5 18.0
0.5 0.5 100.299030055 71.5555555556 1.0 2.5 18.0,3,1.0,0.5 0.5 87.1969863307 60.0 1.0 2.5 18.0
0.5 0.5 87.1969863307 60.0 1.0 2.5 18.0,3,1.0,0.5 0.5 99.2385581714 42.7222222222 1.0 2.5 18.0
0.5 0.5 99.2385581714 42.7222222222 1.0 2.5 18.0,3,1.0,0.5 0.5 67.6422903095 35.6666666667 1.0 2.5 18.0
0.5 0.5 67.6422903095 35.6666666667 1.0 2.5 18.0,3,1.0,0.5 0.5 84.6936624725 29.0555555556 1.0 2.5 18.0
0.5 0.5 84.6936624725 29.0555555556 1.0 2.5 18.0,3,1.0,0.5 0.5 81.1336655836 34.0555555556 1.0 2.5 18.0
1.0 1.0 63.5456666593 16.9411764706 0.944444444444 2.0 17.0,3,1.0,1.0 1.0 71.337015914 17.5555555556 1.0 2.0 18.0
1.0 1.0 71.337015914 17.5555555556 1.0 2.0 18.0,0,1.0,0.5 0.5 74.7939816687 38.3333333333 1.0 2.5 18.0
0.5 0.5 74.7939816687 38.3333333333 1.0 2.5 18.0,3,1.0,0.5 0.5 68.7851638574 56.4444444444 1.0 2.5 18.0
0.5 0.5 68.7851638574 56.4444444444 1.0 2.5 18.0,3,1.0,0.5 0.5 81.4832809091 61.5 1.0 2.5 18.0
0.5 0.5 81.4832809091 61.5 1.0 2.5 18.0,3,1.0,0.5 0.5 72.2916119268 42.3333333333 1.0 2.5 18.0
0.5 0.5 72.2916119268 42.3333333333 1.0 2.5 18.0,3,1.0,0.5 0.5 90.0550538555 36.7222222222 1.0 2.5 18.0
0.5 0.5 90.0550538555 36.7222222222 1.0 2.5 18.0,3,1.0,0.5 0.5 95.9587287784 42.4444444444 1.0 2.5 18.0
0.5 0.5 95.9587287784 42.4444444444 1.0 2.5 18.0,1,-1.0,1.0 1.0 69.5878951191 17.8888888889 1.0 2.0 18.0
1.0 1.0 69.5878951191 17.8888888889 1.0 2.0 18.0,0,1.0,0.5 0.5 92.014350417 35.7777777778 1.0 2.5 18.0
0.5 0.5 92.014350417 35.7777777778 1.0 2.5 18.0,3,1.0,0.5 0.5 107.226009566 42.3333333333 1.0 2.5 18.0
0.5 0.5 107.226009566 42.3333333333 1.0 2.5 18.0,3,1.0,0.5 0.5 79.19604655 37.3333333333 1.0 2.5 18.0
0.5 0.5 79.19604655 37.3333333333 1.0 2.5 18.0,3,1.0,0.5 0.5 77.2067850991 46.3333333333 1.0 2.5 18.0
0.5 0.5 77.2067850991 46.3333333333 1.0 2.5 18.0,3,1.0,0.5 0.5 73.3853876524 54.5555555556 1.0 2.5 18.0
0.5 0.5 73.3853876524 54.5555555556 1.0 2.5 18.0,3,1.0,0.5 0.5 85.0475066316 38.8888888889 1.0 2.5 18.0
0.5 0.5 85.0475066316 38.8888888889 1.0 2.5 18.0,3,1.0,0.5 0.5 88.7520553806 36.0555555556 1.0 2.5 18.0
1.0 1.0 68.9901310068 15.7222222222 1.0 1.5 18.0,0,1.0,1.0 1.0 68.334754449 16.0 1.0 2.0 18.0
1.0 1.0 68.334754449 16.0 1.0 2.0 18.0,0,1.0,0.5 0.5 102.61087914 37.2777777778 1.0 2.5 18.0
0.5 0.5 102.61087914 37.2777777778 1.0 2.5 18.0,3,1.0,0.5 0.5 99.9495945386 63.2222222222 1.0 2.5 18.0
0.5 0.5 99.9495945386 63.2222222222 1.0 2.5 18.0,3,1.0,0.5 0.5 75.6717741103 66.5 1.0 2.5 18.0
0.5 0.5 75.6717741103 66.5 1.0 2.5 18.0,3,1.0,0.5 0.5 84.6626488628 42.7777777778 1.0 2.5 18.0
0.5 0.5 84.6626488628 42.7777777778 1.0 2.5 18.0,3,1.0,0.5 0.5 80.0335143936 49.1666666667 1.0 2.5 18.0
0.5 0.5 80.0335143936 49.1666666667 1.0 2.5 18.0,3,1.0,0.5 0.5 75.7567699505 29.3888888889 1.0 2.5 18.0
0.5 0.5 75.7567699505 29.3888888889 1.0 2.5 18.0,3,1.0,0.5 0.5 70.7390767045 37.0555555556 1.0 2.5 18.0
0.5 0.5 70.7390767045 37.0555555556 1.0 2.5 18.0,3,1.0,0.5 0.5 91.1445707038 45.2222222222 1.0 2.5 18.0
0.5 0.5 91.1445707038 45.2222222222 1.0 2.5 18.0,3,1.0,0.5 0.5 101.689710421 67.2777777778 1.0 2.5 18.0
0.5 0.5 101.689710421 67.2777777778 1.0 2.5 18.0,3,1.0,0.5 0.5 82.3935433639 63.7777777778 1.0 2.5 18.0
0.5 0.5 82.3935433639 63.7777777778 1.0 2.5 18.0,3,1.0,0.5 0.5 74.9720262993 65.4444444444 1.0 2.5 18.0
0.5 0.5 74.9720262993 65.4444444444 1.0 2.5 18.0,3,1.0,0.5 0.5 92.3156310829 60.3888888889 1.0 2.5 18.0
0.5 0.5 92.3156310829 60.3888888889 1.0 2.5 18.0,3,1.0,0.5 0.5 59.2861833132 27.6666666667 1.0 2.5 18.0
0.5 0.5 59.2861833132 27.6666666667 1.0 2.5 18.0,3,1.0,0.5 0.5 80.0642398722 46.7222222222 1.0 2.5 18.0
0.0 0.0 250.0 150.0 0.0 3.0 18.0,1,1.0,0.5 0.5 72.6779086484 99.0 1.0 2.5 18.0
0.5 0.5 72.6779086484 99.0 1.0 2.5 18.0,3,1.0,0.5 0.5 78.8348128289 35.7777777778 1.0 2.5 18.0
0.5 0.5 78.8348128289 35.7777777778 1.0 2.5 18.0,3,1.0,0.5 0.5 68.9413189709 53.3333333333 1.0 2.5 18.0
0.5 0.5 68.9413189709 53.3333333333 1.0 2.5 18.0,3,1.0,0.5 0.5 89.9118519732 63.2222222222 1.0 2.5 18.0
0.5 0.5 89.9118519732 63.2222222222 1.0 2.5 18.0,3,1.0,0.5 0.5 88.2657749494 41.6666666667 1.0 2.5 18.0
0.5 0.5 88.2657749494 41.6666666667 1.0 2.5 18.0,3,1.0,0.5 0.5 73.784777956 30.2777777778 1.0 2.5 18.0
0.5 0.5 73.784777956 30.2777777778 1.0 2.5 18.0,3,1.0,0.5 0.5 64.775875154 39.3333333333 1.0 2.5 18.0
0.5 0.5 64.775875154 39.3333333333 1.0 2.5 18.0,3,1.0,0.5 0.5 107.042813345 79.0 1.0 2.5 18.0
0.5 0.5 107.042813345 79.0 1.0 2.5 18.0,3,1.0,0.5 0.5 88.8243899436 46.2777777778 1.0 2.5 18.0
0.5 0.5 88.8243899436 46.2777777778 1.0 2.5 18.0,3,1.0,0.5 0.5 81.9779173678 32.5 1.0 2.5 18.0
0.5 0.5 81.9779173678 32.5 1.0 2.5 18.0,3,1.0,0.5 0.5 78.1202920126 45.3888888889 1.0 2.5 18.0
0.5 0.5 78.1202920126 45.3888888889 1.0 2.5 18.0,3,1.0,0.5 0.5 82.6810899214 57.7222222222 1.0 2.5 18.0
0.5 0.5 82.6810899214 57.7222222222 1.0 2.5 18.0,2,1.0,0.5 0.5 96.4582100208 38.5 1.0 2.5 18.0
0.5 0.5 96.4582100208 38.5 1.0 2.5 18.0,3,1.0,0.5 0.5 76.9403377377 28.6666666667 1.0 2.5 18.0
0.5 0.5 76.9403377377 28.6666666667 1.0 2.5 18.0,3,1.0,0.5 0.5 83.1215415181 48.2222222222 1.0 2.5 18.0
0.0 0.0 250.0 150.0 0.0 3.5 15.0,1,-1.0,0.0 0.0 250.0 150.0 0.0 3.0 15.0
0.0 0.0 250.0 150.0 0.0 3.0 15.0,1,1.0,0.5 0.5 96.3856408905 86.3333333333 0.833333333333 2.5 15.0
0.5 0.5 96.3856408905 86.3333333333 0.833333333333 2.5 15.0,3,1.0,0.5 0.5 59.2248646375 44.625 0.888888888889 2.5 16.0
0.5 0.5 59.2248646375 44.625 0.888888888889 2.5 16.0,3,1.0,0.5 0.5 58.2430177994 41.7058823529 0.944444444444 2.5 17.0
0.5 0.5 58.2430177994 41.7058823529 0.944444444444 2.5 17.0,3,1.0,0.5 0.5 82.7027468326 41.7222222222 1.0 2.5 18.0
0.5 0.5 82.7027468326 41.7222222222 1.0 2.5 18.0,3,1.0,0.5 0.5 74.4392658959 42.5 1.0 2.5 18.0
0.5 0.5 74.4392658959 42.5 1.0 2.5 18.0,3,1.0,0.5 0.5 67.0606248621 62.1666666667 1.0 2.5 18.0
0.5 0.5 67.0606248621 62.1666666667 1.0 2.5 18.0,3,1.0,0.5 0.5 79.1962217606 28.4444444444 1.0 2.5 18.0
0.5 0.5 79.1962217606 28.4444444444 1.0 2.5 18.0,3,1.0,0.5 0.5 79.8429115613 35.7222222222 1.0 2.5 18.0
0.5 0.5 79.8429115613 35.7222222222 1.0 2.5 18.0,3,1.0,0.5 0.5 88.4769252926 66.8888888889 1.0 2.5 18.0
0.5 0.5 88.4769252926 66.8888888889 1.0 2.5 18.0,3,1.0,0.5 0.5 104.514633673 36.4444444444 1.0 2.5 18.0
0.5 0.5 104.514633673 36.4444444444 1.0 2.5 18.0,3,1.0,0.5 0.5 87.3368191764 42.0555555556 1.0 2.5 18.0
0.5 0.5 87.3368191764 42.0555555556 1.0 2.5 18.0,3,1.0,0.5 0.5 88.5477732545 70.3888888889 1.0 2.5 18.0
0.5 0.5 88.5477732545 70.3888888889 1.0 2.5 18.0,3,1.0,0.5 0.5 99.8095869639 27.7222222222 1.0 2.5 18.0
0.5 0.5 99.8095869639 27.7222222222 1.0 2.5 18.0,3,1.0,0.5 0.5 89.9349971567 60.1666666667 1.0 2.5 18.0
1.0 1.0 72.6567034615 14.2352941176 0.944444444444 1.5 17.0,0,1.0,1.0 1.0 63.3519639426 15.4705882353 0.944444444444 2.0 17.0
1.0 1.0 63.3519639426 15.4705882353 0.944444444444 2.0 17.0,3,1.0,1.0 1.0 76.597291942 18.1111111111 1.0 2.0 18.0
1.0 1.0 76.597291942 18.1111111111 1.0 2.0 18.0,0,1.0,0.5 0.5 78.8412932411 55.7222222222 1.0 2.5 18.0
0.5 0.5 78.8412932411 55.7222222222 1.0 2.5 18.0,3,1.0,0.5 0.5 79.2541984703 49.7222222222 1.0 2.5 18.0
0.5 0.5 79.2541984703 49.7222222222 1.0 2.5 18.0,3,1.0,0.5 0.5 100.841104762 94.8333333333 1.0 2.5 18.0
0.5 0.5 100.841104762 94.8333333333 1.0 2.5 18.0,3,1.0,0.5 0.5 79.4791263467 38.7777777778 1.0 2.5 18.0
0.5 0.5 79.4791263467 38.7777777778 1.0 2.5 18.0,3,1.0,0.5 0.5 85.9824552644 76.2777777778 1.0 2.5 18.0
0.5 0.5 85.9824552644 76.2777777778 1.0 2.5 18.0,3,1.0,0.5 0.5 82.2116478749 56.7222222222 1.0 2.5 18.0
0.5 0.5 82.2116478749 56.7222222222 1.0 2.5 18.0,3,1.0,0.5 0.5 78.9991518723 68.6666666667 1.0 2.5 18.0
0.5 0.5 78.9991518723 68.6666666667 1.0 2.5 18.0,3,1.0,0.5 0.5 100.954037847 27.8888888889 1.0 2.5 18.0
0.5 0.5 100.954037847 27.8888888889 1.0 2.5 18.0,3,1.0,0.5 0.5 87.8550152345 48.3333333333 1.0 2.5 18.0
0.5 0.5 87.8550152345 48.3333333333 1.0 2.5 18.0,3,1.0,0.5 0.5 79.1401511699 53.3333333333 1.0 2.5 18.0
0.5 0.5 79.1401511699 53.3333333333 1.0 2.5 18.0,3,1.0,0.5 0.5 75.2632960409 30.7222222222 1.0 2.5 18.0
0.5 0.5 75.2632960409 30.7222222222 1.0 2.5 18.0,3,1.0,0.5 0.5 83.5713003302 42.1111111111 1.0 2.5 18.0
0.5 0.5 83.5713003302 42.1111111111 1.0 2.5 18.0,3,1.0,0.5 0.5 87.0117413585 44.8888888889 1.0 2.5 18.0
1.0 1.0 78.3953512127 21.2777777778 1.0 1.0 18.0,0,1.0,1.0 1.0 70.2779964694 16.8333333333 1.0 1.5 18.0
1.0 1.0 70.2779964694 16.8333333333 1.0 1.5 18.0,0,1.0,1.0 1.0 69.6051506908 17.7777777778 1.0 2.0 18.0
1.0 1.0 69.6051506908 17.7777777778 1.0 2.0 18.0,0,1.0,0.5 0.5 79.9603049341 33.6666666667 1.0 2.5 18.0
0.5 0.5 79.9603049341 33.6666666667 1.0 2.5 18.0,3,1.0,0.5 0.5 75.7599937256 48.5555555556 1.0 2.5 18.0
0.5 0.5 75.7599937256 48.5555555556 1.0 2.5 18.0,3,1.0,0.5 0.5 75.2331286544 35.4444444444 1.0 2.5 18.0
0.5 0.5 75.2331286544 35.4444444444 1.0 2.5 18.0,2,1.0,0.5 0.5 70.666441021 18.0 1.0 2.5 18.0
0.5 0.5 70.666441021 18.0 1.0 2.5 18.0,3,1.0,0.5 0.5 83.8754712793 59.8888888889 1.0 2.5 18.0
0.5 0.5 83.8754712793 59.8888888889 1.0 2.5 18.0,3,1.0,0.5 0.5 75.70999993 18.9444444444 1.0 2.5 18.0
0.5 0.5 75.70999993 18.9444444444 1.0 2.5 18.0,3,1.0,0.5 0.5 68.0070963072 32.7222222222 1.0 2.5 18.0
0.5 0.5 68.0070963072 32.7222222222 1.0 2.5 18.0,3,1.0,0.5 0.5 91.8710426212 57.1666666667 1.0 2.5 18.0
0.5 0.5 91.8710426212 57.1666666667 1.0 2.5 18.0,3,1.0,0.5 0.5 90.3166999126 53.8333333333 1.0 2.5 18.0
0.5 0.5 90.3166999126 53.8333333333 1.0 2.5 18.0,3,1.0,0.5 0.5 69.5779363287 41.6111111111 1.0 2.5 18.0
0.5 0.5 69.5779363287 41.6111111111 1.0 2.5 18.0,2,1.0,0.5 0.5 95.8848141656 87.3333333333 1.0 2.5 18.0
0.5 0.5 95.8848141656 87.3333333333 1.0 2.5 18.0,3,1.0,0.5 0.5 90.3681019375 30.6111111111 1.0 2.5 18.0
0.5 0.5 90.3681019375 30.6111111111 1.0 2.5 18.0,3,1.0,0.5 0.5 78.6457247615 28.1666666667 1.0 2.5 18.0
0.5 0.5 79.1241923334 47.3888888889 1.0 2.5 18.0,3,1.0,0.5 0.5 89.0379729919 49.1111111111 1.0 2.5 18.0
0.5 0.5 89.0379729919 49.1111111111 1.0 2.5 18.0,3,1.0,0.5 0.5 78.617546232 34.2777777778 1.0 2.5 18.0
0.5 0.5 78.617546232 34.2777777778 1.0 2.5 18.0,3,1.0,0.5 0.5 77.2826094236 28.7222222222 1.0 2.5 18.0
0.5 0.5 77.2826094236 28.7222222222 1.0 2.5 18.0,3,1.0,0.5 0.5 90.2971250478 54.2777777778 1.0 2.5 18.0
0.5 0.5 90.2971250478 54.2777777778 1.0 2.5 18.0,3,1.0,0.5 0.5 81.5632227153 45.3888888889 1.0 2.5 18.0
0.5 0.5 81.5632227153 45.3888888889 1.0 2.5 18.0,3,1.0,0.5 0.5 90.4483063296 44.6111111111 1.0 2.5 18.0
0.5 0.5 90.4483063296 44.6111111111 1.0 2.5 18.0,3,1.0,0.5 0.5 78.0015704562 48.6666666667 1.0 2.5 18.0
0.5 0.5 78.0015704562 48.6666666667 1.0 2.5 18.0,3,1.0,0.5 0.5 86.2336109034 32.3888888889 1.0 2.5 18.0
0.5 0.5 86.2336109034 32.3888888889 1.0 2.5 18.0,3,1.0,0.5 0.5 78.0238342146 47.4444444444 1.0 2.5 18.0
0.5 0.5 78.0238342146 47.4444444444 1.0 2.5 18.0,3,1.0,0.5 0.5 90.3468442393 46.8333333333 1.0 2.5 18.0
0.5 0.5 90.3468442393 46.8333333333 1.0 2.5 18.0,3,1.0,0.5 0.5 101.343035231 36.3333333333 1.0 2.5 18.0
0.5 0.5 101.343035231 36.3333333333 1.0 2.5 18.0,3,1.0,0.5 0.5 69.6565531322 72.3333333333 1.0 2.5 18.0
0.5 0.5 69.6565531322 72.3333333333 1.0 2.5 18.0,3,1.0,0.5 0.5 101.055885868 72.1666666667 1.0 2.5 18.0
0.5 0.5 101.055885868 72.1666666667 1.0 2.5 18.0,3,1.0,0.5 0.5 93.6882137873 63.7777777778 1.0 2.5 18.0
0.5 0.5 93.6882137873 63.7777777778 1.0 2.5 18.0,3,1.0,0.5 0.5 72.3026376029 19.7222222222 1.0 2.5 18.0
0.0 0.0 250.0 150.0 0.0 4.0 17.0,3,-1.0,0.0 0.0 250.0 150.0 0.0 4.0 18.0
0.0 0.0 250.0 150.0 0.0 4.0 18.0,1,-1.0,0.0 0.0 250.0 150.0 0.0 3.5 18.0
0.0 0.0 250.0 150.0 0.0 3.5 18.0,1,-1.0,0.0 0.0 250.0 150.0 0.0 3.0 18.0
0.0 0.0 250.0 150.0 0.0 3.0 18.0,1,1.0,0.5 0.5 66.3490688475 103.0 1.0 2.5 18.0
0.5 0.5 66.3490688475 103.0 1.0 2.5 18.0,3,1.0,0.5 0.5 72.2296839412 70.6666666667 1.0 2.5 18.0
0.5 0.5 72.2296839412 70.6666666667 1.0 2.5 18.0,3,1.0,0.5 0.5 80.4991568508 48.3333333333 1.0 2.5 18.0
0.5 0.5 80.4991568508 48.3333333333 1.0 2.5 18.0,3,1.0,0.5 0.5 79.9163538482 85.6111111111 1.0 2.5 18.0
0.5 0.5 79.9163538482 85.6111111111 1.0 2.5 18.0,3,1.0,0.5 0.5 79.3023104304 51.5555555556 1.0 2.5 18.0
0.5 0.5 79.3023104304 51.5555555556 1.0 2.5 18.0,3,1.0,0.5 0.5 84.0927688068 68.1666666667 1.0 2.5 18.0
0.5 0.5 84.0927688068 68.1666666667 1.0 2.5 18.0,3,1.0,0.5 0.5 68.4853894057 52.2777777778 1.0 2.5 18.0
0.5 0.5 68.4853894057 52.2777777778 1.0 2.5 18.0,3,1.0,0.5 0.5 82.2546151078 49.2777777778 1.0 2.5 18.0
0.5 0.5 82.2546151078 49.2777777778 1.0 2.5 18.0,3,1.0,0.5 0.5 92.3441052171 33.1111111111 1.0 2.5 18.0
0.5 0.5 92.3441052171 33.1111111111 1.0 2.5 18.0,3,1.0,0.5 0.5 98.7028208216 34.1111111111 1.0 2.5 18.0
0.5 0.5 98.7028208216 34.1111111111 1.0 2.5 18.0,3,1.0,0.5 0.5 69.5703822706 47.0555555556 1.0 2.5 18.0
0.5 0.5 69.5703822706 47.0555555556 1.0 2.5 18.0,3,1.0,0.5 0.5 74.8828826733 24.3333333333 1.0 2.5 18.0
1.0 1.0 81.2788431442 11.9285714286 0.777777777778 1.0 14.0,3,1.0,1.0 1.0 57.9249021187 14.4666666667 0.833333333333 1.0 15.0
1.0 1.0 57.9249021187 14.4666666667 0.833333333333 1.0 15.0,0,1.0,1.0 1.0 69.4054571143 8.93333333333 0.833333333333 1.5 15.0
1.0 1.0 69.4054571143 8.93333333333 0.833333333333 1.5 15.0,3,1.0,1.0 1.0 61.7714235698 11.125 0.888888888889 1.5 16.0
1.0 1.0 61.7714235698 11.125 0.888888888889 1.5 16.0,3,1.0,1.0 1.0 65.0873733503 14.1176470588 0.944444444444 1.5 17.0
1.0 1.0 65.0873733503 14.1176470588 0.944444444444 1.5 17.0,0,1.0,1.0 1.0 66.3257490822 14.1176470588 0.944444444444 2.0 17.0
1.0 1.0 66.3257490822 14.1176470588 0.944444444444 2.0 17.0,0,1.0,0.5 0.5 108.015078634 45.8823529412 0.944444444444 2.5 17.0
0.5 0.5 108.015078634 45.8823529412 0.944444444444 2.5 17.0,3,1.0,0.5 0.5 96.8551777081 45.6111111111 1.0 2.5 18.0
0.5 0.5 96.8551777081 45.6111111111 1.0 2.5 18.0,3,1.0,0.5 0.5 96.7843524582 45.2222222222 1.0 2.5 18.0
0.5 0.5 96.7843524582 45.2222222222 1.0 2.5 18.0,3,1.0,0.5 0.5 87.0752107896 47.1111111111 1.0 2.5 18.0
0.5 0.5 87.0752107896 47.1111111111 1.0 2.5 18.0,3,1.0,0.5 0.5 68.4642387538 45.1666666667 1.0 2.5 18.0
0.5 0.5 68.4642387538 45.1666666667 1.0 2.5 18.0,3,1.0,0.5 0.5 80.6707667349 44.7222222222 1.0 2.5 18.0
0.5 0.5 80.6707667349 44.7222222222 1.0 2.5 18.0,3,1.0,0.5 0.5 80.7890366802 45.8333333333 1.0 2.5 18.0
0.5 0.5 80.7890366802 45.8333333333 1.0 2.5 18.0,3,1.0,0.5 0.5 87.2822391209 33.1111111111 1.0 2.5 18.0
0.5 0.5 87.2822391209 33.1111111111 1.0 2.5 18.0,3,1.0,0.5 0.5 78.4536777705 50.8333333333 1.0 2.5 18.0
0.5 0.5 78.4536777705 50.8333333333 1.0 2.5 18.0,3,1.0,0.5 0.5 98.7150903186 66.8333333333 1.0 2.5 18.0
1.0 1.0 75.1226531308 21.1666666667 1.0 1.0 18.0,0,1.0,1.0 1.0 76.7334814043 22.8333333333 1.0 1.5 18.0
1.0 1.0 76.7334814043 22.8333333333 1.0 1.5 18.0,0,1.0,1.0 1.0 64.8877835468 19.1111111111 1.0 2.0 18.0
1.0 1.0 64.8877835468 19.1111111111 1.0 2.0 18.0,0,1.0,0.5 0.5 78.6684825912 70.8333333333 1.0 2.5 18.0
0.5 0.5 78.6684825912 70.8333333333 1.0 2.5 18.0,3,1.0,0.5 0.5 93.873896571 73.1111111111 1.0 2.5 18.0
0.5 0.5 93.873896571 73.1111111111 1.0 2.5 18.0,3,1.0,0.5 0.5 80.6990940617 68.2777777778 1.0 2.5 18.0
0.5 0.5 80.6990940617 68.2777777778 1.0 2.5 18.0,3,1.0,0.5 0.5 93.9745089565 51.1666666667 1.0 2.5 18.0
0.5 0.5 93.9745089565 51.1666666667 1.0 2.5 18.0,3,1.0,0.5 0.5 67.6604982023 34.4444444444 1.0 2.5 18.0
0.5 0.5 67.6604982023 34.4444444444 1.0 2.5 18.0,3,1.0,0.5 0.5 81.1058156409 58.1666666667 1.0 2.5 18.0
0.5 0.5 81.1058156409 58.1666666667 1.0 2.5 18.0,3,1.0,0.5 0.5 68.7160960294 66.2222222222 1.0 2.5 18.0
0.5 0.5 68.7160960294 66.2222222222 1.0 2.5 18.0,3,1.0,0.5 0.5 92.7667015529 24.7777777778 1.0 2.5 18.0
0.5 0.5 92.7667015529 24.7777777778 1.0 2.5 18.0,3,1.0,0.5 0.5 79.328810384 48.6111111111 1.0 2.5 18.0
0.5 0.5 79.328810384 48.6111111111 1.0 2.5 18.0,3,1.0,0.5 0.5 92.5276512777 30.3888888889 1.0 2.5 18.0
0.5 0.5 92.5276512777 30.3888888889 1.0 2.5 18.0,3,1.0,0.5 0.5 96.8459190435 62.5 1.0 2.5 18.0
0.5 0.5 96.8459190435 62.5 1.0 2.5 18.0,2,1.0,0.5 0.5 84.5734473674 39.6111111111 1.0 2.5 18.0
0.5 0.5 84.5734473674 39.6111111111 1.0 2.5 18.0,3,1.0,0.5 0.5 78.2497784298 60.7777777778 1.0 2.5 18.0
1.0 1.0 80.5028273496 26.9444444444 1.0 1.0 18.0,0,1.0,1.0 1.0 73.8452093028 21.8333333333 1.0 1.5 18.0
1.0 1.0 73.8452093028 21.8333333333 1.0 1.5 18.0,0,1.0,1.0 1.0 66.3521284058 18.1666666667 1.0 2.0 18.0
1.0 1.0 66.3521284058 18.1666666667 1.0 2.0 18.0,0,1.0,0.5 0.5 93.3131072849 39.4444444444 1.0 2.5 18.0
0.5 0.5 93.3131072849 39.4444444444 1.0 2.5 18.0,3,1.0,0.5 0.5 81.5994008414 82.8888888889 1.0 2.5 18.0
0.5 0.5 81.5994008414 82.8888888889 1.0 2.5 18.0,3,1.0,0.5 0.5 72.1261413382 60.6111111111 1.0 2.5 18.0
0.5 0.5 72.1261413382 60.6111111111 1.0 2.5 18.0,3,1.0,0.5 0.5 73.1016628233 51.5555555556 1.0 2.5 18.0
0.5 0.5 73.1016628233 51.5555555556 1.0 2.5 18.0,3,1.0,0.5 0.5 84.8568368813 37.0 1.0 2.5 18.0
0.5 0.5 84.8568368813 37.0 1.0 2.5 18.0,3,1.0,0.5 0.5 89.2084464172 36.6111111111 1.0 2.5 18.0
0.5 0.5 89.2084464172 36.6111111111 1.0 2.5 18.0,2,1.0,0.5 0.5 79.822152893 48.2222222222 1.0 2.5 18.0
0.5 0.5 79.822152893 48.2222222222 1.0 2.5 18.0,3,1.0,0.5 0.5 97.0751066707 53.1111111111 1.0 2.5 18.0
0.5 0.5 97.0751066707 53.1111111111 1.0 2.5 18.0,3,1.0,0.5 0.5 108.758448176 27.5555555556 1.0 2.5 18.0
0.5 0.5 108.758448176 27.5555555556 1.0 2.5 18.0,3,1.0,0.5 0.5 91.8022829562 59.0555555556 1.0 2.5 18.0
0.5 0.5 91.8022829562 59.0555555556 1.0 2.5 18.0,3,1.0,0.5 0.5 83.9213766605 42.6111111111 1.0 2.5 18.0
0.5 0.5 83.9213766605 42.6111111111 1.0 2.5 18.0,3,1.0,0.5 0.5 80.8605508117 41.6666666667 1.0 2.5 18.0
0.5 0.5 80.8605508117 41.6666666667 1.0 2.5 18.0,3,1.0,0.5 0.5 76.4291477791 42.6666666667 1.0 2.5 18.0
1.0 1.0 62.1741134117 16.8333333333 1.0 1.5 18.0,0,1.0,1.0 1.0 66.1777313222 13.6111111111 1.0 2.0 18.0
1.0 1.0 66.1777313222 13.6111111111 1.0 2.0 18.0,0,1.0,0.5 0.5 81.4897774541 29.5 1.0 2.5 18.0
0.5 0.5 81.4897774541 29.5 1.0 2.5 18.0,3,1.0,0.5 0.5 74.9685033359 54.4444444444 1.0 2.5 18.0
0.5 0.5 74.9685033359 54.4444444444 1.0 2.5 18.0,3,1.0,0.5 0.5 83.5037265348 58.2777777778 1.0 2.5 18.0
0.5 0.5 83.5037265348 58.2777777778 1.0 2.5 18.0,3,1.0,0.5 0.5 78.6996124984 54.0 1.0 2.5 18.0
0.5 0.5 78.6996124984 54.0 1.0 2.5 18.0,3,1.0,0.5 0.5 81.6592663614 34.6666666667 1.0 2.5 18.0
0.5 0.5 81.6592663614 34.6666666667 1.0 2.5 18.0,3,1.0,0.5 0.5 82.9283940919 33.5555555556 1.0 2.5 18.0
0.5 0.5 82.9283940919 33.5555555556 1.0 2.5 18.0,3,1.0,0.5 0.5 82.4543547582 56.0555555556 1.0 2.5 18.0
0.5 0.5 82.4543547582 56.0555555556 1.0 2.5 18.0,3,1.0,0.5 0.5 76.1802431837 48.4444444444 1.0 2.5 18.0
0.5 0.5 76.1802431837 48.4444444444 1.0 2.5 18.0,3,1.0,0.5 0.5 81.5430585254 38.2777777778 1.0 2.5 18.0
0.5 0.5 81.5430585254 38.2777777778 1.0 2.5 18.0,3,1.0,0.5 0.5 65.3275407207 67.7222222222 1.0 2.5 18.0
0.5 0.5 65.3275407207 67.7222222222 1.0 2.5 18.0,3,1.0,0.5 0.5 89.5708063948 58.1666666667 1.0 2.5 18.0
0.5 0.5 89.5708063948 58.1666666667 1.0 2.5 18.0,3,1.0,0.5 0.5 81.7858007786 38.5555555556 1.0 2.5 18.0
0.5 0.5 81.7858007786 38.5555555556 1.0 2.5 18.0,3,1.0,0.5 0.5 67.5521314176 57.3888888889 1.0 2.5 18.0
0.5 0.5 67.5521314176 57.3888888889 1.0 2.5 18.0,3,1.0,0.5 0.5 79.5347337671 53.4444444444 1.0 2.5 18.0
1.0 1.0 69.4035940434 18.9444444444 1.0 0.5 18.0,0,1.0,1.0 1.0 66.1693729775 17.6666666667 1.0 1.0 18.0
1.0 1.0 66.1693729775 17.6666666667 1.0 1.0 18.0,0,1.0,1.0 1.0 65.7806617379 19.2222222222 1.0 1.5 18.0
1.0 1.0 65.7806617379 19.2222222222 1.0 1.5 18.0,0,1.0,1.0 1.0 69.6121887952 14.4444444444 1.0 2.0 18.0
1.0 1.0 69.6121887952 14.4444444444 1.0 2.0 18.0,0,1.0,0.5 0.5 86.1646480692 36.7222222222 1.0 2.5 18.0
0.5 0.5 86.1646480692 36.7222222222 1.0 2.5 18.0,3,1.0,0.5 0.5 72.0216289804 38.6666666667 1.0 2.5 18.0
0.5 0.5 72.0216289804 38.6666666667 1.0 2.5 18.0,3,1.0,0.5 0.5 107.191356536 62.2777777778 1.0 2.5 18.0
0.5 0.5 107.191356536 62.2777777778 1.0 2.5 18.0,3,1.0,0.5 0.5 79.4687097315 65.6666666667 1.0 2.5 18.0
0.5 0.5 79.4687097315 65.6666666667 1.0 2.5 18.0,3,1.0,0.5 0.5 86.8213507077 68.6111111111 1.0 2.5 18.0
0.5 0.5 86.8213507077 68.6111111111 1.0 2.5 18.0,3,1.0,0.5 0.5 82.3410757724 68.5 1.0 2.5 18.0
0.5 0.5 82.3410757724 68.5 1.0 2.5 18.0,3,1.0,0.5 0.5 82.7732290013 27.3888888889 1.0 2.5 18.0
0.5 0.5 82.7732290013 27.3888888889 1.0 2.5 18.0,3,1.0,0.5 0.5 69.7656517911 57.7222222222 1.0 2.5 18.0
0.5 0.5 69.7656517911 57.7222222222 1.0 2.5 18.0,3,1.0,0.5 0.5 106.232015038 62.4444444444 1.0 2.5 18.0
0.5 0.5 106.232015038 62.4444444444 1.0 2.5 18.0,3,1.0,0.5 0.5 107.93084329 77.3888888889 1.0 2.5 18.0
0.5 0.5 107.93084329 77.3888888889 1.0 2.5 18.0,3,1.0,0.5 0.5 107.859188521 51.9444444444 1.0 2.5 18.0
0.5 0.5 107.859188521 51.9444444444 1.0 2.5 18.0,3,1.0,0.5 0.5 77.2767674491 46.4444444444 1.0 2.5 18.0
1.0 1.0 72.485003785 16.0666666667 0.833333333333 1.5 15.0,0,1.0,1.0 1.0 69.5137034616 15.9333333333 0.833333333333 2.0 15.0
1.0 1.0 69.5137034616 15.9333333333 0.833333333333 2.0 15.0,3,1.0,1.0 1.0 56.5724631461 9.9375 0.888888888889 2.0 16.0
1.0 1.0 56.5724631461 9.9375 0.888888888889 2.0 16.0,3,1.0,1.0 1.0 67.2277887916 8.88235294118 0.944444444444 2.0 17.0
1.0 1.0 67.2277887916 8.88235294118 0.944444444444 2.0 17.0,0,1.0,0.5 0.5 84.9617286896 31.7058823529 0.944444444444 2.5 17.0
0.5 0.5 84.9617286896 31.7058823529 0.944444444444 2.5 17.0,3,1.0,0.5 0.5 102.910821254 72.0555555556 1.0 2.5 18.0
0.5 0.5 102.910821254 72.0555555556 1.0 2.5 18.0,3,1.0,0.5 0.5 94.0228941423 45.5555555556 1.0 2.5 18.0
0.5 0.5 94.0228941423 45.5555555556 1.0 2.5 18.0,4,-1.0,0.5 0.5 112.136337064 81.7058823529 0.944444444444 2.5 17.0
0.5 0.5 112.136337064 81.7058823529 0.944444444444 2.5 17.0,3,1.0,0.5 0.5 93.5967158931 43.5555555556 1.0 2.5 18.0
0.5 0.5 93.5967158931 43.5555555556 1.0 2.5 18.0,3,1.0,0.5 0.5 70.598604888 72.8333333333 1.0 2.5 18.0
0.5 0.5 70.598604888 72.8333333333 1.0 2.5 18.0,3,1.0,0.5 0.5 90.7094047497 29.3333333333 1.0 2.5 18.0
0.5 0.5 90.7094047497 29.3333333333 1.0 2.5 18.0,3,1.0,0.5 0.5 83.4496021892 32.4444444444 1.0 2.5 18.0
0.5 0.5 83.4496021892 32.4444444444 1.0 2.5 18.0,3,1.0,0.5 0.5 100.126950787 70.7222222222 1.0 2.5 18.0
0.5 0.5 100.126950787 70.7222222222 1.0 2.5 18.0,3,1.0,0.5 0.5 80.8598354852 91.5555555556 1.0 2.5 18.0
0.5 0.5 80.8598354852 91.5555555556 1.0 2.5 18.0,3,1.0,0.5 0.5 84.9254383231 49.0 1.0 2.5 18.0
0.5 0.5 84.9254383231 49.0 1.0 2.5 18.0,2,1.0,0.5 0.5 108.703671871 27.7222222222 1.0 2.5 18.0
1.0 1.0 69.5137034616 16.0 0.833333333333 1.5 15.0,3,1.0,1.0 1.0 59.8597281032 11.25 0.888888888889 1.5 16.0
1.0 1.0 59.8597281032 11.25 0.888888888889 1.5 16.0,0,1.0,1.0 1.0 62.6615398045 17.25 0.888888888889 2.0 16.0
1.0 1.0 62.6615398045 17.25 0.888888888889 2.0 16.0,3,1.0,1.0 1.0 77.2263245892 13.6470588235 0.944444444444 2.0 17.0
1.0 1.0 77.2263245892 13.6470588235 0.944444444444 2.0 17.0,0,1.0,0.5 0.5 70.8082272774 49.7058823529 0.944444444444 2.5 17.0
0.5 0.5 70.8082272774 49.7058823529 0.944444444444 2.5 17.0,3,1.0,0.5 0.5 73.9626061999 39.0 1.0 2.5 18.0
0.5 0.5 73.9626061999 39.0 1.0 2.5 18.0,3,1.0,0.5 0.5 79.0683782147 37.3333333333 1.0 2.5 18.0
0.5 0.5 79.0683782147 37.3333333333 1.0 2.5 18.0,3,1.0,0.5 0.5 82.2084216975 46.8888888889 1.0 2.5 18.0
0.5 0.5 82.2084216975 46.8888888889 1.0 2.5 18.0,3,1.0,0.5 0.5 115.185720755 43.6666666667 1.0 2.5 18.0
0.5 0.5 115.185720755 43.6666666667 1.0 2.5 18.0,3,1.0,0.5 0.5 74.5762970411 39.3333333333 1.0 2.5 18.0
0.5 0.5 74.5762970411 39.3333333333 1.0 2.5 18.0,3,1.0,0.5 0.5 82.9541471061 56.3888888889 1.0 2.5 18.0
0.5 0.5 82.9541471061 56.3888888889 1.0 2.5 18.0,3,1.0,0.5 0.5 80.1097618476 38.5 1.0 2.5 18.0
0.5 0.5 80.1097618476 38.5 1.0 2.5 18.0,3,1.0,0.5 0.5 72.2367880247 46.2777777778 1.0 2.5 18.0
0.5 0.5 72.2367880247 46.2777777778 1.0 2.5 18.0,2,1.0,0.5 0.5 78.0727087423 35.7777777778 1.0 2.5 18.0
0.5 0.5 78.0727087423 35.7777777778 1.0 2.5 18.0,3,1.0,0.5 0.5 92.2030613592 41.2222222222 1.0 2.5 18.0
0.5 0.5 92.2030613592 41.2222222222 1.0 2.5 18.0,3,1.0,0.5 0.5 86.3067241891 28.0555555556 1.0 2.5 18.0
0.0 0.0 250.0 150.0 0.0 4.0 14.0,1,-1.0,0.0 0.0 250.0 150.0 0.0 3.5 14.0
0.0 0.0 250.0 150.0 0.0 3.5 14.0,1,-1.0,0.0 0.0 250.0 150.0 0.0 3.0 14.0
0.0 0.0 250.0 150.0 0.0 3.0 14.0,1,1.0,0.5 0.5 100.258928454 107.357142857 0.777777777778 2.5 14.0
0.5 0.5 100.258928454 107.357142857 0.777777777778 2.5 14.0,3,1.0,0.5 0.5 101.117063037 87.0 0.833333333333 2.5 15.0
0.5 0.5 101.117063037 87.0 0.833333333333 2.5 15.0,3,1.0,0.5 0.5 81.5274756609 71.5625 0.888888888889 2.5 16.0
0.5 0.5 81.5274756609 71.5625 0.888888888889 2.5 16.0,3,1.0,0.5 0.5 91.6998943845 29.0 0.944444444444 2.5 17.0
0.5 0.5 91.6998943845 29.0 0.944444444444 2.5 17.0,3,1.0,0.5 0.5 100.404677457 50.1666666667 1.0 2.5 18.0
0.5 0.5 100.404677457 50.1666666667 1.0 2.5 18.0,3,1.0,0.5 0.5 71.0122285512 31.5 1.0 2.5 18.0
0.5 0.5 71.0122285512 31.5 1.0 2.5 18.0,3,1.0,0.5 0.5 79.0397637565 31.8333333333 1.0 2.5 18.0
0.5 0.5 79.0397637565 31.8333333333 1.0 2.5 18.0,3,1.0,0.5 0.5 95.4924707689 36.2777777778 1.0 2.5 18.0
0.5 0.5 95.4924707689 36.2777777778 1.0 2.5 18.0,3,1.0,0.5 0.5 93.0831867649 51.3888888889 1.0 2.5 18.0
0.5 0.5 93.0831867649 51.3888888889 1.0 2.5 18.0,3,1.0,0.5 0.5 78.4762456857 40.3333333333 1.0 2.5 18.0
0.5 0.5 78.4762456857 40.3333333333 1.0 2.5 18.0,3,1.0,0.5 0.5 110.162140407 44.7777777778 1.0 2.5 18.0
0.5 0.5 110.162140407 44.7777777778 1.0 2.5 18.0,3,1.0,0.5 0.5 71.430945933 26.6666666667 1.0 2.5 18.0
0.5 0.5 71.430945933 26.6666666667 1.0 2.5 18.0,3,1.0,0.5 0.5 85.9857437224 66.2222222222 1.0 2.5 18.0
0.0 0.0 250.0 150.0 0.0 3.0 18.0,1,1.0,0.5 0.5 106.67435368 95.1666666667 1.0 2.5 18.0
0.5 0.5 106.67435368 95.1666666667 1.0 2.5 18.0,3,1.0,0.5 0.5 83.0945213345 21.6111111111 1.0 2.5 18.0
0.5 0.5 83.0945213345 21.6111111111 1.0 2.5 18.0,3,1.0,0.5 0.5 100.976703148 34.9444444444 1.0 2.5 18.0
0.5 0.5 100.976703148 34.9444444444 1.0 2.5 18.0,3,1.0,0.5 0.5 82.9217158914 19.6666666667 1.0 2.5 18.0
0.5 0.5 82.9217158914 19.6666666667 1.0 2.5 18.0,3,1.0,0.5 0.5 97.042695796 44.3333333333 1.0 2.5 18.0
0.5 0.5 97.042695796 44.3333333333 1.0 2.5 18.0,3,1.0,0.5 0.5 78.8304572504 66.3888888889 1.0 2.5 18.0
0.5 0.5 78.8304572504 66.3888888889 1.0 2.5 18.0,3,1.0,0.5 0.5 85.5445803008 37.8888888889 1.0 2.5 18.0
0.5 0.5 85.5445803008 37.8888888889 1.0 2.5 18.0,3,1.0,0.5 0.5 116.119038142 34.1666666667 1.0 2.5 18.0
0.5 0.5 116.119038142 34.1666666667 1.0 2.5 18.0,3,1.0,0.5 0.5 103.36742175 51.3888888889 1.0 2.5 18.0
0.5 0.5 103.36742175 51.3888888889 1.0 2.5 18.0,1,-1.0,1.0 1.0 79.8831034565 21.0555555556 1.0 2.0 18.0
1.0 1.0 79.8831034565 21.0555555556 1.0 2.0 18.0,0,1.0,0.5 0.5 77.5926118646 42.5555555556 1.0 2.5 18.0
0.5 0.5 77.5926118646 42.5555555556 1.0 2.5 18.0,3,1.0,0.5 0.5 80.1202972941 42.9444444444 1.0 2.5 18.0
0.5 0.5 80.1202972941 42.9444444444 1.0 2.5 18.0,3,1.0,0.5 0.5 65.7887303593 32.6666666667 1.0 2.5 18.0
0.5 0.5 65.7887303593 32.6666666667 1.0 2.5 18.0,3,1.0,0.5 0.5 82.9096497666 32.9444444444 1.0 2.5 18.0
0.5 0.5 82.9096497666 32.9444444444 1.0 2.5 18.0,3,1.0,0.5 0.5 75.7538609827 44.6111111111 1.0 2.5 18.0
1.0 1.0 63.2748559886 17.1875 0.888888888889 1.5 16.0,0,1.0,1.0 1.0 58.9604022904 11.3125 0.888888888889 2.0 16.0
1.0 1.0 58.9604022904 11.3125 0.888888888889 2.0 16.0,3,1.0,1.0 1.0 73.9558471881 13.4705882353 0.944444444444 2.0 17.0
1.0 1.0 73.9558471881 13.4705882353 0.944444444444 2.0 17.0,0,1.0,0.5 0.5 73.9570686212 46.2941176471 0.944444444444 2.5 17.0
0.5 0.5 73.9570686212 46.2941176471 0.944444444444 2.5 17.0,3,1.0,0.5 0.5 85.5459672459 34.7222222222 1.0 2.5 18.0
0.5 0.5 85.5459672459 34.7222222222 1.0 2.5 18.0,3,1.0,0.5 0.5 96.2996922485 48.0 1.0 2.5 18.0
0.5 0.5 96.2996922485 48.0 1.0 2.5 18.0,3,1.0,0.5 0.5 71.260705954 42.1111111111 1.0 2.5 18.0
0.5 0.5 71.260705954 42.1111111111 1.0 2.5 18.0,3,1.0,0.5 0.5 87.9722981938 58.8333333333 1.0 2.5 18.0
0.5 0.5 87.9722981938 58.8333333333 1.0 2.5 18.0,3,1.0,0.5 0.5 69.062721772 33.5555555556 1.0 2.5 18.0
0.5 0.5 69.062721772 33.5555555556 1.0 2.5 18.0,3,1.0,0.5 0.5 61.0545514098 22.5555555556 1.0 2.5 18.0
0.5 0.5 61.0545514098 22.5555555556 1.0 2.5 18.0,3,1.0,0.5 0.5 76.6604352653 40.1666666667 1.0 2.5 18.0
0.5 0.5 76.6604352653 40.1666666667 1.0 2.5 18.0,3,1.0,0.5 0.5 67.6562529239 42.6111111111 1.0 2.5 18.0
0.5 0.5 67.6562529239 42.6111111111 1.0 2.5 18.0,3,1.0,0.5 0.5 81.8762240957 51.1666666667 1.0 2.5 18.0
0.5 0.5 81.8762240957 51.1666666667 1.0 2.5 18.0,3,1.0,0.5 0.5 69.7049727333 61.2222222222 1.0 2.5 18.0
0.5 0.5 69.7049727333 61.2222222222 1.0 2.5 18.0,3,1.0,0.5 0.5 100.594710109 52.8888888889 1.0 2.5 18.0
0.5 0.5 100.594710109 52.8888888889 1.0 2.5 18.0,3,1.0,0.5 0.5 79.4160575107 35.6111111111 1.0 2.5 18.0
1.0 1.0 64.1502902663 19.5555555556 1.0 0.5 18.0,0,1.0,1.0 1.0 64.1502902663 19.1111111111 1.0 1.0 18.0
1.0 1.0 64.1502902663 19.1111111111 1.0 1.0 18.0,0,1.0,1.0 1.0 62.9904395046 19.2222222222 1.0 1.5 18.0
1.0 1.0 62.9904395046 19.2222222222 1.0 1.5 18.0,0,1.0,1.0 1.0 68.5535855806 19.3333333333 1.0 2.0 18.0
1.0 1.0 68.5535855806 19.3333333333 1.0 2.0 18.0,0,1.0,0.5 0.5 73.5739763385 40.5555555556 1.0 2.5 18.0
0.5 0.5 73.5739763385 40.5555555556 1.0 2.5 18.0,3,1.0,0.5 0.5 101.508506785 61.3888888889 1.0 2.5 18.0
0.5 0.5 101.508506785 61.3888888889 1.0 2.5 18.0,2,1.0,0.5 0.5 94.6116867715 57.9444444444 1.0 2.5 18.0
0.5 0.5 94.6116867715 57.9444444444 1.0 2.5 18.0,3,1.0,0.5 0.5 92.3275865423 43.3333333333 1.0 2.5 18.0
0.5 0.5 92.3275865423 43.3333333333 1.0 2.5 18.0,3,1.0,0.5 0.5 85.1918119211 54.2222222222 1.0 2.5 18.0
0.5 0.5 85.1918119211 54.2222222222 1.0 2.5 18.0,3,1.0,0.5 0.5 91.5341959929 30.5 1.0 2.5 18.0
0.5 0.5 91.5341959929 30.5 1.0 2.5 18.0,3,1.0,0.5 0.5 88.2915301795 92.6111111111 1.0 2.5 18.0
0.5 0.5 88.2915301795 92.6111111111 1.0 2.5 18.0,3,1.0,0.5 0.5 75.9234113532 31.2777777778 1.0 2.5 18.0
0.5 0.5 75.9234113532 31.2777777778 1.0 2.5 18.0,3,1.0,0.5 0.5 75.7714387392 32.9444444444 1.0 2.5 18.0
0.5 0.5 75.7714387392 32.9444444444 1.0 2.5 18.0,3,1.0,0.5 0.5 108.047917306 25.2777777778 1.0 2.5 18.0
0.5 0.5 108.047917306 25.2777777778 1.0 2.5 18.0,3,1.0,0.5 0.5 62.4144431259 38.7777777778 1.0 2.5 18.0
0.5 0.5 62.4144431259 38.7777777778 1.0 2.5 18.0,3,1.0,0.5 0.5 92.8612336653 46.0 1.0 2.5 18.0
0.5 0.5 84.6816293155 31.0 1.0 2.5 18.0,3,1.0,0.5 0.5 80.7909127607 58.2222222222 1.0 2.5 18.0
0.5 0.5 80.7909127607 58.2222222222 1.0 2.5 18.0,3,1.0,0.5 0.5 89.0322590896 40.7777777778 1.0 2.5 18.0
0.5 0.5 89.0322590896 40.7777777778 1.0 2.5 18.0,3,1.0,0.5 0.5 81.7256795384 49.3333333333 1.0 2.5 18.0
0.5 0.5 81.7256795384 49.3333333333 1.0 2.5 18.0,3,1.0,0.5 0.5 64.6718859643 69.9444444444 1.0 2.5 18.0
0.5 0.5 64.6718859643 69.9444444444 1.0 2.5 18.0,2,1.0,0.5 0.5 84.9945161065 38.8888888889 1.0 2.5 18.0
0.5 0.5 84.9945161065 38.8888888889 1.0 2.5 18.0,3,1.0,0.5 0.5 82.8041073343 28.7777777778 1.0 2.5 18.0
0.5 0.5 82.8041073343 28.7777777778 1.0 2.5 18.0,3,1.0,0.5 0.5 72.2915494046 94.0555555556 1.0 2.5 18.0
0.5 0.5 72.2915494046 94.0555555556 1.0 2.5 18.0,3,1.0,0.5 0.5 61.1228046819 49.8888888889 1.0 2.5 18.0
0.5 0.5 61.1228046819 49.8888888889 1.0 2.5 18.0,3,1.0,0.5 0.5 81.4572519539 40.0 1.0 2.5 18.0
0.5 0.5 81.4572519539 40.0 1.0 2.5 18.0,3,1.0,0.5 0.5 66.3353459108 40.6111111111 1.0 2.5 18.0
0.5 0.5 66.3353459108 40.6111111111 1.0 2.5 18.0,3,1.0,0.5 0.5 98.6963994175 28.4444444444 1.0 2.5 18.0
0.5 0.5 98.6963994175 28.4444444444 1.0 2.5 18.0,3,1.0,0.5 0.5 79.1835995538 58.5 1.0 2.5 18.0
0.5 0.5 79.1835995538 58.5 1.0 2.5 18.0,3,1.0,0.5 0.5 92.4403074168 25.8888888889 1.0 2.5 18.0
0.5 0.5 92.4403074168 25.8888888889 1.0 2.5 18.0,3,1.0,0.5 0.5 80.1913548604 35.6111111111 1.0 2.5 18.0
0.5 0.5 80.1913548604 35.6111111111 1.0 2.5 18.0,2,1.0,0.5 0.5 97.5236785973 24.1666666667 1.0 2.5 18.0
1.0 1.0 74.276909797 12.9285714286 0.777777777778 0.5 14.0,0,1.0,1.0 1.0 81.2506834661 12.0714285714 0.777777777778 1.0 14.0
1.0 1.0 81.2506834661 12.0714285714 0.777777777778 1.0 14.0,3,1.0,1.0 1.0 74.6640398566 16.2 0.833333333333 1.0 15.0
1.0 1.0 74.6640398566 16.2 0.833333333333 1.0 15.0,0,1.0,1.0 1.0 74.4426332792 15.9333333333 0.833333333333 1.5 15.0
1.0 1.0 74.4426332792 15.9333333333 0.833333333333 1.5 15.0,0,1.0,1.0 1.0 74.4426332792 15.4666666667 0.833333333333 2.0 15.0
1.0 1.0 74.4426332792 15.4666666667 0.833333333333 2.0 15.0,3,1.0,1.0 1.0 62.4379446438 9.5625 0.888888888889 2.0 16.0
1.0 1.0 62.4379446438 9.5625 0.888888888889 2.0 16.0,0,1.0,0.5 0.5 75.0027950923 50.3125 0.888888888889 2.5 16.0
0.5 0.5 75.0027950923 50.3125 0.888888888889 2.5 16.0,3,1.0,0.5 0.5 92.8452319988 45.1764705882 0.944444444444 2.5 17.0
0.5 0.5 92.8452319988 45.1764705882 0.944444444444 2.5 17.0,3,1.0,0.5 0.5 84.4080906638 79.7222222222 1.0 2.5 18.0
0.5 0.5 84.4080906638 79.7222222222 1.0 2.5 18.0,3,1.0,0.5 0.5 71.7615444592 34.7222222222 1.0 2.5 18.0
0.5 0.5 71.7615444592 34.7222222222 1.0 2.5 18.0,3,1.0,0.5 0.5 74.7155830984 37.3333333333 1.0 2.5 18.0
0.5 0.5 74.7155830984 37.3333333333 1.0 2.5 18.0,3,1.0,0.5 0.5 77.7148651602 26.4444444444 1.0 2.5 18.0
0.5 0.5 77.7148651602 26.4444444444 1.0 2.5 18.0,3,1.0,0.5 0.5 94.5278118292 39.4444444444 1.0 2.5 18.0
0.5 0.5 94.5278118292 39.4444444444 1.0 2.5 18.0,3,1.0,0.5 0.5 95.4993634726 47.0 1.0 2.5 18.0
0.5 0.5 95.4993634726 47.0 1.0 2.5 18.0,3,1.0,0.5 0.5 86.4814906196 30.7222222222 1.0 2.5 18.0
0.5 0.5 86.4814906196 30.7222222222 1.0 2.5 18.0,3,1.0,0.5 0.5 74.6932094717 36.6666666667 1.0 2.5 18.0
0.0 0.0 250.0 150.0 0.0 4.0 18.0,1,-1.0,0.0 0.0 250.0 150.0 0.0 3.5 18.0
0.0 0.0 250.0 150.0 0.0 3.5 18.0,1,-1.0,0.0 0.0 250.0 150.0 0.0 3.0 18.0
0.0 0.0 250.0 150.0 0.0 3.0 18.0,1,1.0,0.5 0.5 94.9607542836 105.166666667 1.0 2.5 18.0
0.5 0.5 94.9607542836 105.166666667 1.0 2.5 18.0,3,1.0,0.5 0.5 64.8581025256 57.6666666667 1.0 2.5 18.0
0.5 0.5 64.8581025256 57.6666666667 1.0 2.5 18.0,3,1.0,0.5 0.5 89.5975567865 49.2777777778 1.0 2.5 18.0
0.5 0.5 89.5975567865 49.2777777778 1.0 2.5 18.0,3,1.0,0.5 0.5 95.8496746288 39.9444444444 1.0 2.5 18.0
0.5 0.5 95.8496746288 39.9444444444 1.0 2.5 18.0,2,1.0,0.5 0.5 69.9607573986 56.9444444444 1.0 2.5 18.0
0.5 0.5 69.9607573986 56.9444444444 1.0 2.5 18.0,3,1.0,0.5 0.5 99.3247740677 39.1666666667 1.0 2.5 18.0
0.5 0.5 99.3247740677 39.1666666667 1.0 2.5 18.0,3,1.0,0.5 0.5 66.5308975023 43.9444444444 1.0 2.5 18.0
0.5 0.5 66.5308975023 43.9444444444 1.0 2.5 18.0,3,1.0,0.5 0.5 79.5345736788 46.8333333333 1.0 2.5 18.0
0.5 0.5 79.5345736788 46.8333333333 1.0 2.5 18.0,3,1.0,0.5 0.5 77.8509897301 52.1111111111 1.0 2.5 18.0
0.5 0.5 77.8509897301 52.1111111111 1.0 2.5 18.0,3,1.0,0.5 0.5 84.9431559859 52.8888888889 1.0 2.5 18.0
0.5 0.5 84.9431559859 52.8888888889 1.0 2.5 18.0,3,1.0,0.5 0.5 73.3910123094 52.6666666667 1.0 2.5 18.0
0.5 0.5 73.3910123094 52.6666666667 1.0 2.5 18.0,3,1.0,0.5 0.5 88.531990321 44.6666666667 1.0 2.5 18.0
0.5 0.5 88.531990321 44.6666666667 1.0 2.5 18.0,3,1.0,0.5 0.5 75.4422440314 43.1111111111 1.0 2.5 18.0
1.0 1.0 59.6073619949 17.25 0.888888888889 1.0 16.0,0,1.0,1.0 1.0 53.8096649688 10.0 0.888888888889 1.5 16.0
1.0 1.0 53.8096649688 10.0 0.888888888889 1.5 16.0,0,1.0,1.0 1.0 59.6073619949 17.3125 0.888888888889 2.0 16.0
1.0 1.0 59.6073619949 17.3125 0.888888888889 2.0 16.0,0,1.0,0.5 0.5 87.1136982005 28.875 0.888888888889 2.5 16.0
0.5 0.5 87.1136982005 28.875 0.888888888889 2.5 16.0,3,1.0,0.5 0.5 65.8635412278 50.7058823529 0.944444444444 2.5 17.0
0.5 0.5 65.8635412278 50.7058823529 0.944444444444 2.5 17.0,3,1.0,0.5 0.5 87.8849872367 58.2777777778 1.0 2.5 18.0
0.5 0.5 87.8849872367 58.2777777778 1.0 2.5 18.0,3,1.0,0.5 0.5 69.2215706802 64.0555555556 1.0 2.5 18.0
0.5 0.5 69.2215706802 64.0555555556 1.0 2.5 18.0,3,1.0,0.5 0.5 75.9808288483 42.0 1.0 2.5 18.0
0.5 0.5 75.9808288483 42.0 1.0 2.5 18.0,3,1.0,0.5 0.5 84.7945408985 28.3888888889 1.0 2.5 18.0
0.5 0.5 84.7945408985 28.3888888889 1.0 2.5 18.0,3,1.0,0.5 0.5 65.5153135826 80.7222222222 1.0 2.5 18.0
0.5 0.5 65.5153135826 80.7222222222 1.0 2.5 18.0,3,1.0,0.5 0.5 78.7307441409 45.8888888889 1.0 2.5 18.0
0.5 0.5 78.7307441409 45.8888888889 1.0 2.5 18.0,3,1.0,0.5 0.5 101.925353399 61.3888888889 1.0 2.5 18.0
0.5 0.5 101.925353399 61.3888888889 1.0 2.5 18.0,3,1.0,0.5 0.5 102.246886697 34.1111111111 1.0 2.5 18.0
0.5 0.5 102.246886697 34.1111111111 1.0 2.5 18.0,2,1.0,0.5 0.5 96.469073425 46.7222222222 1.0 2.5 18.0
0.5 0.5 96.469073425 46.7222222222 1.0 2.5 18.0,3,1.0,0.5 0.5 94.93709019 43.3333333333 1.0 2.5 18.0
0.5 0.5 94.93709019 43.3333333333 1.0 2.5 18.0,3,1.0,0.5 0.5 74.2701565033 20.6111111111 1.0 2.5 18.0
0.0 0.0 250.0 150.0 0.0 3.0 18.0,1,1.0,0.5 0.5 86.2276994682 84.6111111111 1.0 2.5 18.0
0.5 0.5 86.2276994682 84.6111111111 1.0 2.5 18.0,2,1.0,0.5 0.5 80.9249236884 32.9444444444 1.0 2.5 18.0
0.5 0.5 80.9249236884 32.9444444444 1.0 2.5 18.0,3,1.0,0.5 0.5 99.224524777 47.3888888889 1.0 2.5 18.0
0.5 0.5 99.224524777 47.3888888889 1.0 2.5 18.0,3,1.0,0.5 0.5 94.5723696073 50.3888888889 1.0 2.5 18.0
0.5 0.5 94.5723696073 50.3888888889 1.0 2.5 18.0,2,1.0,0.5 0.5 88.5544103598 47.4444444444 1.0 2.5 18.0
0.5 0.5 88.5544103598 47.4444444444 1.0 2.5 18.0,3,1.0,0.5 0.5 81.6566487487 37.8888888889 1.0 2.5 18.0
0.5 0.5 81.6566487487 37.8888888889 1.0 2.5 18.0,3,1.0,0.5 0.5 100.095232428 44.8888888889 1.0 2.5 18.0
0.5 0.5 100.095232428 44.8888888889 1.0 2.5 18.0,3,1.0,0.5 0.5 102.968558799 46.5 1.0 2.5 18.0
0.5 0.5 102.968558799 46.5 1.0 2.5 18.0,2,1.0,0.5 0.5 85.6945909026 34.1111111111 1.0 2.5 18.0
0.5 0.5 85.6945909026 34.1111111111 1.0 2.5 18.0,2,1.0,0.5 0.5 72.2745107667 80.7222222222 1.0 2.5 18.0
0.5 0.5 72.2745107667 80.7222222222 1.0 2.5 18.0,3,1.0,0.5 0.5 101.868809183 51.5 1.0 2.5 18.0
0.5 0.5 101.868809183 51.5 1.0 2.5 18.0,3,1.0,0.5 0.5 82.6743028616 40.0555555556 1.0 2.5 18.0
0.5 0.5 82.6743028616 40.0555555556 1.0 2.5 18.0,2,1.0,0.5 0.5 72.5128702315 40.3333333333 1.0 2.5 18.0
0.5 0.5 72.5128702315 40.3333333333 1.0 2.5 18.0,3,1.0,0.5 0.5 95.2779710035 47.2777777778 1.0 2.5 18.0
0.5 0.5 95.2779710035 47.2777777778 1.0 2.5 18.0,3,1.0,0.5 0.5 85.4872449237 77.0 1.0 2.5 18.0
0.5 0.5 80.2667993931 48.8888888889 1.0 2.5 18.0,3,1.0,0.5 0.5 77.5581824498 63.0555555556 1.0 2.5 18.0
0.5 0.5 77.5581824498 63.0555555556 1.0 2.5 18.0,3,1.0,0.5 0.5 81.1536584718 34.1666666667 1.0 2.5 18.0
0.5 0.5 81.1536584718 34.1666666667 1.0 2.5 18.0,3,1.0,0.5 0.5 82.5024070994 56.2777777778 1.0 2.5 18.0
0.5 0.5 82.5024070994 56.2777777778 1.0 2.5 18.0,2,1.0,0.5 0.5 63.5206176933 29.1111111111 1.0 2.5 18.0
0.5 0.5 63.5206176933 29.1111111111 1.0 2.5 18.0,3,1.0,0.5 0.5 69.4168084319 52.0 1.0 2.5 18.0
0.5 0.5 69.4168084319 52.0 1.0 2.5 18.0,3,1.0,0.5 0.5 71.5103089005 34.8888888889 1.0 2.5 18.0
0.5 0.5 71.5103089005 34.8888888889 1.0 2.5 18.0,3,1.0,0.5 0.5 96.4449201916 41.0555555556 1.0 2.5 18.0
0.5 0.5 96.4449201916 41.0555555556 1.0 2.5 18.0,3,1.0,0.5 0.5 81.2494362887 41.6111111111 1.0 2.5 18.0
0.5 0.5 81.2494362887 41.6111111111 1.0 2.5 18.0,3,1.0,0.5 0.5 78.601985218 38.4444444444 1.0 2.5 18.0
0.5 0.5 78.601985218 38.4444444444 1.0 2.5 18.0,3,1.0,0.5 0.5 79.7031787625 51.9444444444 1.0 2.5 18.0
0.5 0.5 79.7031787625 51.9444444444 1.0 2.5 18.0,3,1.0,0.5 0.5 83.8486206178 42.1666666667 1.0 2.5 18.0
0.5 0.5 83.8486206178 42.1666666667 1.0 2.5 18.0,3,1.0,0.5 0.5 71.3772165244 48.0555555556 1.0 2.5 18.0
0.5 0.5 71.3772165244 48.0555555556 1.0 2.5 18.0,3,1.0,0.5 0.5 71.3331163045 33.5555555556 1.0 2.5 18.0
0.5 0.5 71.3331163045 33.5555555556 1.0 2.5 18.0,3,1.0,0.5 0.5 93.2680712433 49.8333333333 1.0 2.5 18.0
0.5 0.5 93.2680712433 49.8333333333 1.0 2.5 18.0,3,1.0,0.5 0.5 83.0798497909 65.8888888889 1.0 2.5 18.0
1.0 1.0 63.9274260101 8.6 0.833333333333 0.5 15.0,0,1.0,1.0 1.0 63.9025888724 8.73333333333 0.833333333333 1.0 15.0
1.0 1.0 63.9025888724 8.73333333333 0.833333333333 1.0 15.0,0,1.0,1.0 1.0 65.4365349992 15.0 0.833333333333 1.5 15.0
1.0 1.0 65.4365349992 15.0 0.833333333333 1.5 15.0,3,1.0,1.0 1.0 54.3424856779 13.6875 0.888888888889 1.5 16.0
1.0 1.0 54.3424856779 13.6875 0.888888888889 1.5 16.0,0,1.0,1.0 1.0 55.1733396343 16.875 0.888888888889 2.0 16.0
1.0 1.0 55.1733396343 16.875 0.888888888889 2.0 16.0,0,1.0,0.5 0.5 77.8349597569 58.4375 0.888888888889 2.5 16.0
0.5 0.5 77.8349597569 58.4375 0.888888888889 2.5 16.0,3,1.0,0.5 0.5 88.06078915 52.0588235294 0.944444444444 2.5 17.0
0.5 0.5 88.06078915 52.0588235294 0.944444444444 2.5 17.0,3,1.0,0.5 0.5 101.489886548 31.0 1.0 2.5 18.0
0.5 0.5 101.489886548 31.0 1.0 2.5 18.0,3,1.0,0.5 0.5 66.2132567669 32.0555555556 1.0 2.5 18.0
0.5 0.5 66.2132567669 32.0555555556 1.0 2.5 18.0,3,1.0,0.5 0.5 78.3017443897 105.0 1.0 2.5 18.0
0.5 0.5 78.3017443897 105.0 1.0 2.5 18.0,2,1.0,0.5 0.5 91.8348064241 53.0 1.0 2.5 18.0
0.5 0.5 91.8348064241 53.0 1.0 2.5 18.0,3,1.0,0.5 0.5 85.3914297192 57.5 1.0 2.5 18.0
0.5 0.5 85.3914297192 57.5 1.0 2.5 18.0,3,1.0,0.5 0.5 84.7275242971 49.6666666667 1.0 2.5 18.0
0.5 0.5 84.7275242971 49.6666666667 1.0 2.5 18.0,3,1.0,0.5 0.5 92.7111902597 84.2222222222 1.0 2.5 18.0
0.5 0.5 92.7111902597 84.2222222222 1.0 2.5 18.0,3,1.0,0.5 0.5 82.7303610643 30.5555555556 1.0 2.5 18.0
0.5 0.5 82.7303610643 30.5555555556 1.0 2.5 18.0,2,1.0,0.5 0.5 90.51269326 37.0 1.0 2.5 18.0
0.5 0.5 68.1453522376 64.7058823529 0.944444444444 2.5 17.0,3,1.0,0.5 0.5 98.2507912669 49.2222222222 1.0 2.5 18.0
0.5 0.5 98.2507912669 49.2222222222 1.0 2.5 18.0,3,1.0,0.5 0.5 65.9323550839 23.6666666667 1.0 2.5 18.0
0.5 0.5 65.9323550839 23.6666666667 1.0 2.5 18.0,3,1.0,0.5 0.5 75.3987606088 54.9444444444 1.0 2.5 18.0
0.5 0.5 75.3987606088 54.9444444444 1.0 2.5 18.0,3,1.0,0.5 0.5 80.2005026784 42.6666666667 1.0 2.5 18.0
0.5 0.5 80.2005026784 42.6666666667 1.0 2.5 18.0,3,1.0,0.5 0.5 75.402522286 47.1666666667 1.0 2.5 18.0
0.5 0.5 75.402522286 47.1666666667 1.0 2.5 18.0,3,1.0,0.5 0.5 72.3768001274 47.2777777778 1.0 2.5 18.0
0.5 0.5 72.3768001274 47.2777777778 1.0 2.5 18.0,3,1.0,0.5 0.5 87.6921026242 48.8333333333 1.0 2.5 18.0
0.5 0.5 87.6921026242 48.8333333333 1.0 2.5 18.0,3,1.0,0.5 0.5 91.3023321133 32.3333333333 1.0 2.5 18.0
0.5 0.5 91.3023321133 32.3333333333 1.0 2.5 18.0,3,1.0,0.5 0.5 78.042384936 74.8333333333 1.0 2.5 18.0
0.5 0.5 78.042384936 74.8333333333 1.0 2.5 18.0,3,1.0,0.5 0.5 78.1064510526 53.3888888889 1.0 2.5 18.0
0.5 0.5 78.1064510526 53.3888888889 1.0 2.5 18.0,3,1.0,0.5 0.5 83.4514499534 42.0 1.0 2.5 18.0
0.5 0.5 83.4514499534 42.0 1.0 2.5 18.0,3,1.0,0.5 0.5 94.9998562084 57.9444444444 1.0 2.5 18.0
0.5 0.5 94.9998562084 57.9444444444 1.0 2.5 18.0,3,1.0,0.5 0.5 77.8375428378 42.1111111111 1.0 2.5 18.0
0.5 0.5 77.8375428378 42.1111111111 1.0 2.5 18.0,3,1.0,0.5 0.5 109.155650599 39.2222222222 1.0 2.5 18.0
0.5 0.5 109.155650599 39.2222222222 1.0 2.5 18.0,2,1.0,0.5 0.5 80.0249298079 60.7222222222 1.0 2.5 18.0
1.0 1.0 73.8452093028 21.7222222222 1.0 2.0 18.0,0,1.0,0.5 0.5 82.408525217 38.5 1.0 2.5 18.0
0.5 0.5 82.408525217 38.5 1.0 2.5 18.0,3,1.0,0.5 0.5 87.7389464297 37.0555555556 1.0 2.5 18.0
0.5 0.5 87.7389464297 37.0555555556 1.0 2.5 18.0,3,1.0,0.5 0.5 74.848484667 43.3888888889 1.0 2.5 18.0
0.5 0.5 74.848484667 43.3888888889 1.0 2.5 18.0,3,1.0,0.5 0.5 104.39304034 108.777777778 1.0 2.5 18.0
0.5 0.5 104.39304034 108.777777778 1.0 2.5 18.0,2,1.0,0.5 0.5 83.7511133021 63.3333333333 1.0 2.5 18.0
0.5 0.5 83.7511133021 63.3333333333 1.0 2.5 18.0,3,1.0,0.5 0.5 101.408237313 29.7777777778 1.0 2.5 18.0
0.5 0.5 101.408237313 29.7777777778 1.0 2.5 18.0,3,1.0,0.5 0.5 79.3244995144 58.9444444444 1.0 2.5 18.0
0.5 0.5 79.3244995144 58.9444444444 1.0 2.5 18.0,2,1.0,0.5 0.5 92.7087496837 39.6111111111 1.0 2.5 18.0
0.5 0.5 92.7087496837 39.6111111111 1.0 2.5 18.0,3,1.0,0.5 0.5 77.7927765548 41.8888888889 1.0 2.5 18.0
0.5 0.5 77.7927765548 41.8888888889 1.0 2.5 18.0,3,1.0,0.5 0.5 87.943424803 37.3888888889 1.0 2.5 18.0
0.5 0.5 87.943424803 37.3888888889 1.0 2.5 18.0,2,1.0,0.5 0.5 80.3904445537 48.1111111111 1.0 2.5 18.0
0.5 0.5 80.3904445537 48.1111111111 1.0 2.5 18.0,3,1.0,0.5 0.5 83.872340336 22.1666666667 1.0 2.5 18.0
0.5 0.5 83.872340336 22.1666666667 1.0 2.5 18.0,3,1.0,0.5 0.5 72.8091630415 32.1111111111 1.0 2.5 18.0
0.5 0.5 72.8091630415 32.1111111111 1.0 2.5 18.0,3,1.0,0.5 0.5 88.1279720555 40.3333333333 1.0 2.5 18.0
0.5 0.5 88.1279720555 40.3333333333 1.0 2.5 18.0,3,1.0,0.5 0.5 78.113559811 49.9444444444 1.0 2.5 18.0
0.0 0.0 250.0 150.0 0.0 4.0 18.0,1,-1.0,0.0 0.0 250.0 150.0 0.0 3.5 18.0
0.0 0.0 250.0 150.0 0.0 3.5 18.0,1,-1.0,0.0 0.0 250.0 150.0 0.0 3.0 18.0
0.0 0.0 250.0 150.0 0.0 3.0 18.0,1,1.0,0.5 0.5 85.0050303419 103.333333333 1.0 2.5 18.0
0.5 0.5 85.0050303419 103.333333333 1.0 2.5 18.0,3,1.0,0.5 0.5 102.3059468 37.8888888889 1.0 2.5 18.0
0.5 0.5 102.3059468 37.8888888889 1.0 2.5 18.0,3,1.0,0.5 0.5 106.96077796 37.5555555556 1.0 2.5 18.0
0.5 0.5 106.96077796 37.5555555556 1.0 2.5 18.0,2,1.0,0.5 0.5 77.0569336684 67.8333333333 1.0 2.5 18.0
0.5 0.5 77.0569336684 67.8333333333 1.0 2.5 18.0,3,1.0,0.5 0.5 81.5026113314 42.2222222222 1.0 2.5 18.0
0.5 0.5 81.5026113314 42.2222222222 1.0 2.5 18.0,3,1.0,0.5 0.5 82.2148496924 73.2222222222 1.0 2.5 18.0
0.5 0.5 82.2148496924 73.2222222222 1.0 2.5 18.0,3,1.0,0.5 0.5 73.3334662468 41.2777777778 1.0 2.5 18.0
0.5 0.5 73.3334662468 41.2777777778 1.0 2.5 18.0,3,1.0,0.5 0.5 84.5260692968 31.5555555556 1.0 2.5 18.0
0.5 0.5 84.5260692968 31.5555555556 1.0 2.5 18.0,3,1.0,0.5 0.5 91.5594763841 59.2777777778 1.0 2.5 18.0
0.5 0.5 91.5594763841 59.2777777778 1.0 2.5 18.0,2,1.0,0.5 0.5 75.5877368921 35.9444444444 1.0 2.5 18.0
0.5 0.5 75.5877368921 35.9444444444 1.0 2.5 18.0,3,1.0,0.5 0.5 77.7564768208 56.1111111111 1.0 2.5 18.0
0.5 0.5 77.7564768208 56.1111111111 1.0 2.5 18.0,3,1.0,0.5 0.5 71.8683024705 45.0555555556 1.0 2.5 18.0
0.5 0.5 71.8683024705 45.0555555556 1.0 2.5 18.0,2,1.0,0.5 0.5 78.0703030521 33.6111111111 1.0 2.5 18.0
0.0 0.0 250.0 150.0 0.0 4.0 18.0,1,-1.0,0.0 0.0 250.0 150.0 0.0 3.5 18.0
0.0 0.0 250.0 150.0 0.0 3.5 18.0,1,-1.0,0.0 0.0 250.0 150.0 0.0 3.0 18.0
0.0 0.0 250.0 150.0 0.0 3.0 18.0,1,1.0,0.5 0.5 100.862242452 81.2222222222 1.0 2.5 18.0
0.5 0.5 100.862242452 81.2222222222 1.0 2.5 18.0,3,1.0,0.5 0.5 99.5792007994 32.2777777778 1.0 2.5 18.0
0.5 0.5 99.5792007994 32.2777777778 1.0 2.5 18.0,3,1.0,0.5 0.5 91.9446660664 33.8888888889 1.0 2.5 18.0
0.5 0.5 91.9446660664 33.8888888889 1.0 2.5 18.0,3,1.0,0.5 0.5 80.1821025161 38.4444444444 1.0 2.5 18.0
0.5 0.5 80.1821025161 38.4444444444 1.0 2.5 18.0,2,1.0,0.5 0.5 70.1174353106 46.5 1.0 2.5 18.0
0.5 0.5 70.1174353106 46.5 1.0 2.5 18.0,2,1.0,0.5 0.5 75.2948626247 73.1111111111 1.0 2.5 18.0
0.5 0.5 75.2948626247 73.1111111111 1.0 2.5 18.0,3,1.0,0.5 0.5 77.4298517883 20.7777777778 1.0 2.5 18.0
0.5 0.5 77.4298517883 20.7777777778 1.0 2.5 18.0,3,1.0,0.5 0.5 83.3968775733 37.6111111111 1.0 2.5 18.0
0.5 0.5 83.3968775733 37.6111111111 1.0 2.5 18.0,3,1.0,0.5 0.5 76.61280449 50.5 1.0 2.5 18.0
0.5 0.5 76.61280449 50.5 1.0 2.5 18.0,3,1.0,0.5 0.5 65.9723178374 37.0555555556 1.0 2.5 18.0
0.5 0.5 65.9723178374 37.0555555556 1.0 2.5 18.0,3,1.0,0.5 0.5 86.3615320228 46.3888888889 1.0 2.5 18.0
0.5 0.5 86.3615320228 46.3888888889 1.0 2.5 18.0,3,1.0,0.5 0.5 75.9963166788 46.3888888889 1.0 2.5 18.0
0.5 0.5 75.9963166788 46.3888888889 1.0 2.5 18.0,3,1.0,0.5 0.5 103.984100937 26.5 1.0 2.5 18.0
0.0 0.0 250.0 150.0 0.0 3.5 16.0,1,-1.0,0.0 0.0 250.0 150.0 0.0 3.0 16.0
0.0 0.0 250.0 150.0 0.0 3.0 16.0,1,1.0,0.5 0.5 88.12471298 87.875 0.888888888889 2.5 16.0
0.5 0.5 88.12471298 87.875 0.888888888889 2.5 16.0,3,1.0,0.5 0.5 85.2496407412 43.1176470588 0.944444444444 2.5 17.0
0.5 0.5 85.2496407412 43.1176470588 0.944444444444 2.5 17.0,3,1.0,0.5 0.5 77.5331284666 57.5555555556 1.0 2.5 18.0
0.5 0.5 77.5331284666 57.5555555556 1.0 2.5 18.0,3,1.0,0.5 0.5 59.9001788133 46.6666666667 1.0 2.5 18.0
0.5 0.5 59.9001788133 46.6666666667 1.0 2.5 18.0,3,1.0,0.5 0.5 85.4095105161 32.7222222222 1.0 2.5 18.0
0.5 0.5 85.4095105161 32.7222222222 1.0 2.5 18.0,3,1.0,0.5 0.5 85.360884124 51.6111111111 1.0 2.5 18.0
0.5 0.5 85.360884124 51.6111111111 1.0 2.5 18.0,3,1.0,0.5 0.5 81.1254109408 47.7222222222 1.0 2.5 18.0
0.5 0.5 81.1254109408 47.7222222222 1.0 2.5 18.0,3,1.0,0.5 0.5 69.8177198789 44.5555555556 1.0 2.5 18.0
0.5 0.5 69.8177198789 44.5555555556 1.0 2.5 18.0,3,1.0,0.5 0.5 72.4316752714 35.8888888889 1.0 2.5 18.0
0.5 0.5 72.4316752714 35.8888888889 1.0 2.5 18.0,3,1.0,0.5 0.5 78.2878385306 27.5555555556 1.0 2.5 18.0
0.5 0.5 78.2878385306 27.5555555556 1.0 2.5 18.0,3,1.0,0.5 0.5 87.3766680974 36.5555555556 1.0 2.5 18.0
0.5 0.5 87.3766680974 36.5555555556 1.0 2.5 18.0,3,1.0,0.5 0.5 79.3342590949 66.1111111111 1.0 2.5 18.0
0.5 0.5 79.3342590949 66.1111111111 1.0 2.5 18.0,3,1.0,0.5 0.5 93.3088284926 29.6111111111 1.0 2.5 18.0
0.5 0.5 93.3088284926 29.6111111111 1.0 2.5 18.0,3,1.0,0.5 0.5 86.9396920007 36.9444444444 1.0 2.5 18.0
1.0 1.0 80.9965248579 17.1111111111 1.0 2.0 18.0,0,1.0,0.5 0.5 87.3261006208 49.1111111111 1.0 2.5 18.0
0.5 0.5 87.3261006208 49.1111111111 1.0 2.5 18.0,3,1.0,0.5 0.5 78.5171101095 52.8888888889 1.0 2.5 18.0
0.5 0.5 78.5171101095 52.8888888889 1.0 2.5 18.0,3,1.0,0.5 0.5 75.696283163 56.6666666667 1.0 2.5 18.0
0.5 0.5 75.696283163 56.6666666667 1.0 2.5 18.0,3,1.0,0.5 0.5 79.3484107237 48.7222222222 1.0 2.5 18.0
0.5 0.5 79.3484107237 48.7222222222 1.0 2.5 18.0,2,1.0,0.5 0.5 78.0536503754 20.8888888889 1.0 2.5 18.0
0.5 0.5 78.0536503754 20.8888888889 1.0 2.5 18.0,3,1.0,0.5 0.5 65.7029009443 55.1111111111 1.0 2.5 18.0
0.5 0.5 65.7029009443 55.1111111111 1.0 2.5 18.0,3,1.0,0.5 0.5 95.2071525488 54.7222222222 1.0 2.5 18.0
0.5 0.5 95.2071525488 54.7222222222 1.0 2.5 18.0,3,1.0,0.5 0.5 80.9421940112 30.5555555556 1.0 2.5 18.0
0.5 0.5 80.9421940112 30.5555555556 1.0 2.5 18.0,3,1.0,0.5 0.5 75.8939034155 34.2222222222 1.0 2.5 18.0
0.5 0.5 75.8939034155 34.2222222222 1.0 2.5 18.0,3,1.0,0.5 0.5 88.9970614722 94.4444444444 1.0 2.5 18.0
0.5 0.5 88.9970614722 94.4444444444 1.0 2.5 18.0,3,1.0,0.5 0.5 74.7490146536 98.9444444444 1.0 2.5 18.0
0.5 0.5 74.7490146536 98.9444444444 1.0 2.5 18.0,3,1.0,0.5 0.5 79.6755647206 49.0 1.0 2.5 18.0
0.5 0.5 79.6755647206 49.0 1.0 2.5 18.0,3,1.0,0.5 0.5 80.1016929432 30.6666666667 1.0 2.5 18.0
0.5 0.5 80.1016929432 30.6666666667 1.0 2.5 18.0,3,1.0,0.5 0.5 78.8704140236 45.5555555556 1.0 2.5 18.0
0.5 0.5 78.8704140236 45.5555555556 1.0 2.5 18.0,3,1.0,0.5 0.5 97.4850064469 47.6111111111 1.0 2.5 18.0
0.5 0.5 83.9015383161 52.5555555556 1.0 2.5 18.0,3,1.0,0.5 0.5 113.235849894 36.2777777778 1.0 2.5 18.0
0.5 0.5 113.235849894 36.2777777778 1.0 2.5 18.0,3,1.0,0.5 0.5 87.7154794369 47.8888888889 1.0 2.5 18.0
0.5 0.5 87.7154794369 47.8888888889 1.0 2.5 18.0,3,1.0,0.5 0.5 68.8515579764 46.3888888889 1.0 2.5 18.0
0.5 0.5 68.8515579764 46.3888888889 1.0 2.5 18.0,3,1.0,0.5 0.5 83.3073455165 38.1111111111 1.0 2.5 18.0
0.5 0.5 83.3073455165 38.1111111111 1.0 2.5 18.0,3,1.0,0.5 0.5 66.9230380357 26.7777777778 1.0 2.5 18.0
0.5 0.5 66.9230380357 26.7777777778 1.0 2.5 18.0,3,1.0,0.5 0.5 79.5354817531 37.2222222222 1.0 2.5 18.0
0.5 0.5 79.5354817531 37.2222222222 1.0 2.5 18.0,3,1.0,0.5 0.5 82.8712458844 46.2777777778 1.0 2.5 18.0
0.5 0.5 82.8712458844 46.2777777778 1.0 2.5 18.0,3,1.0,0.5 0.5 74.2982293279 39.2222222222 1.0 2.5 18.0
0.5 0.5 74.2982293279 39.2222222222 1.0 2.5 18.0,3,1.0,0.5 0.5 75.8107544927 53.1666666667 1.0 2.5 18.0
0.5 0.5 75.8107544927 53.1666666667 1.0 2.5 18.0,2,1.0,0.5 0.5 79.3931533728 32.0555555556 1.0 2.5 18.0
0.5 0.5 79.3931533728 32.0555555556 1.0 2.5 18.0,3,1.0,0.5 0.5 77.7222601963 47.6666666667 1.0 2.5 18.0
0.5 0.5 77.7222601963 47.6666666667 1.0 2.5 18.0,2,1.0,0.5 0.5 70.9252680557 57.2222222222 1.0 2.5 18.0
0.5 0.5 70.9252680557 57.2222222222 1.0 2.5 18.0,3,1.0,0.5 0.5 77.3373403154 42.8888888889 1.0 2.5 18.0
0.5 0.5 77.3373403154 42.8888888889 1.0 2.5 18.0,3,1.0,0.5 0.5 81.6114933677 37.7222222222 1.0 2.5 18.0
0.5 0.5 81.6114933677 37.7222222222 1.0 2.5 18.0,3,1.0,0.5 0.5 78.3532184973 37.3888888889 1.0 2.5 18.0
0.0 0.0 250.0 150.0 0.0 4.0 18.0,1,-1.0,0.0 0.0 250.0 150.0 0.0 3.5 18.0
0.0 0.0 250.0 150.0 0.0 3.5 18.0,1,-1.0,0.0 0.0 250.0 150.0 0.0 3.0 18.0
0.0 0.0 250.0 150.0 0.0 3.0 18.0,1,1.0,0.5 0.5 79.4736068378 106.888888889 1.0 2.5 18.0
0.5 0.5 79.4736068378 106.888888889 1.0 2.5 18.0,3,1.0,0.5 0.5 90.5034813374 29.6666666667 1.0 2.5 18.0
0.5 0.5 90.5034813374 29.6666666667 1.0 2.5 18.0,3,1.0,0.5 0.5 71.7778944241 33.8888888889 1.0 2.5 18.0
0.5 0.5 71.7778944241 33.8888888889 1.0 2.5 18.0,3,1.0,0.5 0.5 83.7797156436 38.5555555556 1.0 2.5 18.0
0.5 0.5 83.7797156436 38.5555555556 1.0 2.5 18.0,2,1.0,0.5 0.5 82.4956980414 62.0555555556 1.0 2.5 18.0
0.5 0.5 82.4956980414 62.0555555556 1.0 2.5 18.0,3,1.0,0.5 0.5 82.2235456422 37.9444444444 1.0 2.5 18.0
0.5 0.5 82.2235456422 37.9444444444 1.0 2.5 18.0,2,1.0,0.5 0.5 87.4682148663 35.8333333333 1.0 2.5 18.0
0.5 0.5 87.4682148663 35.8333333333 1.0 2.5 18.0,3,1.0,0.5 0.5 79.7810211684 96.3333333333 1.0 2.5 18.0
0.5 0.5 79.7810211684 96.3333333333 1.0 2.5 18.0,3,1.0,0.5 0.5 65.0936548099 31.1666666667 1.0 2.5 18.0
0.5 0.5 65.0936548099 31.1666666667 1.0 2.5 18.0,3,1.0,0.5 0.5 80.3457580087 51.9444444444 1.0 2.5 18.0
0.5 0.5 80.3457580087 51.9444444444 1.0 2.5 18.0,2,1.0,0.5 0.5 95.4691755035 26.3888888889 1.0 2.5 18.0
0.5 0.5 95.4691755035 26.3888888889 1.0 2.5 18.0,3,1.0,0.5 0.5 80.3471722149 53.2222222222 1.0 2.5 18.0
0.5 0.5 80.3471722149 53.2222222222 1.0 2.5 18.0,2,1.0,0.5 0.5 104.586513596 72.6111111111 1.0 2.5 18.0
1.0 1.0 67.9882761675 9.42857142857 0.777777777778 0.5 14.0,0,1.0,1.0 1.0 79.2267587829 11.7857142857 0.777777777778 1.0 14.0
1.0 1.0 79.2267587829 11.7857142857 0.777777777778 1.0 14.0,3,1.0,1.0 1.0 66.3182661308 9.46666666667 0.833333333333 1.0 15.0
1.0 1.0 66.3182661308 9.46666666667 0.833333333333 1.0 15.0,0,1.0,1.0 1.0 65.1227278809 12.8666666667 0.833333333333 1.5 15.0
1.0 1.0 65.1227278809 12.8666666667 0.833333333333 1.5 15.0,0,1.0,1.0 1.0 66.4001714155 8.66666666667 0.833333333333 2.0 15.0
1.0 1.0 66.4001714155 8.66666666667 0.833333333333 2.0 15.0,3,1.0,1.0 1.0 60.0655182436 14.0625 0.888888888889 2.0 16.0
1.0 1.0 60.0655182436 14.0625 0.888888888889 2.0 16.0,3,1.0,1.0 1.0 66.2696402317 13.6470588235 0.944444444444 2.0 17.0
1.0 1.0 66.2696402317 13.6470588235 0.944444444444 2.0 17.0,0,1.0,0.5 0.5 90.6131579196 49.7647058824 0.944444444444 2.5 17.0
0.5 0.5 90.6131579196 49.7647058824 0.944444444444 2.5 17.0,3,1.0,0.5 0.5 80.7434675068 45.3333333333 1.0 2.5 18.0
0.5 0.5 80.7434675068 45.3333333333 1.0 2.5 18.0,3,1.0,0.5 0.5 78.2871803897 59.1111111111 1.0 2.5 18.0
0.5 0.5 78.2871803897 59.1111111111 1.0 2.5 18.0,3,1.0,0.5 0.5 90.3316962001 44.1111111111 1.0 2.5 18.0
0.5 0.5 90.3316962001 44.1111111111 1.0 2.5 18.0,3,1.0,0.5 0.5 86.7080970706 21.0 1.0 2.5 18.0
0.5 0.5 86.7080970706 21.0 1.0 2.5 18.0,3,1.0,0.5 0.5 87.3025167392 43.4444444444 1.0 2.5 18.0
0.5 0.5 87.3025167392 43.4444444444 1.0 2.5 18.0,3,1.0,0.5 0.5 97.5516594183 32.8333333333 1.0 2.5 18.0
0.5 0.5 97.5516594183 32.8333333333 1.0 2.5 18.0,3,1.0,0.5 0.5 78.4702903292 75.6666666667 1.0 2.5 18.0
0.5 0.5 78.4702903292 75.6666666667 1.0 2.5 18.0,3,1.0,0.5 0.5 81.2965033264 42.1666666667 1.0 2.5 18.0
1.0 1.0 64.331912701 17.5 1.0 1.5 18.0,0,1.0,1.0 1.0 69.1780246569 17.4444444444 1.0 2.0 18.0
1.0 1.0 69.1780246569 17.4444444444 1.0 2.0 18.0,0,1.0,0.5 0.5 75.7947858702 56.2222222222 1.0 2.5 18.0
0.5 0.5 75.7947858702 56.2222222222 1.0 2.5 18.0,3,1.0,0.5 0.5 95.1729269645 34.8888888889 1.0 2.5 18.0
0.5 0.5 95.1729269645 34.8888888889 1.0 2.5 18.0,2,1.0,0.5 0.5 90.5529783403 70.1666666667 1.0 2.5 18.0
0.5 0.5 90.5529783403 70.1666666667 1.0 2.5 18.0,3,1.0,0.5 0.5 70.9787769578 41.2777777778 1.0 2.5 18.0
0.5 0.5 70.9787769578 41.2777777778 1.0 2.5 18.0,3,1.0,0.5 0.5 103.473590297 45.0 1.0 2.5 18.0
0.5 0.5 103.473590297 45.0 1.0 2.5 18.0,3,1.0,0.5 0.5 90.6311401632 39.1111111111 1.0 2.5 18.0
