1.0 1.0 47.9041724903 26.2857142857 1.0 0.5 7.0,2,1.0,1.0 1.0 47.9041724903 26.2857142857 1.0 0.5 7.0
1.0 1.0 47.9041724903 26.2857142857 1.0 0.5 7.0,2,1.0,1.0 1.0 51.8337870037 23.2857142857 1.0 0.5 7.0
1.0 1.0 51.8337870037 23.2857142857 1.0 0.5 7.0,2,1.0,1.0 1.0 51.8337870037 23.2857142857 1.0 0.5 7.0
1.0 1.0 51.8337870037 23.2857142857 1.0 0.5 7.0,3,1.0,1.0 1.0 49.7209739437 23.5714285714 1.0 0.5 7.0
1.0 1.0 49.7209739437 23.5714285714 1.0 0.5 7.0,4,-1.0,1.0 1.0 53.8704682407 23.8333333333 0.857142857143 0.5 6.0
1.0 1.0 53.8704682407 23.8333333333 0.857142857143 0.5 6.0,2,-1.0,1.0 1.0 53.8704682407 23.5 0.857142857143 0.5 6.0
1.0 1.0 53.8704682407 23.5 0.857142857143 0.5 6.0,3,1.0,1.0 1.0 51.8337870037 23.2857142857 1.0 0.5 7.0
1.0 1.0 51.8337870037 23.2857142857 1.0 0.5 7.0,2,1.0,1.0 1.0 51.8337870037 23.5714285714 1.0 0.5 7.0
1.0 1.0 51.8337870037 23.5714285714 1.0 0.5 7.0,2,1.0,1.0 1.0 51.8337870037 23.5714285714 1.0 0.5 7.0
1.0 1.0 51.8337870037 23.5714285714 1.0 0.5 7.0,1,1.0,1.0 1.0 51.8337870037 23.2857142857 1.0 0.5 7.0
1.0 1.0 51.8337870037 23.2857142857 1.0 0.5 7.0,1,1.0,1.0 1.0 51.8337870037 23.2857142857 1.0 0.5 7.0
1.0 1.0 51.8337870037 23.2857142857 1.0 0.5 7.0,4,-1.0,1.0 1.0 49.2859179749 23.5 0.857142857143 0.5 6.0
1.0 1.0 49.2859179749 23.5 0.857142857143 0.5 6.0,4,-1.0,1.0 1.0 60.9943808809 24.0 0.714285714286 0.5 5.0
1.0 1.0 60.9943808809 24.0 0.714285714286 0.5 5.0,4,-1.0,1.0 1.0 30.0365443974 22.25 0.571428571429 0.5 4.0
1.0 1.0 30.0365443974 22.25 0.571428571429 0.5 4.0,1,-1.0,1.0 1.0 30.0365443974 22.0 0.571428571429 0.5 4.0
1.0 1.0 10.2205665553 22.0 0.142857142857 0.5 1.0,0,1.0,1.0 1.0 10.2205665553 22.0 0.142857142857 1.0 1.0
1.0 1.0 10.2205665553 22.0 0.142857142857 1.0 1.0,2,-1.0,1.0 1.0 10.2205665553 22.0 0.142857142857 1.0 1.0
1.0 1.0 10.2205665553 22.0 0.142857142857 1.0 1.0,0,1.0,1.0 1.0 10.2205665553 23.0 0.142857142857 1.5 1.0
1.0 1.0 10.2205665553 23.0 0.142857142857 1.5 1.0,3,1.0,1.0 1.0 27.8245165324 22.0 0.285714285714 1.5 2.0
1.0 1.0 27.8245165324 22.0 0.285714285714 1.5 2.0,3,1.0,1.0 1.0 33.7044022035 22.0 0.428571428571 1.5 3.0
1.0 1.0 33.7044022035 22.0 0.428571428571 1.5 3.0,1,-1.0,1.0 1.0 33.7044022035 22.0 0.428571428571 1.0 3.0
1.0 1.0 33.7044022035 22.0 0.428571428571 1.0 3.0,4,-1.0,1.0 1.0 27.8245165324 22.0 0.285714285714 1.0 2.0
1.0 1.0 27.8245165324 22.0 0.285714285714 1.0 2.0,4,-1.0,1.0 1.0 10.2205665553 22.0 0.142857142857 1.0 1.0
1.0 1.0 10.2205665553 22.0 0.142857142857 1.0 1.0,3,1.0,1.0 1.0 27.8245165324 22.0 0.285714285714 1.0 2.0
1.0 1.0 27.8245165324 22.0 0.285714285714 1.0 2.0,3,1.0,1.0 1.0 33.7044022035 22.0 0.428571428571 1.0 3.0
1.0 1.0 33.7044022035 22.0 0.428571428571 1.0 3.0,2,-1.0,1.0 1.0 33.7044022035 22.0 0.428571428571 1.0 3.0
1.0 1.0 33.7044022035 22.0 0.428571428571 1.0 3.0,2,-1.0,1.0 1.0 33.7044022035 22.0 0.428571428571 1.0 3.0
1.0 1.0 33.7044022035 22.0 0.428571428571 1.0 3.0,4,-1.0,1.0 1.0 27.8245165324 22.0 0.285714285714 1.0 2.0
1.0 1.0 27.8245165324 22.0 0.285714285714 1.0 2.0,2,-1.0,1.0 1.0 27.8245165324 22.0 0.285714285714 1.0 2.0
1.0 1.0 27.8245165324 22.0 0.285714285714 1.0 2.0,2,-1.0,1.0 1.0 27.8245165324 22.0 0.285714285714 1.0 2.0
1.0 1.0 28.139039864 22.0 0.714285714286 1.0 5.0,2,1.0,1.0 1.0 60.9943808809 23.8 0.714285714286 1.0 5.0
1.0 1.0 60.9943808809 23.8 0.714285714286 1.0 5.0,0,1.0,1.0 1.0 60.9943808809 23.8 0.714285714286 1.5 5.0
1.0 1.0 60.9943808809 23.8 0.714285714286 1.5 5.0,4,-1.0,1.0 1.0 30.0365443974 22.0 0.571428571429 1.5 4.0
1.0 1.0 30.0365443974 22.0 0.571428571429 1.5 4.0,4,-1.0,1.0 1.0 33.7044022035 22.0 0.428571428571 1.5 3.0
1.0 1.0 33.7044022035 22.0 0.428571428571 1.5 3.0,1,-1.0,1.0 1.0 33.7044022035 22.0 0.428571428571 1.0 3.0
1.0 1.0 33.7044022035 22.0 0.428571428571 1.0 3.0,0,1.0,1.0 1.0 33.7044022035 22.0 0.428571428571 1.5 3.0
1.0 1.0 33.7044022035 22.0 0.428571428571 1.5 3.0,4,-1.0,1.0 1.0 27.8245165324 22.0 0.285714285714 1.5 2.0
1.0 1.0 27.8245165324 22.0 0.285714285714 1.5 2.0,0,1.0,1.0 1.0 27.8245165324 22.5 0.285714285714 2.0 2.0
1.0 1.0 27.8245165324 22.5 0.285714285714 2.0 2.0,0,1.0,0.5 0.5 96.4007545181 26.5 0.285714285714 2.5 2.0
0.5 0.5 96.4007545181 26.5 0.285714285714 2.5 2.0,2,-1.0,0.5 0.5 41.8478636564 23.5 0.285714285714 2.5 2.0
0.5 0.5 41.8478636564 23.5 0.285714285714 2.5 2.0,1,-1.0,1.0 1.0 27.8245165324 22.0 0.285714285714 2.0 2.0
1.0 1.0 27.8245165324 22.0 0.285714285714 2.0 2.0,2,-1.0,1.0 1.0 27.8245165324 22.0 0.285714285714 2.0 2.0
1.0 1.0 27.8245165324 22.0 0.285714285714 2.0 2.0,1,-1.0,1.0 1.0 27.8245165324 22.0 0.285714285714 1.5 2.0
1.0 1.0 27.8245165324 22.0 0.285714285714 1.5 2.0,1,-1.0,1.0 1.0 27.8245165324 22.0 0.285714285714 1.0 2.0
1.0 1.0 27.8245165324 22.0 0.285714285714 1.0 2.0,0,1.0,1.0 1.0 27.8245165324 22.0 0.285714285714 1.5 2.0
0.0 0.0 250.0 150.0 0.0 3.5 1.0,3,-1.0,0.0 0.0 250.0 150.0 0.0 3.5 2.0
0.0 0.0 250.0 150.0 0.0 3.5 2.0,4,-1.0,0.0 0.0 250.0 150.0 0.0 3.5 1.0
0.0 0.0 250.0 150.0 0.0 3.5 1.0,1,-1.0,0.0 0.0 250.0 150.0 0.0 3.0 1.0
0.0 0.0 250.0 150.0 0.0 3.0 1.0,1,1.0,0.5 0.5 51.2442393707 22.0 0.142857142857 2.5 1.0
0.5 0.5 51.2442393707 22.0 0.142857142857 2.5 1.0,1,-1.0,1.0 1.0 10.2205665553 22.0 0.142857142857 2.0 1.0
1.0 1.0 10.2205665553 22.0 0.142857142857 2.0 1.0,0,1.0,0.5 0.5 10.2205665553 23.0 0.142857142857 2.5 1.0
0.5 0.5 10.2205665553 23.0 0.142857142857 2.5 1.0,1,-1.0,1.0 1.0 10.2205665553 23.0 0.142857142857 2.0 1.0
1.0 1.0 10.2205665553 23.0 0.142857142857 2.0 1.0,3,1.0,1.0 1.0 27.8245165324 22.5 0.285714285714 2.0 2.0
1.0 1.0 27.8245165324 22.5 0.285714285714 2.0 2.0,1,-1.0,1.0 1.0 27.8245165324 22.0 0.285714285714 1.5 2.0
1.0 1.0 27.8245165324 22.0 0.285714285714 1.5 2.0,1,-1.0,1.0 1.0 27.8245165324 23.5 0.285714285714 1.0 2.0
1.0 1.0 27.8245165324 23.5 0.285714285714 1.0 2.0,4,-1.0,1.0 1.0 10.2205665553 22.0 0.142857142857 1.0 1.0
1.0 1.0 10.2205665553 22.0 0.142857142857 1.0 1.0,1,-1.0,1.0 1.0 10.2205665553 22.0 0.142857142857 0.5 1.0
1.0 1.0 10.2205665553 22.0 0.142857142857 0.5 1.0,3,1.0,1.0 1.0 27.8245165324 22.5 0.285714285714 0.5 2.0
1.0 1.0 27.8245165324 22.5 0.285714285714 0.5 2.0,3,1.0,1.0 1.0 33.7044022035 22.0 0.428571428571 0.5 3.0
1.0 1.0 33.7044022035 22.0 0.428571428571 0.5 3.0,1,-1.0,1.0 1.0 33.7044022035 22.0 0.428571428571 0.5 3.0
1.0 1.0 33.7044022035 22.0 0.428571428571 1.0 3.0,2,-1.0,1.0 1.0 33.7044022035 22.0 0.428571428571 1.0 3.0
1.0 1.0 33.7044022035 22.0 0.428571428571 1.0 3.0,1,-1.0,1.0 1.0 33.7044022035 22.0 0.428571428571 0.5 3.0
1.0 1.0 33.7044022035 22.0 0.428571428571 0.5 3.0,3,1.0,1.0 1.0 30.0365443974 22.0 0.571428571429 0.5 4.0
1.0 1.0 30.0365443974 22.0 0.571428571429 0.5 4.0,2,-1.0,1.0 1.0 30.0365443974 22.0 0.571428571429 0.5 4.0
1.0 1.0 30.0365443974 22.0 0.571428571429 0.5 4.0,2,-1.0,1.0 1.0 30.0365443974 22.0 0.571428571429 0.5 4.0
1.0 1.0 30.0365443974 22.0 0.571428571429 0.5 4.0,4,-1.0,1.0 1.0 33.7044022035 22.0 0.428571428571 0.5 3.0
1.0 1.0 33.7044022035 22.0 0.428571428571 0.5 3.0,4,-1.0,1.0 1.0 27.8245165324 22.0 0.285714285714 0.5 2.0
1.0 1.0 27.8245165324 22.0 0.285714285714 0.5 2.0,4,-1.0,1.0 1.0 10.2205665553 23.0 0.142857142857 0.5 1.0
1.0 1.0 10.2205665553 23.0 0.142857142857 0.5 1.0,2,-1.0,1.0 1.0 10.2205665553 22.0 0.142857142857 0.5 1.0
1.0 1.0 10.2205665553 22.0 0.142857142857 0.5 1.0,3,1.0,1.0 1.0 27.8245165324 23.0 0.285714285714 0.5 2.0
1.0 1.0 27.8245165324 23.0 0.285714285714 0.5 2.0,0,1.0,1.0 1.0 27.8245165324 22.0 0.285714285714 1.0 2.0
1.0 1.0 27.8245165324 22.0 0.285714285714 1.0 2.0,4,-1.0,1.0 1.0 10.2205665553 22.0 0.142857142857 1.0 1.0
1.0 1.0 10.2205665553 22.0 0.142857142857 1.0 1.0,0,1.0,1.0 1.0 10.2205665553 22.0 0.142857142857 1.5 1.0
1.0 1.0 10.2205665553 22.0 0.142857142857 1.5 1.0,0,1.0,1.0 1.0 10.2205665553 22.0 0.142857142857 2.0 1.0
1.0 1.0 10.2205665553 22.0 0.142857142857 2.0 1.0,4,-1.0,1.0 1.0 10.2205665553 22.0 0.142857142857 2.0 1.0
0.0 0.0 250.0 150.0 0.0 3.5 1.0,0,-1.0,0.0 0.0 250.0 150.0 0.0 4.0 1.0
0.0 0.0 250.0 150.0 0.0 4.0 1.0,3,-1.0,0.0 0.0 250.0 150.0 0.0 4.0 2.0
0.0 0.0 250.0 150.0 0.0 4.0 2.0,1,-1.0,0.0 0.0 250.0 150.0 0.0 3.5 2.0
0.0 0.0 250.0 150.0 0.0 3.5 2.0,2,-1.0,0.0 0.0 250.0 150.0 0.0 3.5 2.0
0.0 0.0 250.0 150.0 0.0 3.5 2.0,0,-1.0,0.0 0.0 250.0 150.0 0.0 4.0 2.0
0.0 0.0 250.0 150.0 0.0 4.0 2.0,2,-1.0,0.0 0.0 250.0 150.0 0.0 4.0 2.0
0.0 0.0 250.0 150.0 0.0 4.0 2.0,0,-1.0,0.0 0.0 250.0 150.0 0.0 4.0 2.0
0.0 0.0 250.0 150.0 0.0 4.0 2.0,0,-1.0,0.0 0.0 250.0 150.0 0.0 4.0 2.0
0.0 0.0 250.0 150.0 0.0 4.0 2.0,0,-1.0,0.0 0.0 250.0 150.0 0.0 4.0 2.0
0.0 0.0 250.0 150.0 0.0 4.0 2.0,1,-1.0,0.0 0.0 250.0 150.0 0.0 3.5 2.0
0.0 0.0 250.0 150.0 0.0 3.5 2.0,4,-1.0,0.0 0.0 250.0 150.0 0.0 3.5 1.0
0.0 0.0 250.0 150.0 0.0 3.5 1.0,3,-1.0,0.0 0.0 250.0 150.0 0.0 3.5 2.0
0.0 0.0 250.0 150.0 0.0 3.5 2.0,2,-1.0,0.0 0.0 250.0 150.0 0.0 3.5 2.0
0.0 0.0 250.0 150.0 0.0 3.5 2.0,4,-1.0,0.0 0.0 250.0 150.0 0.0 3.5 1.0
0.0 0.0 250.0 150.0 0.0 3.5 1.0,3,-1.0,0.0 0.0 250.0 150.0 0.0 3.5 2.0
0.0 0.0 250.0 150.0 0.0 4.0 3.0,2,-1.0,0.0 0.0 250.0 150.0 0.0 4.0 3.0
0.0 0.0 250.0 150.0 0.0 4.0 3.0,0,-1.0,0.0 0.0 250.0 150.0 0.0 4.0 3.0
0.0 0.0 250.0 150.0 0.0 4.0 3.0,1,-1.0,0.0 0.0 250.0 150.0 0.0 3.5 3.0
0.0 0.0 250.0 150.0 0.0 3.5 3.0,3,-1.0,0.0 0.0 250.0 150.0 0.0 3.5 4.0
0.0 0.0 250.0 150.0 0.0 3.5 4.0,1,-1.0,0.0 0.0 250.0 150.0 0.0 3.0 4.0
0.0 0.0 250.0 150.0 0.0 3.0 4.0,2,-1.0,0.0 0.0 250.0 150.0 0.0 3.0 4.0
0.0 0.0 250.0 150.0 0.0 3.0 4.0,3,-1.0,0.0 0.0 250.0 150.0 0.0 3.0 5.0
0.0 0.0 250.0 150.0 0.0 3.0 5.0,1,1.0,0.5 0.5 97.4019727626 25.8 0.714285714286 2.5 5.0
0.5 0.5 97.4019727626 25.8 0.714285714286 2.5 5.0,0,-1.0,0.0 0.0 250.0 150.0 0.0 3.0 5.0
0.0 0.0 250.0 150.0 0.0 3.0 5.0,0,-1.0,0.0 0.0 250.0 150.0 0.0 3.5 5.0
0.0 0.0 250.0 150.0 0.0 3.5 5.0,2,-1.0,0.0 0.0 250.0 150.0 0.0 3.5 5.0
0.0 0.0 250.0 150.0 0.0 3.5 5.0,1,-1.0,0.0 0.0 250.0 150.0 0.0 3.0 5.0
0.0 0.0 250.0 150.0 0.0 3.0 5.0,1,1.0,0.5 0.5 34.9952963616 27.0 0.714285714286 2.5 5.0
0.5 0.5 34.9952963616 27.0 0.714285714286 2.5 5.0,1,-1.0,1.0 1.0 60.9943808809 24.0 0.714285714286 2.0 5.0
1.0 1.0 60.9943808809 24.0 0.714285714286 2.0 5.0,0,1.0,0.5 0.5 64.2138733227 24.0 0.714285714286 2.5 5.0
0.5 0.5 57.9936313338 24.2857142857 1.0 2.5 7.0,2,1.0,0.5 0.5 51.5931022903 26.5714285714 1.0 2.5 7.0
0.5 0.5 51.5931022903 26.5714285714 1.0 2.5 7.0,4,-1.0,0.5 0.5 44.4840235468 23.5 0.857142857143 2.5 6.0
0.5 0.5 44.4840235468 23.5 0.857142857143 2.5 6.0,1,-1.0,1.0 1.0 53.8704682407 23.6666666667 0.857142857143 2.0 6.0
1.0 1.0 53.8704682407 23.6666666667 0.857142857143 2.0 6.0,3,1.0,1.0 1.0 51.8337870037 23.5714285714 1.0 2.0 7.0
1.0 1.0 51.8337870037 23.5714285714 1.0 2.0 7.0,3,-1.0,1.0 1.0 47.9041724903 23.5714285714 1.0 2.0 7.0
1.0 1.0 47.9041724903 23.5714285714 1.0 2.0 7.0,3,-1.0,1.0 1.0 51.8337870037 23.2857142857 1.0 2.0 7.0
1.0 1.0 51.8337870037 23.2857142857 1.0 2.0 7.0,1,-1.0,1.0 1.0 47.9041724903 23.4285714286 1.0 1.5 7.0
1.0 1.0 47.9041724903 23.4285714286 1.0 1.5 7.0,4,-1.0,1.0 1.0 52.4653917334 23.8333333333 0.857142857143 1.5 6.0
1.0 1.0 52.4653917334 23.8333333333 0.857142857143 1.5 6.0,3,1.0,1.0 1.0 51.8337870037 23.2857142857 1.0 1.5 7.0
1.0 1.0 51.8337870037 23.2857142857 1.0 1.5 7.0,3,-1.0,1.0 1.0 51.8337870037 23.4285714286 1.0 1.5 7.0
1.0 1.0 51.8337870037 23.4285714286 1.0 1.5 7.0,3,-1.0,1.0 1.0 51.8337870037 23.2857142857 1.0 1.5 7.0
1.0 1.0 51.8337870037 23.2857142857 1.0 1.5 7.0,1,-1.0,1.0 1.0 51.8337870037 23.2857142857 1.0 1.0 7.0
1.0 1.0 51.8337870037 23.2857142857 1.0 1.0 7.0,3,-1.0,1.0 1.0 51.8337870037 23.2857142857 1.0 1.0 7.0
1.0 1.0 51.8337870037 23.2857142857 1.0 1.0 7.0,2,-1.0,1.0 1.0 49.7209739437 23.7142857143 1.0 1.0 7.0
1.0 1.0 49.7209739437 23.7142857143 1.0 1.0 7.0,2,-1.0,1.0 1.0 51.8337870037 23.2857142857 1.0 1.0 7.0
0.0 0.0 250.0 150.0 0.0 3.5 6.0,2,-1.0,0.0 0.0 250.0 150.0 0.0 3.5 6.0
0.0 0.0 250.0 150.0 0.0 3.5 6.0,1,-1.0,0.0 0.0 250.0 150.0 0.0 3.0 6.0
0.0 0.0 250.0 150.0 0.0 3.0 6.0,1,1.0,0.5 0.5 48.1569976186 23.5 0.857142857143 2.5 6.0
0.5 0.5 48.1569976186 23.5 0.857142857143 2.5 6.0,3,1.0,0.5 0.5 87.1876810951 27.4285714286 1.0 2.5 7.0
0.5 0.5 87.1876810951 27.4285714286 1.0 2.5 7.0,3,1.0,0.5 0.5 79.3998408978 25.2857142857 1.0 2.5 7.0
0.5 0.5 79.3998408978 25.2857142857 1.0 2.5 7.0,3,1.0,0.5 0.5 68.1857343619 41.0 1.0 2.5 7.0
0.5 0.5 68.1857343619 41.0 1.0 2.5 7.0,4,-1.0,0.5 0.5 92.8672957852 43.0 0.857142857143 2.5 6.0
0.5 0.5 92.8672957852 43.0 0.857142857143 2.5 6.0,1,-1.0,1.0 1.0 53.8704682407 23.5 0.857142857143 2.0 6.0
1.0 1.0 53.8704682407 23.5 0.857142857143 2.0 6.0,3,1.0,1.0 1.0 51.8337870037 23.7142857143 1.0 2.0 7.0
1.0 1.0 51.8337870037 23.7142857143 1.0 2.0 7.0,2,-1.0,1.0 1.0 51.8337870037 23.4285714286 1.0 2.0 7.0
1.0 1.0 51.8337870037 23.4285714286 1.0 2.0 7.0,3,-1.0,1.0 1.0 51.8337870037 23.2857142857 1.0 2.0 7.0
1.0 1.0 51.8337870037 23.2857142857 1.0 2.0 7.0,2,-1.0,1.0 1.0 53.3840071539 23.4285714286 1.0 2.0 7.0
1.0 1.0 53.3840071539 23.4285714286 1.0 2.0 7.0,3,-1.0,1.0 1.0 49.7209739437 23.2857142857 1.0 2.0 7.0
1.0 1.0 49.7209739437 23.2857142857 1.0 2.0 7.0,3,-1.0,1.0 1.0 49.7209739437 23.5714285714 1.0 2.0 7.0
1.0 1.0 49.7209739437 23.5714285714 1.0 2.0 7.0,0,1.0,0.5 0.5 78.4127390017 24.5714285714 1.0 2.5 7.0
1.0 1.0 51.8337870037 23.4285714286 1.0 1.0 7.0,3,-1.0,1.0 1.0 49.7209739437 23.4285714286 1.0 1.0 7.0
1.0 1.0 49.7209739437 23.4285714286 1.0 1.0 7.0,0,1.0,1.0 1.0 51.8337870037 23.7142857143 1.0 1.5 7.0
1.0 1.0 51.8337870037 23.7142857143 1.0 1.5 7.0,3,-1.0,1.0 1.0 51.8337870037 23.5714285714 1.0 1.5 7.0
1.0 1.0 51.8337870037 23.5714285714 1.0 1.5 7.0,3,-1.0,1.0 1.0 51.8337870037 23.2857142857 1.0 1.5 7.0
1.0 1.0 51.8337870037 23.2857142857 1.0 1.5 7.0,3,-1.0,1.0 1.0 51.8337870037 23.2857142857 1.0 1.5 7.0
1.0 1.0 51.8337870037 23.2857142857 1.0 1.5 7.0,2,-1.0,1.0 1.0 49.7209739437 23.2857142857 1.0 1.5 7.0
1.0 1.0 49.7209739437 23.2857142857 1.0 1.5 7.0,2,-1.0,1.0 1.0 51.8337870037 23.2857142857 1.0 1.5 7.0
1.0 1.0 51.8337870037 23.2857142857 1.0 1.5 7.0,3,-1.0,1.0 1.0 51.8337870037 23.2857142857 1.0 1.5 7.0
1.0 1.0 51.8337870037 23.2857142857 1.0 1.5 7.0,2,-1.0,1.0 1.0 53.1519528263 23.5714285714 1.0 1.5 7.0
1.0 1.0 53.1519528263 23.5714285714 1.0 1.5 7.0,0,1.0,1.0 1.0 47.9041724903 23.5714285714 1.0 2.0 7.0
1.0 1.0 47.9041724903 23.5714285714 1.0 2.0 7.0,1,-1.0,1.0 1.0 47.9041724903 23.4285714286 1.0 1.5 7.0
1.0 1.0 47.9041724903 23.4285714286 1.0 1.5 7.0,0,1.0,1.0 1.0 53.3840071539 23.8571428571 1.0 2.0 7.0
1.0 1.0 53.3840071539 23.8571428571 1.0 2.0 7.0,1,-1.0,1.0 1.0 51.8337870037 23.2857142857 1.0 1.5 7.0
1.0 1.0 51.8337870037 23.2857142857 1.0 1.5 7.0,0,1.0,1.0 1.0 51.8337870037 23.2857142857 1.0 2.0 7.0
1.0 1.0 51.8337870037 23.2857142857 1.0 2.0 7.0,4,-1.0,1.0 1.0 55.6790584159 23.8333333333 0.857142857143 2.0 6.0
0.5 0.5 91.0309625716 26.0 0.714285714286 2.5 5.0,1,-1.0,1.0 1.0 60.9943808809 24.0 0.714285714286 2.0 5.0
1.0 1.0 60.9943808809 24.0 0.714285714286 2.0 5.0,3,1.0,1.0 1.0 55.6790584159 23.8333333333 0.857142857143 2.0 6.0
1.0 1.0 55.6790584159 23.8333333333 0.857142857143 2.0 6.0,2,-1.0,1.0 1.0 53.8704682407 23.5 0.857142857143 2.0 6.0
1.0 1.0 53.8704682407 23.5 0.857142857143 2.0 6.0,3,1.0,1.0 1.0 51.8337870037 23.5714285714 1.0 2.0 7.0
1.0 1.0 51.8337870037 23.5714285714 1.0 2.0 7.0,0,1.0,0.5 0.5 73.5273643597 27.4285714286 1.0 2.5 7.0
0.5 0.5 73.5273643597 27.4285714286 1.0 2.5 7.0,1,-1.0,1.0 1.0 51.8337870037 23.8571428571 1.0 2.0 7.0
1.0 1.0 51.8337870037 23.8571428571 1.0 2.0 7.0,0,1.0,0.5 0.5 63.431638214 25.0 1.0 2.5 7.0
0.5 0.5 63.431638214 25.0 1.0 2.5 7.0,0,-1.0,0.0 0.0 250.0 150.0 0.0 3.0 7.0
0.0 0.0 250.0 150.0 0.0 3.0 7.0,1,1.0,0.5 0.5 55.612196931 24.5714285714 1.0 2.5 7.0
0.5 0.5 55.612196931 24.5714285714 1.0 2.5 7.0,1,-1.0,1.0 1.0 51.8337870037 23.7142857143 1.0 2.0 7.0
1.0 1.0 51.8337870037 23.7142857143 1.0 2.0 7.0,2,-1.0,1.0 1.0 51.8337870037 23.5714285714 1.0 2.0 7.0
1.0 1.0 51.8337870037 23.5714285714 1.0 2.0 7.0,3,-1.0,1.0 1.0 51.8337870037 23.2857142857 1.0 2.0 7.0
1.0 1.0 51.8337870037 23.2857142857 1.0 2.0 7.0,0,1.0,0.5 0.5 51.2857473311 44.1428571429 1.0 2.5 7.0
0.5 0.5 51.2857473311 44.1428571429 1.0 2.5 7.0,2,1.0,0.5 0.5 99.2193561906 29.0 1.0 2.5 7.0
0.5 0.5 99.2193561906 29.0 1.0 2.5 7.0,1,-1.0,1.0 1.0 47.9041724903 23.5714285714 1.0 2.0 7.0
1.0 1.0 30.0365443974 22.0 0.571428571429 1.0 4.0,0,1.0,1.0 1.0 30.0365443974 22.25 0.571428571429 1.5 4.0
1.0 1.0 30.0365443974 22.25 0.571428571429 1.5 4.0,0,1.0,1.0 1.0 30.0365443974 22.0 0.571428571429 2.0 4.0
1.0 1.0 30.0365443974 22.0 0.571428571429 2.0 4.0,0,1.0,0.5 0.5 70.3742451844 25.0 0.571428571429 2.5 4.0
0.5 0.5 70.3742451844 25.0 0.571428571429 2.5 4.0,2,-1.0,0.5 0.5 30.8996665489 27.75 0.571428571429 2.5 4.0
0.5 0.5 30.8996665489 27.75 0.571428571429 2.5 4.0,4,-1.0,0.5 0.5 68.3677734487 25.0 0.428571428571 2.5 3.0
0.5 0.5 68.3677734487 25.0 0.428571428571 2.5 3.0,1,-1.0,1.0 1.0 33.7044022035 22.0 0.428571428571 2.0 3.0
1.0 1.0 33.7044022035 22.0 0.428571428571 2.0 3.0,3,1.0,1.0 1.0 30.0365443974 22.0 0.571428571429 2.0 4.0
1.0 1.0 30.0365443974 22.0 0.571428571429 2.0 4.0,3,1.0,1.0 1.0 60.9943808809 23.8 0.714285714286 2.0 5.0
1.0 1.0 60.9943808809 23.8 0.714285714286 2.0 5.0,0,1.0,0.5 0.5 86.0395811825 25.6 0.714285714286 2.5 5.0
0.5 0.5 86.0395811825 25.6 0.714285714286 2.5 5.0,4,-1.0,0.5 0.5 36.5251975455 22.5 0.571428571429 2.5 4.0
0.5 0.5 36.5251975455 22.5 0.571428571429 2.5 4.0,2,-1.0,0.5 0.5 92.6326408846 26.5 0.571428571429 2.5 4.0
0.5 0.5 92.6326408846 26.5 0.571428571429 2.5 4.0,2,-1.0,0.5 0.5 65.6039348631 25.75 0.571428571429 2.5 4.0
0.5 0.5 65.6039348631 25.75 0.571428571429 2.5 4.0,1,-1.0,1.0 1.0 30.0365443974 22.0 0.571428571429 2.0 4.0
1.0 1.0 30.0365443974 22.0 0.571428571429 2.0 4.0,0,1.0,0.5 0.5 28.2212435079 22.0 0.571428571429 2.5 4.0
0.5 0.5 28.2212435079 22.0 0.571428571429 2.5 4.0,3,1.0,0.5 0.5 23.350373481 27.0 0.714285714286 2.5 5.0
1.0 1.0 47.9041724903 23.4285714286 1.0 0.5 7.0,0,1.0,1.0 1.0 51.8337870037 23.5714285714 1.0 1.0 7.0
1.0 1.0 51.8337870037 23.5714285714 1.0 1.0 7.0,0,1.0,1.0 1.0 51.8337870037 23.7142857143 1.0 1.5 7.0
1.0 1.0 51.8337870037 23.7142857143 1.0 1.5 7.0,2,-1.0,1.0 1.0 51.8337870037 23.2857142857 1.0 1.5 7.0
1.0 1.0 51.8337870037 23.2857142857 1.0 1.5 7.0,0,1.0,1.0 1.0 51.8337870037 23.2857142857 1.0 2.0 7.0
1.0 1.0 51.8337870037 23.2857142857 1.0 2.0 7.0,0,1.0,0.5 0.5 47.6389959465 26.4285714286 1.0 2.5 7.0
0.5 0.5 47.6389959465 26.4285714286 1.0 2.5 7.0,0,-1.0,0.0 0.0 250.0 150.0 0.0 3.0 7.0
0.0 0.0 250.0 150.0 0.0 3.0 7.0,1,1.0,0.5 0.5 46.250077672 22.0 1.0 2.5 7.0
0.5 0.5 46.250077672 22.0 1.0 2.5 7.0,1,-1.0,1.0 1.0 51.8337870037 23.4285714286 1.0 2.0 7.0
1.0 1.0 51.8337870037 23.4285714286 1.0 2.0 7.0,0,1.0,0.5 0.5 50.8768192895 22.4285714286 1.0 2.5 7.0
0.5 0.5 50.8768192895 22.4285714286 1.0 2.5 7.0,3,1.0,0.5 0.5 73.2751651868 24.8571428571 1.0 2.5 7.0
0.5 0.5 73.2751651868 24.8571428571 1.0 2.5 7.0,3,1.0,0.5 0.5 54.3287775287 26.1428571429 1.0 2.5 7.0
0.5 0.5 54.3287775287 26.1428571429 1.0 2.5 7.0,1,-1.0,1.0 1.0 51.8337870037 23.7142857143 1.0 2.0 7.0
1.0 1.0 51.8337870037 23.7142857143 1.0 2.0 7.0,0,1.0,0.5 0.5 45.9932122853 23.5714285714 1.0 2.5 7.0
0.5 0.5 45.9932122853 23.5714285714 1.0 2.5 7.0,1,-1.0,1.0 1.0 53.3942969919 23.7142857143 1.0 2.0 7.0
1.0 1.0 53.3942969919 23.7142857143 1.0 2.0 7.0,0,1.0,0.5 0.5 65.4182846115 29.0 1.0 2.5 7.0
1.0 1.0 51.8337870037 23.2857142857 1.0 1.5 7.0,0,1.0,1.0 1.0 51.8337870037 23.2857142857 1.0 2.0 7.0
1.0 1.0 51.8337870037 23.2857142857 1.0 2.0 7.0,0,1.0,0.5 0.5 37.0960965683 22.0 1.0 2.5 7.0
0.5 0.5 37.0960965683 22.0 1.0 2.5 7.0,1,-1.0,1.0 1.0 53.3840071539 23.4285714286 1.0 2.0 7.0
1.0 1.0 53.3840071539 23.4285714286 1.0 2.0 7.0,0,1.0,0.5 0.5 35.7449357811 22.0 1.0 2.5 7.0
0.5 0.5 35.7449357811 22.0 1.0 2.5 7.0,4,-1.0,0.5 0.5 57.5990413696 23.5 0.857142857143 2.5 6.0
0.5 0.5 57.5990413696 23.5 0.857142857143 2.5 6.0,3,1.0,0.5 0.5 31.2704621891 82.1428571429 1.0 2.5 7.0
0.5 0.5 31.2704621891 82.1428571429 1.0 2.5 7.0,2,1.0,0.5 0.5 53.4359178375 26.5714285714 1.0 2.5 7.0
0.5 0.5 53.4359178375 26.5714285714 1.0 2.5 7.0,4,-1.0,0.5 0.5 28.8214888007 22.1666666667 0.857142857143 2.5 6.0
0.5 0.5 28.8214888007 22.1666666667 0.857142857143 2.5 6.0,3,1.0,0.5 0.5 57.167865783 23.7142857143 1.0 2.5 7.0
0.5 0.5 57.167865783 23.7142857143 1.0 2.5 7.0,3,1.0,0.5 0.5 44.2778486156 22.2857142857 1.0 2.5 7.0
0.5 0.5 44.2778486156 22.2857142857 1.0 2.5 7.0,4,-1.0,0.5 0.5 47.7296725736 22.1666666667 0.857142857143 2.5 6.0
0.5 0.5 47.7296725736 22.1666666667 0.857142857143 2.5 6.0,3,1.0,0.5 0.5 108.01416294 26.4285714286 1.0 2.5 7.0
0.5 0.5 108.01416294 26.4285714286 1.0 2.5 7.0,1,-1.0,1.0 1.0 47.9041724903 23.2857142857 1.0 2.0 7.0
1.0 1.0 47.9041724903 23.2857142857 1.0 2.0 7.0,0,1.0,0.5 0.5 74.0667085851 30.2857142857 1.0 2.5 7.0
0.5 0.5 74.0667085851 30.2857142857 1.0 2.5 7.0,3,1.0,0.5 0.5 69.4241849137 24.8571428571 1.0 2.5 7.0
1.0 1.0 47.9041724903 23.2857142857 1.0 1.5 7.0,0,1.0,1.0 1.0 51.8337870037 23.2857142857 1.0 2.0 7.0
1.0 1.0 51.8337870037 23.2857142857 1.0 2.0 7.0,0,1.0,0.5 0.5 66.7880896873 26.2857142857 1.0 2.5 7.0
0.5 0.5 66.7880896873 26.2857142857 1.0 2.5 7.0,3,1.0,0.5 0.5 63.5276990339 26.1428571429 1.0 2.5 7.0
0.5 0.5 63.5276990339 26.1428571429 1.0 2.5 7.0,3,1.0,0.5 0.5 54.9891493325 23.2857142857 1.0 2.5 7.0
0.5 0.5 54.9891493325 23.2857142857 1.0 2.5 7.0,3,1.0,0.5 0.5 45.9960517986 29.0 1.0 2.5 7.0
0.5 0.5 45.9960517986 29.0 1.0 2.5 7.0,3,1.0,0.5 0.5 79.644309577 24.5714285714 1.0 2.5 7.0
0.5 0.5 79.644309577 24.5714285714 1.0 2.5 7.0,3,1.0,0.5 0.5 84.7384119221 24.7142857143 1.0 2.5 7.0
0.5 0.5 84.7384119221 24.7142857143 1.0 2.5 7.0,0,-1.0,0.0 0.0 250.0 150.0 0.0 3.0 7.0
0.0 0.0 250.0 150.0 0.0 3.0 7.0,1,1.0,0.5 0.5 82.6484449485 25.8571428571 1.0 2.5 7.0
0.5 0.5 82.6484449485 25.8571428571 1.0 2.5 7.0,3,1.0,0.5 0.5 60.3500624846 44.8571428571 1.0 2.5 7.0
0.5 0.5 60.3500624846 44.8571428571 1.0 2.5 7.0,3,1.0,0.5 0.5 49.1187623147 23.4285714286 1.0 2.5 7.0
0.5 0.5 49.1187623147 23.4285714286 1.0 2.5 7.0,3,1.0,0.5 0.5 77.6212274649 27.7142857143 1.0 2.5 7.0
0.5 0.5 77.6212274649 27.7142857143 1.0 2.5 7.0,3,1.0,0.5 0.5 70.0915450854 24.5714285714 1.0 2.5 7.0
0.5 0.5 70.0915450854 24.5714285714 1.0 2.5 7.0,3,1.0,0.5 0.5 94.5178273166 33.7142857143 1.0 2.5 7.0
0.5 0.5 94.5178273166 33.7142857143 1.0 2.5 7.0,4,-1.0,0.5 0.5 100.300380161 30.6666666667 0.857142857143 2.5 6.0
0.0 0.0 250.0 150.0 0.0 4.0 6.0,1,-1.0,0.0 0.0 250.0 150.0 0.0 3.5 6.0
0.0 0.0 250.0 150.0 0.0 3.5 6.0,1,-1.0,0.0 0.0 250.0 150.0 0.0 3.0 6.0
0.0 0.0 250.0 150.0 0.0 3.0 6.0,1,1.0,0.5 0.5 75.9558803542 25.6666666667 0.857142857143 2.5 6.0
0.5 0.5 75.9558803542 25.6666666667 0.857142857143 2.5 6.0,3,1.0,0.5 0.5 87.3175149238 24.7142857143 1.0 2.5 7.0
0.5 0.5 87.3175149238 24.7142857143 1.0 2.5 7.0,3,1.0,0.5 0.5 50.8290734614 26.8571428571 1.0 2.5 7.0
0.5 0.5 50.8290734614 26.8571428571 1.0 2.5 7.0,3,1.0,0.5 0.5 87.8170066379 24.7142857143 1.0 2.5 7.0
0.5 0.5 87.8170066379 24.7142857143 1.0 2.5 7.0,3,1.0,0.5 0.5 55.1907885744 26.5714285714 1.0 2.5 7.0
0.5 0.5 55.1907885744 26.5714285714 1.0 2.5 7.0,3,1.0,0.5 0.5 76.6144210622 24.5714285714 1.0 2.5 7.0
0.5 0.5 76.6144210622 24.5714285714 1.0 2.5 7.0,3,1.0,0.5 0.5 56.3349806258 31.8571428571 1.0 2.5 7.0
0.5 0.5 56.3349806258 31.8571428571 1.0 2.5 7.0,3,1.0,0.5 0.5 53.8945946742 26.2857142857 1.0 2.5 7.0
0.5 0.5 53.8945946742 26.2857142857 1.0 2.5 7.0,3,1.0,0.5 0.5 55.8601183141 26.2857142857 1.0 2.5 7.0
0.5 0.5 55.8601183141 26.2857142857 1.0 2.5 7.0,3,1.0,0.5 0.5 61.3708999907 51.2857142857 1.0 2.5 7.0
0.5 0.5 61.3708999907 51.2857142857 1.0 2.5 7.0,3,1.0,0.5 0.5 57.5968670143 23.4285714286 1.0 2.5 7.0
0.5 0.5 57.5968670143 23.4285714286 1.0 2.5 7.0,3,1.0,0.5 0.5 61.3320421205 23.4285714286 1.0 2.5 7.0
0.5 0.5 61.3320421205 23.4285714286 1.0 2.5 7.0,3,1.0,0.5 0.5 30.3149066743 22.0 1.0 2.5 7.0
1.0 1.0 53.8704682407 23.8333333333 0.857142857143 2.0 6.0,3,1.0,1.0 1.0 51.8337870037 23.5714285714 1.0 2.0 7.0
1.0 1.0 51.8337870037 23.5714285714 1.0 2.0 7.0,0,1.0,0.5 0.5 45.1628148308 102.285714286 1.0 2.5 7.0
0.5 0.5 45.1628148308 102.285714286 1.0 2.5 7.0,3,1.0,0.5 0.5 47.2802575428 62.4285714286 1.0 2.5 7.0
0.5 0.5 47.2802575428 62.4285714286 1.0 2.5 7.0,3,1.0,0.5 0.5 67.3199338454 24.7142857143 1.0 2.5 7.0
0.5 0.5 67.3199338454 24.7142857143 1.0 2.5 7.0,3,1.0,0.5 0.5 59.6764793855 23.2857142857 1.0 2.5 7.0
0.5 0.5 59.6764793855 23.2857142857 1.0 2.5 7.0,3,1.0,0.5 0.5 65.5358892822 24.8571428571 1.0 2.5 7.0
0.5 0.5 65.5358892822 24.8571428571 1.0 2.5 7.0,3,1.0,0.5 0.5 65.2254999965 25.0 1.0 2.5 7.0
0.5 0.5 65.2254999965 25.0 1.0 2.5 7.0,1,-1.0,1.0 1.0 51.8337870037 23.2857142857 1.0 2.0 7.0
1.0 1.0 51.8337870037 23.2857142857 1.0 2.0 7.0,0,1.0,0.5 0.5 40.9086199167 22.1428571429 1.0 2.5 7.0
0.5 0.5 40.9086199167 22.1428571429 1.0 2.5 7.0,3,1.0,0.5 0.5 64.8736092676 26.4285714286 1.0 2.5 7.0
0.5 0.5 64.8736092676 26.4285714286 1.0 2.5 7.0,3,1.0,0.5 0.5 56.7424849336 23.2857142857 1.0 2.5 7.0
0.5 0.5 56.7424849336 23.2857142857 1.0 2.5 7.0,3,1.0,0.5 0.5 55.2536880631 31.7142857143 1.0 2.5 7.0
0.5 0.5 55.2536880631 31.7142857143 1.0 2.5 7.0,3,1.0,0.5 0.5 83.7494625347 24.5714285714 1.0 2.5 7.0
0.5 0.5 83.7494625347 24.5714285714 1.0 2.5 7.0,3,1.0,0.5 0.5 101.177749175 35.0 1.0 2.5 7.0
0.5 0.5 101.177749175 35.0 1.0 2.5 7.0,3,1.0,0.5 0.5 54.4973685657 23.7142857143 1.0 2.5 7.0
1.0 1.0 47.9041724903 23.4285714286 1.0 1.5 7.0,0,1.0,1.0 1.0 51.8337870037 23.4285714286 1.0 2.0 7.0
1.0 1.0 51.8337870037 23.4285714286 1.0 2.0 7.0,0,1.0,0.5 0.5 43.579874596 48.0 1.0 2.5 7.0
0.5 0.5 43.579874596 48.0 1.0 2.5 7.0,3,1.0,0.5 0.5 35.9028463592 24.8571428571 1.0 2.5 7.0
0.5 0.5 35.9028463592 24.8571428571 1.0 2.5 7.0,3,1.0,0.5 0.5 67.6074288942 23.7142857143 1.0 2.5 7.0
0.5 0.5 67.6074288942 23.7142857143 1.0 2.5 7.0,3,1.0,0.5 0.5 42.9106786206 47.5714285714 1.0 2.5 7.0
0.5 0.5 42.9106786206 47.5714285714 1.0 2.5 7.0,3,1.0,0.5 0.5 57.7870304562 29.4285714286 1.0 2.5 7.0
0.5 0.5 57.7870304562 29.4285714286 1.0 2.5 7.0,3,1.0,0.5 0.5 75.9226561977 24.7142857143 1.0 2.5 7.0
0.5 0.5 75.9226561977 24.7142857143 1.0 2.5 7.0,3,1.0,0.5 0.5 39.738706696 25.1428571429 1.0 2.5 7.0
0.5 0.5 39.738706696 25.1428571429 1.0 2.5 7.0,3,1.0,0.5 0.5 64.1517799836 26.1428571429 1.0 2.5 7.0
0.5 0.5 64.1517799836 26.1428571429 1.0 2.5 7.0,3,1.0,0.5 0.5 49.3167909679 45.1428571429 1.0 2.5 7.0
0.5 0.5 49.3167909679 45.1428571429 1.0 2.5 7.0,3,1.0,0.5 0.5 33.2976674575 45.1428571429 1.0 2.5 7.0
0.5 0.5 33.2976674575 45.1428571429 1.0 2.5 7.0,3,1.0,0.5 0.5 72.4780499401 24.5714285714 1.0 2.5 7.0
0.5 0.5 72.4780499401 24.5714285714 1.0 2.5 7.0,3,1.0,0.5 0.5 86.7015985429 24.5714285714 1.0 2.5 7.0
0.5 0.5 86.7015985429 24.5714285714 1.0 2.5 7.0,3,1.0,0.5 0.5 77.5700023382 33.5714285714 1.0 2.5 7.0
0.5 0.5 77.5700023382 33.5714285714 1.0 2.5 7.0,3,1.0,0.5 0.5 76.1172979845 33.4285714286 1.0 2.5 7.0
0.0 0.0 250.0 150.0 0.0 3.0 7.0,1,1.0,0.5 0.5 62.7189457162 23.4285714286 1.0 2.5 7.0
0.5 0.5 62.7189457162 23.4285714286 1.0 2.5 7.0,3,1.0,0.5 0.5 54.508400781 23.4285714286 1.0 2.5 7.0
0.5 0.5 54.508400781 23.4285714286 1.0 2.5 7.0,3,1.0,0.5 0.5 77.9963020105 27.4285714286 1.0 2.5 7.0
0.5 0.5 77.9963020105 27.4285714286 1.0 2.5 7.0,3,1.0,0.5 0.5 99.3271763232 26.0 1.0 2.5 7.0
0.5 0.5 99.3271763232 26.0 1.0 2.5 7.0,3,1.0,0.5 0.5 66.6393278783 33.2857142857 1.0 2.5 7.0
0.5 0.5 66.6393278783 33.2857142857 1.0 2.5 7.0,3,1.0,0.5 0.5 94.5566211299 26.0 1.0 2.5 7.0
0.5 0.5 94.5566211299 26.0 1.0 2.5 7.0,3,1.0,0.5 0.5 102.998952975 25.8571428571 1.0 2.5 7.0
0.5 0.5 102.998952975 25.8571428571 1.0 2.5 7.0,3,1.0,0.5 0.5 77.1927917975 24.7142857143 1.0 2.5 7.0
0.5 0.5 77.1927917975 24.7142857143 1.0 2.5 7.0,3,1.0,0.5 0.5 74.8944063549 24.7142857143 1.0 2.5 7.0
0.5 0.5 74.8944063549 24.7142857143 1.0 2.5 7.0,3,1.0,0.5 0.5 53.7664049652 32.1428571429 1.0 2.5 7.0
0.5 0.5 53.7664049652 32.1428571429 1.0 2.5 7.0,3,1.0,0.5 0.5 87.5291117889 26.1428571429 1.0 2.5 7.0
0.5 0.5 87.5291117889 26.1428571429 1.0 2.5 7.0,3,1.0,0.5 0.5 77.3627240849 24.7142857143 1.0 2.5 7.0
0.5 0.5 77.3627240849 24.7142857143 1.0 2.5 7.0,2,1.0,0.5 0.5 63.9238772196 41.1428571429 1.0 2.5 7.0
0.5 0.5 63.9238772196 41.1428571429 1.0 2.5 7.0,3,1.0,0.5 0.5 64.8435086225 23.7142857143 1.0 2.5 7.0
0.5 0.5 64.8435086225 23.7142857143 1.0 2.5 7.0,3,1.0,0.5 0.5 27.2435164598 31.2857142857 1.0 2.5 7.0
0.0 0.0 250.0 150.0 0.0 3.5 4.0,1,-1.0,0.0 0.0 250.0 150.0 0.0 3.0 4.0
0.0 0.0 250.0 150.0 0.0 3.0 4.0,1,1.0,0.5 0.5 36.238481631 27.5 0.571428571429 2.5 4.0
0.5 0.5 36.238481631 27.5 0.571428571429 2.5 4.0,3,1.0,0.5 0.5 56.0652394167 24.0 0.714285714286 2.5 5.0
0.5 0.5 56.0652394167 24.0 0.714285714286 2.5 5.0,3,1.0,0.5 0.5 73.1724656981 25.6666666667 0.857142857143 2.5 6.0
0.5 0.5 73.1724656981 25.6666666667 0.857142857143 2.5 6.0,3,1.0,0.5 0.5 34.7466556775 22.1428571429 1.0 2.5 7.0
0.5 0.5 34.7466556775 22.1428571429 1.0 2.5 7.0,3,1.0,0.5 0.5 66.9915125134 23.2857142857 1.0 2.5 7.0
0.5 0.5 66.9915125134 23.2857142857 1.0 2.5 7.0,3,1.0,0.5 0.5 59.3842501647 45.5714285714 1.0 2.5 7.0
0.5 0.5 59.3842501647 45.5714285714 1.0 2.5 7.0,3,1.0,0.5 0.5 83.7395842547 24.5714285714 1.0 2.5 7.0
0.5 0.5 83.7395842547 24.5714285714 1.0 2.5 7.0,3,1.0,0.5 0.5 95.217083435 26.0 1.0 2.5 7.0
0.5 0.5 95.217083435 26.0 1.0 2.5 7.0,3,1.0,0.5 0.5 76.9190904413 24.5714285714 1.0 2.5 7.0
0.5 0.5 76.9190904413 24.5714285714 1.0 2.5 7.0,3,1.0,0.5 0.5 33.2958557189 22.1428571429 1.0 2.5 7.0
0.5 0.5 33.2958557189 22.1428571429 1.0 2.5 7.0,3,1.0,0.5 0.5 63.2764620184 26.1428571429 1.0 2.5 7.0
0.5 0.5 63.2764620184 26.1428571429 1.0 2.5 7.0,3,1.0,0.5 0.5 57.906311769 23.5714285714 1.0 2.5 7.0
0.5 0.5 57.906311769 23.5714285714 1.0 2.5 7.0,3,1.0,0.5 0.5 89.2891334871 24.7142857143 1.0 2.5 7.0
0.5 0.5 89.2891334871 24.7142857143 1.0 2.5 7.0,3,1.0,0.5 0.5 87.5903991111 33.2857142857 1.0 2.5 7.0
1.0 1.0 49.2859179749 23.6666666667 0.857142857143 1.5 6.0,0,1.0,1.0 1.0 53.8704682407 23.5 0.857142857143 2.0 6.0
1.0 1.0 53.8704682407 23.5 0.857142857143 2.0 6.0,3,1.0,1.0 1.0 51.8337870037 23.2857142857 1.0 2.0 7.0
1.0 1.0 51.8337870037 23.2857142857 1.0 2.0 7.0,0,1.0,0.5 0.5 46.4284515236 27.1428571429 1.0 2.5 7.0
0.5 0.5 46.4284515236 27.1428571429 1.0 2.5 7.0,3,1.0,0.5 0.5 79.3849148327 24.5714285714 1.0 2.5 7.0
0.5 0.5 79.3849148327 24.5714285714 1.0 2.5 7.0,3,1.0,0.5 0.5 66.5657686021 32.5714285714 1.0 2.5 7.0
0.5 0.5 66.5657686021 32.5714285714 1.0 2.5 7.0,3,1.0,0.5 0.5 37.9393095488 25.1428571429 1.0 2.5 7.0
0.5 0.5 37.9393095488 25.1428571429 1.0 2.5 7.0,3,1.0,0.5 0.5 36.8358134091 22.2857142857 1.0 2.5 7.0
0.5 0.5 36.8358134091 22.2857142857 1.0 2.5 7.0,3,1.0,0.5 0.5 83.6752150208 53.7142857143 1.0 2.5 7.0
0.5 0.5 83.6752150208 53.7142857143 1.0 2.5 7.0,3,1.0,0.5 0.5 48.0139407953 23.7142857143 1.0 2.5 7.0
0.5 0.5 48.0139407953 23.7142857143 1.0 2.5 7.0,3,1.0,0.5 0.5 87.5098598836 24.5714285714 1.0 2.5 7.0
0.5 0.5 87.5098598836 24.5714285714 1.0 2.5 7.0,3,1.0,0.5 0.5 79.2786856635 27.4285714286 1.0 2.5 7.0
0.5 0.5 79.2786856635 27.4285714286 1.0 2.5 7.0,3,1.0,0.5 0.5 67.7243328749 27.4285714286 1.0 2.5 7.0
0.5 0.5 67.7243328749 27.4285714286 1.0 2.5 7.0,3,1.0,0.5 0.5 54.3289106721 26.2857142857 1.0 2.5 7.0
0.5 0.5 54.3289106721 26.2857142857 1.0 2.5 7.0,3,1.0,0.5 0.5 62.8657247236 63.0 1.0 2.5 7.0
0.5 0.5 62.8657247236 63.0 1.0 2.5 7.0,3,1.0,0.5 0.5 53.239966888 26.1428571429 1.0 2.5 7.0
1.0 1.0 51.8337870037 23.7142857143 1.0 1.0 7.0,0,1.0,1.0 1.0 51.8337870037 23.5714285714 1.0 1.5 7.0
1.0 1.0 51.8337870037 23.5714285714 1.0 1.5 7.0,0,1.0,1.0 1.0 47.9041724903 23.8571428571 1.0 2.0 7.0
1.0 1.0 47.9041724903 23.8571428571 1.0 2.0 7.0,0,1.0,0.5 0.5 56.4605551865 23.2857142857 1.0 2.5 7.0
0.5 0.5 56.4605551865 23.2857142857 1.0 2.5 7.0,3,1.0,0.5 0.5 67.7437011356 28.1428571429 1.0 2.5 7.0
0.5 0.5 67.7437011356 28.1428571429 1.0 2.5 7.0,3,1.0,0.5 0.5 81.4056253084 24.7142857143 1.0 2.5 7.0
0.5 0.5 81.4056253084 24.7142857143 1.0 2.5 7.0,2,1.0,0.5 0.5 60.5935961345 23.4285714286 1.0 2.5 7.0
0.5 0.5 60.5935961345 23.4285714286 1.0 2.5 7.0,3,1.0,0.5 0.5 89.860490624 24.7142857143 1.0 2.5 7.0
0.5 0.5 89.860490624 24.7142857143 1.0 2.5 7.0,3,1.0,0.5 0.5 36.1553129571 27.7142857143 1.0 2.5 7.0
0.5 0.5 36.1553129571 27.7142857143 1.0 2.5 7.0,3,1.0,0.5 0.5 77.3671824296 33.2857142857 1.0 2.5 7.0
0.5 0.5 77.3671824296 33.2857142857 1.0 2.5 7.0,3,1.0,0.5 0.5 86.7015985429 24.7142857143 1.0 2.5 7.0
0.5 0.5 86.7015985429 24.7142857143 1.0 2.5 7.0,3,1.0,0.5 0.5 56.1237908482 26.4285714286 1.0 2.5 7.0
0.5 0.5 56.1237908482 26.4285714286 1.0 2.5 7.0,3,1.0,0.5 0.5 87.3710893165 24.7142857143 1.0 2.5 7.0
0.5 0.5 87.3710893165 24.7142857143 1.0 2.5 7.0,2,1.0,0.5 0.5 59.021719864 23.2857142857 1.0 2.5 7.0
0.5 0.5 59.021719864 23.2857142857 1.0 2.5 7.0,3,1.0,0.5 0.5 77.1526651496 24.5714285714 1.0 2.5 7.0
0.5 0.5 77.1526651496 24.5714285714 1.0 2.5 7.0,3,1.0,0.5 0.5 61.0987113791 23.5714285714 1.0 2.5 7.0
0.5 0.5 58.2538867781 24.0 1.0 2.5 7.0,3,1.0,0.5 0.5 61.1777057697 29.7142857143 1.0 2.5 7.0
0.5 0.5 61.1777057697 29.7142857143 1.0 2.5 7.0,3,1.0,0.5 0.5 36.6761177847 22.1428571429 1.0 2.5 7.0
0.5 0.5 36.6761177847 22.1428571429 1.0 2.5 7.0,3,1.0,0.5 0.5 55.6233101545 26.4285714286 1.0 2.5 7.0
0.5 0.5 55.6233101545 26.4285714286 1.0 2.5 7.0,3,1.0,0.5 0.5 66.2207900809 23.7142857143 1.0 2.5 7.0
0.5 0.5 66.2207900809 23.7142857143 1.0 2.5 7.0,3,1.0,0.5 0.5 66.4298512885 24.5714285714 1.0 2.5 7.0
0.5 0.5 66.4298512885 24.5714285714 1.0 2.5 7.0,3,1.0,0.5 0.5 46.6823038681 22.0 1.0 2.5 7.0
0.5 0.5 46.6823038681 22.0 1.0 2.5 7.0,3,1.0,0.5 0.5 57.397793684 62.7142857143 1.0 2.5 7.0
0.5 0.5 57.397793684 62.7142857143 1.0 2.5 7.0,3,1.0,0.5 0.5 58.2445379485 23.2857142857 1.0 2.5 7.0
0.5 0.5 58.2445379485 23.2857142857 1.0 2.5 7.0,3,1.0,0.5 0.5 52.7590573882 23.2857142857 1.0 2.5 7.0
0.5 0.5 52.7590573882 23.2857142857 1.0 2.5 7.0,3,1.0,0.5 0.5 60.3103941275 26.2857142857 1.0 2.5 7.0
0.5 0.5 60.3103941275 26.2857142857 1.0 2.5 7.0,3,1.0,0.5 0.5 59.1248961673 23.7142857143 1.0 2.5 7.0
0.5 0.5 59.1248961673 23.7142857143 1.0 2.5 7.0,3,1.0,0.5 0.5 81.4945658404 25.0 1.0 2.5 7.0
0.5 0.5 81.4945658404 25.0 1.0 2.5 7.0,3,1.0,0.5 0.5 60.2076817396 42.1428571429 1.0 2.5 7.0
0.5 0.5 60.2076817396 42.1428571429 1.0 2.5 7.0,3,1.0,0.5 0.5 60.5242864443 23.2857142857 1.0 2.5 7.0
0.5 0.5 60.5242864443 23.2857142857 1.0 2.5 7.0,3,1.0,0.5 0.5 59.8539387134 26.2857142857 1.0 2.5 7.0
0.0 0.0 250.0 150.0 0.0 4.0 6.0,3,-1.0,0.0 0.0 250.0 150.0 0.0 4.0 7.0
0.0 0.0 250.0 150.0 0.0 4.0 7.0,1,-1.0,0.0 0.0 250.0 150.0 0.0 3.5 7.0
0.0 0.0 250.0 150.0 0.0 3.5 7.0,1,-1.0,0.0 0.0 250.0 150.0 0.0 3.0 7.0
0.0 0.0 250.0 150.0 0.0 3.0 7.0,1,1.0,0.5 0.5 64.7802051433 24.5714285714 1.0 2.5 7.0
0.5 0.5 64.7802051433 24.5714285714 1.0 2.5 7.0,3,1.0,0.5 0.5 57.6932840733 26.1428571429 1.0 2.5 7.0
0.5 0.5 57.6932840733 26.1428571429 1.0 2.5 7.0,3,1.0,0.5 0.5 30.0621654232 22.0 1.0 2.5 7.0
0.5 0.5 30.0621654232 22.0 1.0 2.5 7.0,3,1.0,0.5 0.5 78.7178626552 33.2857142857 1.0 2.5 7.0
0.5 0.5 78.7178626552 33.2857142857 1.0 2.5 7.0,3,1.0,0.5 0.5 64.3748731517 23.4285714286 1.0 2.5 7.0
0.5 0.5 64.3748731517 23.4285714286 1.0 2.5 7.0,3,1.0,0.5 0.5 68.6724248994 23.2857142857 1.0 2.5 7.0
0.5 0.5 68.6724248994 23.2857142857 1.0 2.5 7.0,3,1.0,0.5 0.5 75.802868123 25.1428571429 1.0 2.5 7.0
0.5 0.5 75.802868123 25.1428571429 1.0 2.5 7.0,3,1.0,0.5 0.5 59.7743967283 32.1428571429 1.0 2.5 7.0
0.5 0.5 59.7743967283 32.1428571429 1.0 2.5 7.0,3,1.0,0.5 0.5 93.3864196713 24.7142857143 1.0 2.5 7.0
0.5 0.5 93.3864196713 24.7142857143 1.0 2.5 7.0,3,1.0,0.5 0.5 45.3985766452 22.0 1.0 2.5 7.0
0.5 0.5 45.3985766452 22.0 1.0 2.5 7.0,3,1.0,0.5 0.5 66.4285413449 32.5714285714 1.0 2.5 7.0
0.5 0.5 66.4285413449 32.5714285714 1.0 2.5 7.0,3,1.0,0.5 0.5 101.496361943 25.8571428571 1.0 2.5 7.0
1.0 1.0 33.7044022035 22.0 0.428571428571 1.0 3.0,3,1.0,1.0 1.0 30.0365443974 22.0 0.571428571429 1.0 4.0
1.0 1.0 30.0365443974 22.0 0.571428571429 1.0 4.0,0,1.0,1.0 1.0 30.0365443974 22.0 0.571428571429 1.5 4.0
1.0 1.0 30.0365443974 22.0 0.571428571429 1.5 4.0,3,1.0,1.0 1.0 55.492920562 24.0 0.714285714286 1.5 5.0
1.0 1.0 55.492920562 24.0 0.714285714286 1.5 5.0,3,1.0,1.0 1.0 49.2859179749 23.6666666667 0.857142857143 1.5 6.0
1.0 1.0 49.2859179749 23.6666666667 0.857142857143 1.5 6.0,0,1.0,1.0 1.0 53.8704682407 23.8333333333 0.857142857143 2.0 6.0
1.0 1.0 53.8704682407 23.8333333333 0.857142857143 2.0 6.0,0,1.0,0.5 0.5 73.6954057881 25.0 0.857142857143 2.5 6.0
0.5 0.5 73.6954057881 25.0 0.857142857143 2.5 6.0,3,1.0,0.5 0.5 40.7640737678 23.5714285714 1.0 2.5 7.0
0.5 0.5 40.7640737678 23.5714285714 1.0 2.5 7.0,3,1.0,0.5 0.5 80.4817079426 25.0 1.0 2.5 7.0
0.5 0.5 80.4817079426 25.0 1.0 2.5 7.0,3,1.0,0.5 0.5 47.1086203803 23.2857142857 1.0 2.5 7.0
0.5 0.5 47.1086203803 23.2857142857 1.0 2.5 7.0,3,1.0,0.5 0.5 76.5908279318 33.4285714286 1.0 2.5 7.0
0.5 0.5 76.5908279318 33.4285714286 1.0 2.5 7.0,3,1.0,0.5 0.5 73.8184051294 24.5714285714 1.0 2.5 7.0
0.5 0.5 73.8184051294 24.5714285714 1.0 2.5 7.0,3,1.0,0.5 0.5 40.4128064256 24.8571428571 1.0 2.5 7.0
0.5 0.5 40.4128064256 24.8571428571 1.0 2.5 7.0,3,1.0,0.5 0.5 25.617711327 22.4285714286 1.0 2.5 7.0
0.5 0.5 25.617711327 22.4285714286 1.0 2.5 7.0,3,1.0,0.5 0.5 46.9401656609 22.8571428571 1.0 2.5 7.0
0.5 0.5 46.9401656609 22.8571428571 1.0 2.5 7.0,3,1.0,0.5 0.5 37.0029958384 89.7142857143 1.0 2.5 7.0
1.0 1.0 51.8337870037 23.4285714286 1.0 1.0 7.0,0,1.0,1.0 1.0 51.8337870037 23.4285714286 1.0 1.5 7.0
1.0 1.0 51.8337870037 23.4285714286 1.0 1.5 7.0,0,1.0,1.0 1.0 51.8337870037 23.2857142857 1.0 2.0 7.0
1.0 1.0 51.8337870037 23.2857142857 1.0 2.0 7.0,0,1.0,0.5 0.5 47.4278280548 26.1428571429 1.0 2.5 7.0
0.5 0.5 47.4278280548 26.1428571429 1.0 2.5 7.0,3,1.0,0.5 0.5 51.4914749189 35.4285714286 1.0 2.5 7.0
0.5 0.5 51.4914749189 35.4285714286 1.0 2.5 7.0,3,1.0,0.5 0.5 71.0066487535 24.8571428571 1.0 2.5 7.0
0.5 0.5 71.0066487535 24.8571428571 1.0 2.5 7.0,3,1.0,0.5 0.5 72.0648850141 23.2857142857 1.0 2.5 7.0
0.5 0.5 72.0648850141 23.2857142857 1.0 2.5 7.0,3,1.0,0.5 0.5 54.5096201887 26.5714285714 1.0 2.5 7.0
0.5 0.5 54.5096201887 26.5714285714 1.0 2.5 7.0,3,1.0,0.5 0.5 42.4590174766 25.2857142857 1.0 2.5 7.0
0.5 0.5 42.4590174766 25.2857142857 1.0 2.5 7.0,3,1.0,0.5 0.5 77.484237987 24.8571428571 1.0 2.5 7.0
0.5 0.5 77.484237987 24.8571428571 1.0 2.5 7.0,3,1.0,0.5 0.5 78.4733653404 25.0 1.0 2.5 7.0
0.5 0.5 78.4733653404 25.0 1.0 2.5 7.0,3,1.0,0.5 0.5 45.2295909137 35.2857142857 1.0 2.5 7.0
0.5 0.5 45.2295909137 35.2857142857 1.0 2.5 7.0,3,1.0,0.5 0.5 96.5656063321 45.5714285714 1.0 2.5 7.0
0.5 0.5 96.5656063321 45.5714285714 1.0 2.5 7.0,3,1.0,0.5 0.5 44.6048304552 33.8571428571 1.0 2.5 7.0
0.5 0.5 44.6048304552 33.8571428571 1.0 2.5 7.0,2,1.0,0.5 0.5 58.4896509077 23.7142857143 1.0 2.5 7.0
0.5 0.5 58.4896509077 23.7142857143 1.0 2.5 7.0,3,1.0,0.5 0.5 41.0364988272 22.1428571429 1.0 2.5 7.0
1.0 1.0 51.8337870037 23.8571428571 1.0 1.0 7.0,0,1.0,1.0 1.0 51.8337870037 23.2857142857 1.0 1.5 7.0
1.0 1.0 51.8337870037 23.2857142857 1.0 1.5 7.0,0,1.0,1.0 1.0 53.3840071539 23.8571428571 1.0 2.0 7.0
1.0 1.0 53.3840071539 23.8571428571 1.0 2.0 7.0,0,1.0,0.5 0.5 58.3711818853 26.2857142857 1.0 2.5 7.0
0.5 0.5 58.3711818853 26.2857142857 1.0 2.5 7.0,3,1.0,0.5 0.5 43.0456805023 22.0 1.0 2.5 7.0
0.5 0.5 43.0456805023 22.0 1.0 2.5 7.0,3,1.0,0.5 0.5 69.211392264 48.0 1.0 2.5 7.0
0.5 0.5 69.211392264 48.0 1.0 2.5 7.0,3,1.0,0.5 0.5 63.4671389851 41.0 1.0 2.5 7.0
0.5 0.5 63.4671389851 41.0 1.0 2.5 7.0,3,1.0,0.5 0.5 45.9932122853 23.7142857143 1.0 2.5 7.0
0.5 0.5 45.9932122853 23.7142857143 1.0 2.5 7.0,3,1.0,0.5 0.5 71.4991738076 24.7142857143 1.0 2.5 7.0
0.5 0.5 71.4991738076 24.7142857143 1.0 2.5 7.0,2,1.0,0.5 0.5 69.7354072388 45.4285714286 1.0 2.5 7.0
0.5 0.5 69.7354072388 45.4285714286 1.0 2.5 7.0,3,1.0,0.5 0.5 74.6976096334 50.0 1.0 2.5 7.0
0.5 0.5 74.6976096334 50.0 1.0 2.5 7.0,3,1.0,0.5 0.5 65.7032983148 25.2857142857 1.0 2.5 7.0
0.5 0.5 65.7032983148 25.2857142857 1.0 2.5 7.0,3,1.0,0.5 0.5 35.9509104545 25.0 1.0 2.5 7.0
0.5 0.5 35.9509104545 25.0 1.0 2.5 7.0,3,1.0,0.5 0.5 61.8523560372 23.5714285714 1.0 2.5 7.0
0.5 0.5 61.8523560372 23.5714285714 1.0 2.5 7.0,3,1.0,0.5 0.5 40.9091552334 22.1428571429 1.0 2.5 7.0
0.5 0.5 40.9091552334 22.1428571429 1.0 2.5 7.0,3,1.0,0.5 0.5 33.8238216082 33.8571428571 1.0 2.5 7.0
1.0 1.0 53.3942969919 23.8571428571 1.0 1.5 7.0,0,1.0,1.0 1.0 51.8337870037 23.5714285714 1.0 2.0 7.0
1.0 1.0 51.8337870037 23.5714285714 1.0 2.0 7.0,0,1.0,0.5 0.5 86.6819760008 27.4285714286 1.0 2.5 7.0
0.5 0.5 86.6819760008 27.4285714286 1.0 2.5 7.0,3,1.0,0.5 0.5 75.7894210009 24.7142857143 1.0 2.5 7.0
0.5 0.5 75.7894210009 24.7142857143 1.0 2.5 7.0,3,1.0,0.5 0.5 63.7695659898 23.2857142857 1.0 2.5 7.0
0.5 0.5 63.7695659898 23.2857142857 1.0 2.5 7.0,3,1.0,0.5 0.5 63.0131917988 23.5714285714 1.0 2.5 7.0
0.5 0.5 63.0131917988 23.5714285714 1.0 2.5 7.0,3,1.0,0.5 0.5 58.7870063061 32.1428571429 1.0 2.5 7.0
0.5 0.5 58.7870063061 32.1428571429 1.0 2.5 7.0,3,1.0,0.5 0.5 39.3578227828 31.2857142857 1.0 2.5 7.0
0.5 0.5 39.3578227828 31.2857142857 1.0 2.5 7.0,3,1.0,0.5 0.5 52.888875264 35.0 1.0 2.5 7.0
0.5 0.5 52.888875264 35.0 1.0 2.5 7.0,3,1.0,0.5 0.5 61.5683641766 26.1428571429 1.0 2.5 7.0
0.5 0.5 61.5683641766 26.1428571429 1.0 2.5 7.0,3,1.0,0.5 0.5 80.6790637609 25.5714285714 1.0 2.5 7.0
0.5 0.5 80.6790637609 25.5714285714 1.0 2.5 7.0,3,1.0,0.5 0.5 68.3718503964 26.2857142857 1.0 2.5 7.0
0.5 0.5 68.3718503964 26.2857142857 1.0 2.5 7.0,3,1.0,0.5 0.5 72.1222233126 24.5714285714 1.0 2.5 7.0
0.5 0.5 72.1222233126 24.5714285714 1.0 2.5 7.0,3,1.0,0.5 0.5 87.5098598836 24.5714285714 1.0 2.5 7.0
0.5 0.5 87.5098598836 24.5714285714 1.0 2.5 7.0,3,1.0,0.5 0.5 62.4467429456 43.8571428571 1.0 2.5 7.0
0.5 0.5 62.4467429456 43.8571428571 1.0 2.5 7.0,3,1.0,0.5 0.5 80.7303305721 24.5714285714 1.0 2.5 7.0
1.0 1.0 51.8337870037 23.4285714286 1.0 0.5 7.0,0,1.0,1.0 1.0 51.8337870037 23.4285714286 1.0 1.0 7.0
1.0 1.0 51.8337870037 23.4285714286 1.0 1.0 7.0,0,1.0,1.0 1.0 47.9041724903 23.2857142857 1.0 1.5 7.0
1.0 1.0 47.9041724903 23.2857142857 1.0 1.5 7.0,0,1.0,1.0 1.0 51.8337870037 23.2857142857 1.0 2.0 7.0
1.0 1.0 51.8337870037 23.2857142857 1.0 2.0 7.0,0,1.0,0.5 0.5 83.6237609005 24.5714285714 1.0 2.5 7.0
0.5 0.5 83.6237609005 24.5714285714 1.0 2.5 7.0,3,1.0,0.5 0.5 52.7908110086 23.2857142857 1.0 2.5 7.0
0.5 0.5 52.7908110086 23.2857142857 1.0 2.5 7.0,3,1.0,0.5 0.5 86.7015985429 24.5714285714 1.0 2.5 7.0
0.5 0.5 86.7015985429 24.5714285714 1.0 2.5 7.0,3,1.0,0.5 0.5 57.9363652904 26.2857142857 1.0 2.5 7.0
0.5 0.5 57.9363652904 26.2857142857 1.0 2.5 7.0,3,1.0,0.5 0.5 54.0332621228 23.5714285714 1.0 2.5 7.0
0.5 0.5 54.0332621228 23.5714285714 1.0 2.5 7.0,3,1.0,0.5 0.5 77.6481815377 24.5714285714 1.0 2.5 7.0
0.5 0.5 77.6481815377 24.5714285714 1.0 2.5 7.0,3,1.0,0.5 0.5 85.5953794639 24.5714285714 1.0 2.5 7.0
0.5 0.5 85.5953794639 24.5714285714 1.0 2.5 7.0,3,1.0,0.5 0.5 41.2531765443 22.0 1.0 2.5 7.0
0.5 0.5 41.2531765443 22.0 1.0 2.5 7.0,3,1.0,0.5 0.5 62.4362745283 23.2857142857 1.0 2.5 7.0
0.5 0.5 62.4362745283 23.2857142857 1.0 2.5 7.0,3,1.0,0.5 0.5 43.21710284 27.1428571429 1.0 2.5 7.0
0.5 0.5 43.21710284 27.1428571429 1.0 2.5 7.0,3,1.0,0.5 0.5 80.8087974086 25.0 1.0 2.5 7.0
0.5 0.5 80.8087974086 25.0 1.0 2.5 7.0,3,1.0,0.5 0.5 44.6626159209 23.4285714286 1.0 2.5 7.0
1.0 1.0 30.0365443974 23.0 0.571428571429 1.5 4.0,0,1.0,1.0 1.0 30.0365443974 22.25 0.571428571429 2.0 4.0
1.0 1.0 30.0365443974 22.25 0.571428571429 2.0 4.0,3,1.0,1.0 1.0 55.492920562 24.2 0.714285714286 2.0 5.0
1.0 1.0 55.492920562 24.2 0.714285714286 2.0 5.0,3,1.0,1.0 1.0 53.8704682407 23.6666666667 0.857142857143 2.0 6.0
1.0 1.0 53.8704682407 23.6666666667 0.857142857143 2.0 6.0,0,1.0,0.5 0.5 44.3801027086 27.0 0.857142857143 2.5 6.0
0.5 0.5 44.3801027086 27.0 0.857142857143 2.5 6.0,3,1.0,0.5 0.5 72.585398715 23.2857142857 1.0 2.5 7.0
0.5 0.5 72.585398715 23.2857142857 1.0 2.5 7.0,3,1.0,0.5 0.5 40.4608489953 33.7142857143 1.0 2.5 7.0
0.5 0.5 40.4608489953 33.7142857143 1.0 2.5 7.0,4,-1.0,0.5 0.5 60.1853804293 24.0 0.857142857143 2.5 6.0
0.5 0.5 60.1853804293 24.0 0.857142857143 2.5 6.0,3,1.0,0.5 0.5 48.2735479002 22.0 1.0 2.5 7.0
0.5 0.5 48.2735479002 22.0 1.0 2.5 7.0,3,1.0,0.5 0.5 78.0922031571 28.1428571429 1.0 2.5 7.0
0.5 0.5 78.0922031571 28.1428571429 1.0 2.5 7.0,3,1.0,0.5 0.5 32.4169212926 22.4285714286 1.0 2.5 7.0
0.5 0.5 32.4169212926 22.4285714286 1.0 2.5 7.0,3,1.0,0.5 0.5 80.1024157724 27.5714285714 1.0 2.5 7.0
0.5 0.5 80.1024157724 27.5714285714 1.0 2.5 7.0,3,1.0,0.5 0.5 65.6336136825 23.7142857143 1.0 2.5 7.0
0.5 0.5 65.6336136825 23.7142857143 1.0 2.5 7.0,3,1.0,0.5 0.5 41.8144477687 23.2857142857 1.0 2.5 7.0
0.5 0.5 41.8144477687 23.2857142857 1.0 2.5 7.0,3,1.0,0.5 0.5 75.9226561977 25.0 1.0 2.5 7.0
0.5 0.5 75.9226561977 25.0 1.0 2.5 7.0,2,1.0,0.5 0.5 48.2164097566 22.2857142857 1.0 2.5 7.0
1.0 1.0 30.0365443974 22.0 0.571428571429 1.5 4.0,3,1.0,1.0 1.0 55.492920562 23.8 0.714285714286 1.5 5.0
1.0 1.0 55.492920562 23.8 0.714285714286 1.5 5.0,0,1.0,1.0 1.0 60.9943808809 23.8 0.714285714286 2.0 5.0
1.0 1.0 60.9943808809 23.8 0.714285714286 2.0 5.0,3,1.0,1.0 1.0 49.2859179749 23.6666666667 0.857142857143 2.0 6.0
1.0 1.0 49.2859179749 23.6666666667 0.857142857143 2.0 6.0,0,1.0,0.5 0.5 77.6360577698 35.5 0.857142857143 2.5 6.0
0.5 0.5 77.6360577698 35.5 0.857142857143 2.5 6.0,3,1.0,0.5 0.5 64.1327735979 32.0 1.0 2.5 7.0
0.5 0.5 64.1327735979 32.0 1.0 2.5 7.0,3,1.0,0.5 0.5 80.7883963007 24.7142857143 1.0 2.5 7.0
0.5 0.5 80.7883963007 24.7142857143 1.0 2.5 7.0,3,1.0,0.5 0.5 60.360265393 23.4285714286 1.0 2.5 7.0
0.5 0.5 60.360265393 23.4285714286 1.0 2.5 7.0,3,1.0,0.5 0.5 95.1395642993 74.1428571429 1.0 2.5 7.0
0.5 0.5 95.1395642993 74.1428571429 1.0 2.5 7.0,3,1.0,0.5 0.5 44.2778486156 22.0 1.0 2.5 7.0
0.5 0.5 44.2778486156 22.0 1.0 2.5 7.0,3,1.0,0.5 0.5 78.8387920048 24.7142857143 1.0 2.5 7.0
0.5 0.5 78.8387920048 24.7142857143 1.0 2.5 7.0,3,1.0,0.5 0.5 61.1873763634 23.5714285714 1.0 2.5 7.0
0.5 0.5 61.1873763634 23.5714285714 1.0 2.5 7.0,3,1.0,0.5 0.5 57.1961826413 23.2857142857 1.0 2.5 7.0
0.5 0.5 57.1961826413 23.2857142857 1.0 2.5 7.0,2,1.0,0.5 0.5 84.2738690465 24.5714285714 1.0 2.5 7.0
0.5 0.5 84.2738690465 24.5714285714 1.0 2.5 7.0,3,1.0,0.5 0.5 44.0846073004 25.0 1.0 2.5 7.0
0.5 0.5 44.0846073004 25.0 1.0 2.5 7.0,3,1.0,0.5 0.5 48.4993061904 22.2857142857 1.0 2.5 7.0
0.0 0.0 250.0 150.0 0.0 4.0 3.0,1,-1.0,0.0 0.0 250.0 150.0 0.0 3.5 3.0
0.0 0.0 250.0 150.0 0.0 3.5 3.0,1,-1.0,0.0 0.0 250.0 150.0 0.0 3.0 3.0
0.0 0.0 250.0 150.0 0.0 3.0 3.0,1,1.0,0.5 0.5 79.9284685765 26.3333333333 0.428571428571 2.5 3.0
0.5 0.5 79.9284685765 26.3333333333 0.428571428571 2.5 3.0,3,1.0,0.5 0.5 28.1360076559 22.0 0.571428571429 2.5 4.0
0.5 0.5 28.1360076559 22.0 0.571428571429 2.5 4.0,3,1.0,0.5 0.5 66.4569055288 28.0 0.714285714286 2.5 5.0
0.5 0.5 66.4569055288 28.0 0.714285714286 2.5 5.0,3,1.0,0.5 0.5 38.1544006492 32.8333333333 0.857142857143 2.5 6.0
0.5 0.5 38.1544006492 32.8333333333 0.857142857143 2.5 6.0,3,1.0,0.5 0.5 87.3710893165 24.8571428571 1.0 2.5 7.0
0.5 0.5 87.3710893165 24.8571428571 1.0 2.5 7.0,3,1.0,0.5 0.5 53.2475118089 46.1428571429 1.0 2.5 7.0
0.5 0.5 53.2475118089 46.1428571429 1.0 2.5 7.0,3,1.0,0.5 0.5 74.9289201499 32.1428571429 1.0 2.5 7.0
0.5 0.5 74.9289201499 32.1428571429 1.0 2.5 7.0,3,1.0,0.5 0.5 71.483140974 44.8571428571 1.0 2.5 7.0
0.5 0.5 71.483140974 44.8571428571 1.0 2.5 7.0,3,1.0,0.5 0.5 41.7251324638 42.7142857143 1.0 2.5 7.0
0.5 0.5 41.7251324638 42.7142857143 1.0 2.5 7.0,3,1.0,0.5 0.5 72.1569749374 28.0 1.0 2.5 7.0
0.5 0.5 72.1569749374 28.0 1.0 2.5 7.0,3,1.0,0.5 0.5 72.1366449581 24.5714285714 1.0 2.5 7.0
0.5 0.5 72.1366449581 24.5714285714 1.0 2.5 7.0,3,1.0,0.5 0.5 53.8465775393 23.4285714286 1.0 2.5 7.0
0.5 0.5 53.8465775393 23.4285714286 1.0 2.5 7.0,3,1.0,0.5 0.5 83.1720820532 28.5714285714 1.0 2.5 7.0
0.0 0.0 250.0 150.0 0.0 3.0 7.0,1,1.0,0.5 0.5 64.7484276709 32.8571428571 1.0 2.5 7.0
0.5 0.5 64.7484276709 32.8571428571 1.0 2.5 7.0,3,1.0,0.5 0.5 64.9738207669 26.4285714286 1.0 2.5 7.0
0.5 0.5 64.9738207669 26.4285714286 1.0 2.5 7.0,3,1.0,0.5 0.5 50.9327086139 23.5714285714 1.0 2.5 7.0
0.5 0.5 50.9327086139 23.5714285714 1.0 2.5 7.0,3,1.0,0.5 0.5 65.6313472415 43.7142857143 1.0 2.5 7.0
0.5 0.5 65.6313472415 43.7142857143 1.0 2.5 7.0,3,1.0,0.5 0.5 60.828334945 42.8571428571 1.0 2.5 7.0
0.5 0.5 60.828334945 42.8571428571 1.0 2.5 7.0,3,1.0,0.5 0.5 100.976048027 26.0 1.0 2.5 7.0
0.5 0.5 100.976048027 26.0 1.0 2.5 7.0,3,1.0,0.5 0.5 71.7849567696 27.7142857143 1.0 2.5 7.0
0.5 0.5 71.7849567696 27.7142857143 1.0 2.5 7.0,3,1.0,0.5 0.5 71.3304922613 25.0 1.0 2.5 7.0
0.5 0.5 71.3304922613 25.0 1.0 2.5 7.0,3,1.0,0.5 0.5 66.4637360951 30.4285714286 1.0 2.5 7.0
0.5 0.5 66.4637360951 30.4285714286 1.0 2.5 7.0,1,-1.0,1.0 1.0 47.9041724903 23.7142857143 1.0 2.0 7.0
1.0 1.0 47.9041724903 23.7142857143 1.0 2.0 7.0,0,1.0,0.5 0.5 46.7132226411 23.7142857143 1.0 2.5 7.0
0.5 0.5 46.7132226411 23.7142857143 1.0 2.5 7.0,3,1.0,0.5 0.5 28.4784996083 22.0 1.0 2.5 7.0
0.5 0.5 28.4784996083 22.0 1.0 2.5 7.0,3,1.0,0.5 0.5 37.3808085121 31.2857142857 1.0 2.5 7.0
0.5 0.5 37.3808085121 31.2857142857 1.0 2.5 7.0,3,1.0,0.5 0.5 61.3320421205 24.1428571429 1.0 2.5 7.0
0.5 0.5 61.3320421205 24.1428571429 1.0 2.5 7.0,3,1.0,0.5 0.5 92.1762390661 28.8571428571 1.0 2.5 7.0
1.0 1.0 60.9943808809 24.2 0.714285714286 1.5 5.0,0,1.0,1.0 1.0 63.2011953512 24.4 0.714285714286 2.0 5.0
1.0 1.0 63.2011953512 24.4 0.714285714286 2.0 5.0,3,1.0,1.0 1.0 53.8704682407 23.5 0.857142857143 2.0 6.0
1.0 1.0 53.8704682407 23.5 0.857142857143 2.0 6.0,0,1.0,0.5 0.5 82.5932858215 35.3333333333 0.857142857143 2.5 6.0
0.5 0.5 82.5932858215 35.3333333333 0.857142857143 2.5 6.0,3,1.0,0.5 0.5 67.3383130566 24.5714285714 1.0 2.5 7.0
0.5 0.5 67.3383130566 24.5714285714 1.0 2.5 7.0,3,1.0,0.5 0.5 52.550311879 23.0 1.0 2.5 7.0
0.5 0.5 52.550311879 23.0 1.0 2.5 7.0,3,1.0,0.5 0.5 34.7690538439 22.1428571429 1.0 2.5 7.0
0.5 0.5 34.7690538439 22.1428571429 1.0 2.5 7.0,3,1.0,0.5 0.5 90.1308844593 24.5714285714 1.0 2.5 7.0
0.5 0.5 90.1308844593 24.5714285714 1.0 2.5 7.0,3,1.0,0.5 0.5 64.314359244 23.4285714286 1.0 2.5 7.0
0.5 0.5 64.314359244 23.4285714286 1.0 2.5 7.0,3,1.0,0.5 0.5 47.5404876834 26.2857142857 1.0 2.5 7.0
0.5 0.5 47.5404876834 26.2857142857 1.0 2.5 7.0,3,1.0,0.5 0.5 47.4808093586 27.8571428571 1.0 2.5 7.0
0.5 0.5 47.4808093586 27.8571428571 1.0 2.5 7.0,3,1.0,0.5 0.5 58.8319531084 23.2857142857 1.0 2.5 7.0
0.5 0.5 58.8319531084 23.2857142857 1.0 2.5 7.0,3,1.0,0.5 0.5 84.0483313426 25.0 1.0 2.5 7.0
0.5 0.5 84.0483313426 25.0 1.0 2.5 7.0,3,1.0,0.5 0.5 72.6089359723 23.5714285714 1.0 2.5 7.0
0.5 0.5 72.6089359723 23.5714285714 1.0 2.5 7.0,3,1.0,0.5 0.5 55.6759877088 26.2857142857 1.0 2.5 7.0
0.5 0.5 55.6759877088 26.2857142857 1.0 2.5 7.0,3,1.0,0.5 0.5 33.2579544526 22.4285714286 1.0 2.5 7.0
1.0 1.0 51.8337870037 23.2857142857 1.0 0.5 7.0,0,1.0,1.0 1.0 51.8337870037 23.2857142857 1.0 1.0 7.0
1.0 1.0 51.8337870037 23.2857142857 1.0 1.0 7.0,0,1.0,1.0 1.0 51.8337870037 23.4285714286 1.0 1.5 7.0
1.0 1.0 51.8337870037 23.4285714286 1.0 1.5 7.0,0,1.0,1.0 1.0 51.8337870037 23.5714285714 1.0 2.0 7.0
1.0 1.0 51.8337870037 23.5714285714 1.0 2.0 7.0,0,1.0,0.5 0.5 57.4704599845 44.7142857143 1.0 2.5 7.0
0.5 0.5 57.4704599845 44.7142857143 1.0 2.5 7.0,3,1.0,0.5 0.5 57.2184653304 23.2857142857 1.0 2.5 7.0
0.5 0.5 57.2184653304 23.2857142857 1.0 2.5 7.0,2,1.0,0.5 0.5 102.091456122 25.8571428571 1.0 2.5 7.0
0.5 0.5 102.091456122 25.8571428571 1.0 2.5 7.0,3,1.0,0.5 0.5 58.1821244052 26.4285714286 1.0 2.5 7.0
0.5 0.5 58.1821244052 26.4285714286 1.0 2.5 7.0,3,1.0,0.5 0.5 44.2172222769 22.0 1.0 2.5 7.0
0.5 0.5 44.2172222769 22.0 1.0 2.5 7.0,3,1.0,0.5 0.5 80.0037837927 24.5714285714 1.0 2.5 7.0
0.5 0.5 80.0037837927 24.5714285714 1.0 2.5 7.0,3,1.0,0.5 0.5 83.0631627102 27.5714285714 1.0 2.5 7.0
0.5 0.5 83.0631627102 27.5714285714 1.0 2.5 7.0,3,1.0,0.5 0.5 51.4968671508 23.4285714286 1.0 2.5 7.0
0.5 0.5 51.4968671508 23.4285714286 1.0 2.5 7.0,3,1.0,0.5 0.5 61.6014282226 23.4285714286 1.0 2.5 7.0
0.5 0.5 61.6014282226 23.4285714286 1.0 2.5 7.0,3,1.0,0.5 0.5 83.9999659361 24.5714285714 1.0 2.5 7.0
0.5 0.5 83.9999659361 24.5714285714 1.0 2.5 7.0,3,1.0,0.5 0.5 67.761916984 30.2857142857 1.0 2.5 7.0
0.5 0.5 67.761916984 30.2857142857 1.0 2.5 7.0,3,1.0,0.5 0.5 89.7259838874 28.8571428571 1.0 2.5 7.0
0.5 0.5 55.5037280118 23.2857142857 1.0 2.5 7.0,3,1.0,0.5 0.5 32.4515601419 45.4285714286 1.0 2.5 7.0
0.5 0.5 32.4515601419 45.4285714286 1.0 2.5 7.0,3,1.0,0.5 0.5 71.7797365936 47.7142857143 1.0 2.5 7.0
0.5 0.5 71.7797365936 47.7142857143 1.0 2.5 7.0,3,1.0,0.5 0.5 47.8511379371 32.1428571429 1.0 2.5 7.0
0.5 0.5 47.8511379371 32.1428571429 1.0 2.5 7.0,3,1.0,0.5 0.5 71.0361600601 33.5714285714 1.0 2.5 7.0
0.5 0.5 71.0361600601 33.5714285714 1.0 2.5 7.0,2,1.0,0.5 0.5 68.4568889542 27.4285714286 1.0 2.5 7.0
0.5 0.5 68.4568889542 27.4285714286 1.0 2.5 7.0,3,1.0,0.5 0.5 31.122644741 27.7142857143 1.0 2.5 7.0
0.5 0.5 31.122644741 27.7142857143 1.0 2.5 7.0,3,1.0,0.5 0.5 50.1413727031 52.8571428571 1.0 2.5 7.0
0.5 0.5 50.1413727031 52.8571428571 1.0 2.5 7.0,3,1.0,0.5 0.5 71.9298330312 48.1428571429 1.0 2.5 7.0
0.5 0.5 71.9298330312 48.1428571429 1.0 2.5 7.0,3,1.0,0.5 0.5 48.4767128228 24.0 1.0 2.5 7.0
0.5 0.5 48.4767128228 24.0 1.0 2.5 7.0,3,1.0,0.5 0.5 97.5597345641 61.5714285714 1.0 2.5 7.0
0.5 0.5 97.5597345641 61.5714285714 1.0 2.5 7.0,3,1.0,0.5 0.5 85.9343592447 33.7142857143 1.0 2.5 7.0
0.5 0.5 85.9343592447 33.7142857143 1.0 2.5 7.0,3,1.0,0.5 0.5 76.9266580136 24.5714285714 1.0 2.5 7.0
0.5 0.5 76.9266580136 24.5714285714 1.0 2.5 7.0,3,1.0,0.5 0.5 38.9801627476 25.0 1.0 2.5 7.0
0.5 0.5 38.9801627476 25.0 1.0 2.5 7.0,3,1.0,0.5 0.5 81.1590691938 24.7142857143 1.0 2.5 7.0
0.5 0.5 81.1590691938 24.7142857143 1.0 2.5 7.0,2,1.0,0.5 0.5 50.880131858 23.2857142857 1.0 2.5 7.0
1.0 1.0 33.7044022035 22.0 0.428571428571 0.5 3.0,0,1.0,1.0 1.0 33.7044022035 22.0 0.428571428571 1.0 3.0
1.0 1.0 33.7044022035 22.0 0.428571428571 1.0 3.0,3,1.0,1.0 1.0 30.0365443974 22.0 0.571428571429 1.0 4.0
1.0 1.0 30.0365443974 22.0 0.571428571429 1.0 4.0,0,1.0,1.0 1.0 67.3211686228 24.25 0.571428571429 1.5 4.0
1.0 1.0 67.3211686228 24.25 0.571428571429 1.5 4.0,0,1.0,1.0 1.0 67.3211686228 24.5 0.571428571429 2.0 4.0
1.0 1.0 67.3211686228 24.5 0.571428571429 2.0 4.0,3,1.0,1.0 1.0 60.9943808809 24.0 0.714285714286 2.0 5.0
1.0 1.0 60.9943808809 24.0 0.714285714286 2.0 5.0,0,1.0,0.5 0.5 57.1205195064 27.8 0.714285714286 2.5 5.0
0.5 0.5 57.1205195064 27.8 0.714285714286 2.5 5.0,3,1.0,0.5 0.5 69.7925218959 23.5 0.857142857143 2.5 6.0
0.5 0.5 69.7925218959 23.5 0.857142857143 2.5 6.0,3,1.0,0.5 0.5 66.2576108966 24.0 1.0 2.5 7.0
0.5 0.5 66.2576108966 24.0 1.0 2.5 7.0,3,1.0,0.5 0.5 75.735984566 33.4285714286 1.0 2.5 7.0
0.5 0.5 75.735984566 33.4285714286 1.0 2.5 7.0,3,1.0,0.5 0.5 39.272897905 22.2857142857 1.0 2.5 7.0
0.5 0.5 39.272897905 22.2857142857 1.0 2.5 7.0,3,1.0,0.5 0.5 71.2637814653 24.7142857143 1.0 2.5 7.0
0.5 0.5 71.2637814653 24.7142857143 1.0 2.5 7.0,3,1.0,0.5 0.5 58.1687157865 26.1428571429 1.0 2.5 7.0
0.5 0.5 58.1687157865 26.1428571429 1.0 2.5 7.0,3,1.0,0.5 0.5 34.9909570851 22.4285714286 1.0 2.5 7.0
0.5 0.5 34.9909570851 22.4285714286 1.0 2.5 7.0,3,1.0,0.5 0.5 71.1007581804 35.7142857143 1.0 2.5 7.0
0.5 0.5 71.1007581804 35.7142857143 1.0 2.5 7.0,3,1.0,0.5 0.5 53.6137586714 22.4285714286 1.0 2.5 7.0
0.0 0.0 250.0 150.0 0.0 4.0 7.0,1,-1.0,0.0 0.0 250.0 150.0 0.0 3.5 7.0
0.0 0.0 250.0 150.0 0.0 3.5 7.0,1,-1.0,0.0 0.0 250.0 150.0 0.0 3.0 7.0
0.0 0.0 250.0 150.0 0.0 3.0 7.0,1,1.0,0.5 0.5 76.26834864 25.1428571429 1.0 2.5 7.0
0.5 0.5 76.26834864 25.1428571429 1.0 2.5 7.0,3,1.0,0.5 0.5 63.1598397371 26.1428571429 1.0 2.5 7.0
0.5 0.5 63.1598397371 26.1428571429 1.0 2.5 7.0,3,1.0,0.5 0.5 59.9311261631 23.2857142857 1.0 2.5 7.0
0.5 0.5 59.9311261631 23.2857142857 1.0 2.5 7.0,3,1.0,0.5 0.5 95.0895052996 29.0 1.0 2.5 7.0
0.5 0.5 95.0895052996 29.0 1.0 2.5 7.0,2,1.0,0.5 0.5 68.0843998001 29.1428571429 1.0 2.5 7.0
0.5 0.5 68.0843998001 29.1428571429 1.0 2.5 7.0,3,1.0,0.5 0.5 33.5223544161 42.5714285714 1.0 2.5 7.0
0.5 0.5 33.5223544161 42.5714285714 1.0 2.5 7.0,3,1.0,0.5 0.5 49.4668027209 23.2857142857 1.0 2.5 7.0
0.5 0.5 49.4668027209 23.2857142857 1.0 2.5 7.0,3,1.0,0.5 0.5 67.5923980451 23.2857142857 1.0 2.5 7.0
0.5 0.5 67.5923980451 23.2857142857 1.0 2.5 7.0,3,1.0,0.5 0.5 82.9504623157 27.8571428571 1.0 2.5 7.0
0.5 0.5 82.9504623157 27.8571428571 1.0 2.5 7.0,3,1.0,0.5 0.5 44.6557674408 22.0 1.0 2.5 7.0
0.5 0.5 44.6557674408 22.0 1.0 2.5 7.0,3,1.0,0.5 0.5 77.2520919591 33.4285714286 1.0 2.5 7.0
0.5 0.5 77.2520919591 33.4285714286 1.0 2.5 7.0,3,1.0,0.5 0.5 77.0013781806 25.5714285714 1.0 2.5 7.0
0.5 0.5 77.0013781806 25.5714285714 1.0 2.5 7.0,3,1.0,0.5 0.5 78.890753238 24.5714285714 1.0 2.5 7.0
1.0 1.0 60.9943808809 24.2 0.714285714286 1.0 5.0,0,1.0,1.0 1.0 60.9943808809 23.8 0.714285714286 1.5 5.0
1.0 1.0 60.9943808809 23.8 0.714285714286 1.5 5.0,0,1.0,1.0 1.0 55.492920562 24.6 0.714285714286 2.0 5.0
1.0 1.0 55.492920562 24.6 0.714285714286 2.0 5.0,0,1.0,0.5 0.5 84.5408648972 25.6 0.714285714286 2.5 5.0
0.5 0.5 84.5408648972 25.6 0.714285714286 2.5 5.0,3,1.0,0.5 0.5 80.3892667103 28.6666666667 0.857142857143 2.5 6.0
0.5 0.5 80.3892667103 28.6666666667 0.857142857143 2.5 6.0,3,1.0,0.5 0.5 63.2242753293 52.7142857143 1.0 2.5 7.0
0.5 0.5 63.2242753293 52.7142857143 1.0 2.5 7.0,3,1.0,0.5 0.5 54.7330714466 23.2857142857 1.0 2.5 7.0
0.5 0.5 54.7330714466 23.2857142857 1.0 2.5 7.0,3,1.0,0.5 0.5 52.5129055721 23.2857142857 1.0 2.5 7.0
0.5 0.5 52.5129055721 23.2857142857 1.0 2.5 7.0,3,1.0,0.5 0.5 44.0699758005 22.2857142857 1.0 2.5 7.0
0.5 0.5 44.0699758005 22.2857142857 1.0 2.5 7.0,3,1.0,0.5 0.5 71.1462699381 24.8571428571 1.0 2.5 7.0
0.5 0.5 71.1462699381 24.8571428571 1.0 2.5 7.0,3,1.0,0.5 0.5 60.4239786978 23.2857142857 1.0 2.5 7.0
0.5 0.5 60.4239786978 23.2857142857 1.0 2.5 7.0,3,1.0,0.5 0.5 85.3335061004 25.1428571429 1.0 2.5 7.0
0.5 0.5 85.3335061004 25.1428571429 1.0 2.5 7.0,3,1.0,0.5 0.5 35.9920516814 25.1428571429 1.0 2.5 7.0
0.5 0.5 35.9920516814 25.1428571429 1.0 2.5 7.0,2,1.0,0.5 0.5 74.9161060884 45.0 1.0 2.5 7.0
0.5 0.5 74.9161060884 45.0 1.0 2.5 7.0,3,1.0,0.5 0.5 66.870295535 23.5714285714 1.0 2.5 7.0
0.5 0.5 66.870295535 23.5714285714 1.0 2.5 7.0,3,1.0,0.5 0.5 33.8030382128 22.4285714286 1.0 2.5 7.0
0.0 0.0 250.0 150.0 0.0 3.0 7.0,1,1.0,0.5 0.5 101.025137764 26.2857142857 1.0 2.5 7.0
0.5 0.5 101.025137764 26.2857142857 1.0 2.5 7.0,2,1.0,0.5 0.5 32.5560662338 25.2857142857 1.0 2.5 7.0
0.5 0.5 32.5560662338 25.2857142857 1.0 2.5 7.0,3,1.0,0.5 0.5 55.4036287134 23.4285714286 1.0 2.5 7.0
0.5 0.5 55.4036287134 23.4285714286 1.0 2.5 7.0,3,1.0,0.5 0.5 54.4097001163 26.1428571429 1.0 2.5 7.0
0.5 0.5 54.4097001163 26.1428571429 1.0 2.5 7.0,2,1.0,0.5 0.5 65.9102446417 24.5714285714 1.0 2.5 7.0
0.5 0.5 65.9102446417 24.5714285714 1.0 2.5 7.0,3,1.0,0.5 0.5 59.9453479808 27.4285714286 1.0 2.5 7.0
0.5 0.5 59.9453479808 27.4285714286 1.0 2.5 7.0,3,1.0,0.5 0.5 70.5917349854 26.1428571429 1.0 2.5 7.0
0.5 0.5 70.5917349854 26.1428571429 1.0 2.5 7.0,3,1.0,0.5 0.5 59.0792925972 35.0 1.0 2.5 7.0
0.5 0.5 59.0792925972 35.0 1.0 2.5 7.0,2,1.0,0.5 0.5 44.3654483135 25.1428571429 1.0 2.5 7.0
0.5 0.5 44.3654483135 25.1428571429 1.0 2.5 7.0,2,1.0,0.5 0.5 60.5318652097 23.7142857143 1.0 2.5 7.0
0.5 0.5 60.5318652097 23.7142857143 1.0 2.5 7.0,3,1.0,0.5 0.5 77.1270074896 24.7142857143 1.0 2.5 7.0
0.5 0.5 77.1270074896 24.7142857143 1.0 2.5 7.0,3,1.0,0.5 0.5 40.4550946209 31.2857142857 1.0 2.5 7.0
0.5 0.5 40.4550946209 31.2857142857 1.0 2.5 7.0,2,1.0,0.5 0.5 54.8054905376 23.2857142857 1.0 2.5 7.0
0.5 0.5 54.8054905376 23.2857142857 1.0 2.5 7.0,3,1.0,0.5 0.5 61.7423143433 32.4285714286 1.0 2.5 7.0
0.5 0.5 61.7423143433 32.4285714286 1.0 2.5 7.0,3,1.0,0.5 0.5 60.000176768 26.2857142857 1.0 2.5 7.0
0.5 0.5 66.2217602234 26.5714285714 1.0 2.5 7.0,3,1.0,0.5 0.5 72.1823188469 23.5714285714 1.0 2.5 7.0
0.5 0.5 72.1823188469 23.5714285714 1.0 2.5 7.0,3,1.0,0.5 0.5 54.3819762228 23.4285714286 1.0 2.5 7.0
0.5 0.5 54.3819762228 23.4285714286 1.0 2.5 7.0,3,1.0,0.5 0.5 71.9119742925 123.0 1.0 2.5 7.0
0.5 0.5 71.9119742925 123.0 1.0 2.5 7.0,2,1.0,0.5 0.5 34.5905077842 25.0 1.0 2.5 7.0
0.5 0.5 34.5905077842 25.0 1.0 2.5 7.0,3,1.0,0.5 0.5 46.0950123475 32.8571428571 1.0 2.5 7.0
0.5 0.5 46.0950123475 32.8571428571 1.0 2.5 7.0,3,1.0,0.5 0.5 63.4084181823 23.2857142857 1.0 2.5 7.0
0.5 0.5 63.4084181823 23.2857142857 1.0 2.5 7.0,3,1.0,0.5 0.5 116.076255499 35.4285714286 1.0 2.5 7.0
0.5 0.5 116.076255499 35.4285714286 1.0 2.5 7.0,3,1.0,0.5 0.5 63.0087133989 27.2857142857 1.0 2.5 7.0
0.5 0.5 63.0087133989 27.2857142857 1.0 2.5 7.0,3,1.0,0.5 0.5 60.1056706807 35.4285714286 1.0 2.5 7.0
0.5 0.5 60.1056706807 35.4285714286 1.0 2.5 7.0,3,1.0,0.5 0.5 57.7653440672 23.7142857143 1.0 2.5 7.0
0.5 0.5 57.7653440672 23.7142857143 1.0 2.5 7.0,3,1.0,0.5 0.5 93.3097582329 24.5714285714 1.0 2.5 7.0
0.5 0.5 93.3097582329 24.5714285714 1.0 2.5 7.0,3,1.0,0.5 0.5 57.7155059308 26.4285714286 1.0 2.5 7.0
0.5 0.5 57.7155059308 26.4285714286 1.0 2.5 7.0,3,1.0,0.5 0.5 80.5479637449 25.0 1.0 2.5 7.0
0.5 0.5 80.5479637449 25.0 1.0 2.5 7.0,3,1.0,0.5 0.5 98.6682236423 26.1428571429 1.0 2.5 7.0
0.5 0.5 98.6682236423 26.1428571429 1.0 2.5 7.0,3,1.0,0.5 0.5 72.6252181879 35.0 1.0 2.5 7.0
1.0 1.0 30.0365443974 22.5 0.571428571429 0.5 4.0,0,1.0,1.0 1.0 30.0365443974 22.0 0.571428571429 1.0 4.0
1.0 1.0 30.0365443974 22.0 0.571428571429 1.0 4.0,0,1.0,1.0 1.0 30.0365443974 22.0 0.571428571429 1.5 4.0
1.0 1.0 30.0365443974 22.0 0.571428571429 1.5 4.0,3,1.0,1.0 1.0 60.9943808809 23.8 0.714285714286 1.5 5.0
1.0 1.0 60.9943808809 23.8 0.714285714286 1.5 5.0,0,1.0,1.0 1.0 60.9943808809 23.8 0.714285714286 2.0 5.0
1.0 1.0 60.9943808809 23.8 0.714285714286 2.0 5.0,0,1.0,0.5 0.5 74.9305277917 25.6 0.714285714286 2.5 5.0
0.5 0.5 74.9305277917 25.6 0.714285714286 2.5 5.0,3,1.0,0.5 0.5 68.0394762811 26.8333333333 0.857142857143 2.5 6.0
0.5 0.5 68.0394762811 26.8333333333 0.857142857143 2.5 6.0,3,1.0,0.5 0.5 71.0963425686 31.0 1.0 2.5 7.0
0.5 0.5 71.0963425686 31.0 1.0 2.5 7.0,3,1.0,0.5 0.5 62.8335535008 35.1428571429 1.0 2.5 7.0
0.5 0.5 62.8335535008 35.1428571429 1.0 2.5 7.0,3,1.0,0.5 0.5 87.8807723538 26.1428571429 1.0 2.5 7.0
0.5 0.5 87.8807723538 26.1428571429 1.0 2.5 7.0,2,1.0,0.5 0.5 66.2576108966 23.7142857143 1.0 2.5 7.0
0.5 0.5 66.2576108966 23.7142857143 1.0 2.5 7.0,3,1.0,0.5 0.5 86.3338254499 24.5714285714 1.0 2.5 7.0
0.5 0.5 86.3338254499 24.5714285714 1.0 2.5 7.0,3,1.0,0.5 0.5 78.952915375 25.0 1.0 2.5 7.0
0.5 0.5 78.952915375 25.0 1.0 2.5 7.0,3,1.0,0.5 0.5 52.113416207 26.2857142857 1.0 2.5 7.0
0.5 0.5 52.113416207 26.2857142857 1.0 2.5 7.0,3,1.0,0.5 0.5 68.6795056024 80.1428571429 1.0 2.5 7.0
0.5 0.5 68.6795056024 80.1428571429 1.0 2.5 7.0,2,1.0,0.5 0.5 55.8109653366 23.4285714286 1.0 2.5 7.0
0.5 0.5 64.4454163076 23.6666666667 0.857142857143 2.5 6.0,3,1.0,0.5 0.5 81.2010050436 33.7142857143 1.0 2.5 7.0
0.5 0.5 81.2010050436 33.7142857143 1.0 2.5 7.0,3,1.0,0.5 0.5 66.6496361677 23.2857142857 1.0 2.5 7.0
0.5 0.5 66.6496361677 23.2857142857 1.0 2.5 7.0,3,1.0,0.5 0.5 57.6526380554 42.2857142857 1.0 2.5 7.0
0.5 0.5 57.6526380554 42.2857142857 1.0 2.5 7.0,3,1.0,0.5 0.5 54.2622976143 32.5714285714 1.0 2.5 7.0
0.5 0.5 54.2622976143 32.5714285714 1.0 2.5 7.0,3,1.0,0.5 0.5 50.9327086139 23.5714285714 1.0 2.5 7.0
0.5 0.5 50.9327086139 23.5714285714 1.0 2.5 7.0,3,1.0,0.5 0.5 50.7040528674 45.5714285714 1.0 2.5 7.0
0.5 0.5 50.7040528674 45.5714285714 1.0 2.5 7.0,3,1.0,0.5 0.5 41.1279989702 22.2857142857 1.0 2.5 7.0
0.5 0.5 41.1279989702 22.2857142857 1.0 2.5 7.0,3,1.0,0.5 0.5 39.0626836155 22.1428571429 1.0 2.5 7.0
0.5 0.5 39.0626836155 22.1428571429 1.0 2.5 7.0,3,1.0,0.5 0.5 70.8857826086 24.7142857143 1.0 2.5 7.0
0.5 0.5 70.8857826086 24.7142857143 1.0 2.5 7.0,3,1.0,0.5 0.5 55.4383320479 30.5714285714 1.0 2.5 7.0
0.5 0.5 55.4383320479 30.5714285714 1.0 2.5 7.0,3,1.0,0.5 0.5 53.3238450094 121.857142857 1.0 2.5 7.0
0.5 0.5 53.3238450094 121.857142857 1.0 2.5 7.0,3,1.0,0.5 0.5 34.5978851784 24.8571428571 1.0 2.5 7.0
0.5 0.5 34.5978851784 24.8571428571 1.0 2.5 7.0,3,1.0,0.5 0.5 74.5459336786 25.4285714286 1.0 2.5 7.0
0.5 0.5 74.5459336786 25.4285714286 1.0 2.5 7.0,3,1.0,0.5 0.5 67.6074288942 23.4285714286 1.0 2.5 7.0
0.5 0.5 67.6074288942 23.4285714286 1.0 2.5 7.0,2,1.0,0.5 0.5 53.8463517901 33.8571428571 1.0 2.5 7.0
1.0 1.0 51.8337870037 23.4285714286 1.0 2.0 7.0,0,1.0,0.5 0.5 58.1377468343 32.1428571429 1.0 2.5 7.0
0.5 0.5 58.1377468343 32.1428571429 1.0 2.5 7.0,3,1.0,0.5 0.5 47.857771033 23.2857142857 1.0 2.5 7.0
0.5 0.5 47.857771033 23.2857142857 1.0 2.5 7.0,3,1.0,0.5 0.5 87.8170066379 24.5714285714 1.0 2.5 7.0
0.5 0.5 87.8170066379 24.5714285714 1.0 2.5 7.0,3,1.0,0.5 0.5 50.3632303636 23.4285714286 1.0 2.5 7.0
0.5 0.5 50.3632303636 23.4285714286 1.0 2.5 7.0,2,1.0,0.5 0.5 37.028373868 22.1428571429 1.0 2.5 7.0
0.5 0.5 37.028373868 22.1428571429 1.0 2.5 7.0,3,1.0,0.5 0.5 81.2659619971 24.7142857143 1.0 2.5 7.0
0.5 0.5 81.2659619971 24.7142857143 1.0 2.5 7.0,3,1.0,0.5 0.5 64.3803514361 46.5714285714 1.0 2.5 7.0
0.5 0.5 64.3803514361 46.5714285714 1.0 2.5 7.0,2,1.0,0.5 0.5 64.0743855354 32.4285714286 1.0 2.5 7.0
0.5 0.5 64.0743855354 32.4285714286 1.0 2.5 7.0,3,1.0,0.5 0.5 51.5329130384 31.8571428571 1.0 2.5 7.0
0.5 0.5 51.5329130384 31.8571428571 1.0 2.5 7.0,3,1.0,0.5 0.5 57.1362042695 23.2857142857 1.0 2.5 7.0
0.5 0.5 57.1362042695 23.2857142857 1.0 2.5 7.0,2,1.0,0.5 0.5 96.8169139256 31.8571428571 1.0 2.5 7.0
0.5 0.5 96.8169139256 31.8571428571 1.0 2.5 7.0,3,1.0,0.5 0.5 23.493611741 25.5714285714 1.0 2.5 7.0
0.5 0.5 23.493611741 25.5714285714 1.0 2.5 7.0,3,1.0,0.5 0.5 82.9016840088 24.7142857143 1.0 2.5 7.0
0.5 0.5 82.9016840088 24.7142857143 1.0 2.5 7.0,3,1.0,0.5 0.5 55.745657129 23.8571428571 1.0 2.5 7.0
0.5 0.5 55.745657129 23.8571428571 1.0 2.5 7.0,3,1.0,0.5 0.5 34.8940452474 22.1428571429 1.0 2.5 7.0
0.0 0.0 250.0 150.0 0.0 4.0 7.0,1,-1.0,0.0 0.0 250.0 150.0 0.0 3.5 7.0
0.0 0.0 250.0 150.0 0.0 3.5 7.0,1,-1.0,0.0 0.0 250.0 150.0 0.0 3.0 7.0
0.0 0.0 250.0 150.0 0.0 3.0 7.0,1,1.0,0.5 0.5 51.9876680427 31.5714285714 1.0 2.5 7.0
0.5 0.5 51.9876680427 31.5714285714 1.0 2.5 7.0,3,1.0,0.5 0.5 61.7844798108 23.2857142857 1.0 2.5 7.0
0.5 0.5 61.7844798108 23.2857142857 1.0 2.5 7.0,3,1.0,0.5 0.5 81.7862759138 25.1428571429 1.0 2.5 7.0
0.5 0.5 81.7862759138 25.1428571429 1.0 2.5 7.0,2,1.0,0.5 0.5 39.7932118217 22.2857142857 1.0 2.5 7.0
0.5 0.5 39.7932118217 22.2857142857 1.0 2.5 7.0,3,1.0,0.5 0.5 57.3859978523 23.5714285714 1.0 2.5 7.0
0.5 0.5 57.3859978523 23.5714285714 1.0 2.5 7.0,3,1.0,0.5 0.5 78.4127390017 24.5714285714 1.0 2.5 7.0
0.5 0.5 78.4127390017 24.5714285714 1.0 2.5 7.0,3,1.0,0.5 0.5 83.6079338377 24.5714285714 1.0 2.5 7.0
0.5 0.5 83.6079338377 24.5714285714 1.0 2.5 7.0,3,1.0,0.5 0.5 69.6438225881 41.0 1.0 2.5 7.0
0.5 0.5 69.6438225881 41.0 1.0 2.5 7.0,3,1.0,0.5 0.5 70.6241106251 27.5714285714 1.0 2.5 7.0
0.5 0.5 70.6241106251 27.5714285714 1.0 2.5 7.0,2,1.0,0.5 0.5 25.7031815478 26.0 1.0 2.5 7.0
0.5 0.5 25.7031815478 26.0 1.0 2.5 7.0,3,1.0,0.5 0.5 59.4867287059 23.2857142857 1.0 2.5 7.0
0.5 0.5 59.4867287059 23.2857142857 1.0 2.5 7.0,3,1.0,0.5 0.5 52.9313912382 27.5714285714 1.0 2.5 7.0
0.5 0.5 52.9313912382 27.5714285714 1.0 2.5 7.0,2,1.0,0.5 0.5 71.821369886 23.2857142857 1.0 2.5 7.0
0.0 0.0 250.0 150.0 0.0 4.0 7.0,1,-1.0,0.0 0.0 250.0 150.0 0.0 3.5 7.0
0.0 0.0 250.0 150.0 0.0 3.5 7.0,1,-1.0,0.0 0.0 250.0 150.0 0.0 3.0 7.0
0.0 0.0 250.0 150.0 0.0 3.0 7.0,1,1.0,0.5 0.5 48.0873121433 25.8571428571 1.0 2.5 7.0
0.5 0.5 48.0873121433 25.8571428571 1.0 2.5 7.0,3,1.0,0.5 0.5 76.4587593192 27.8571428571 1.0 2.5 7.0
0.5 0.5 76.4587593192 27.8571428571 1.0 2.5 7.0,3,1.0,0.5 0.5 81.1166788095 36.7142857143 1.0 2.5 7.0
0.5 0.5 81.1166788095 36.7142857143 1.0 2.5 7.0,3,1.0,0.5 0.5 51.87943049 32.1428571429 1.0 2.5 7.0
0.5 0.5 51.87943049 32.1428571429 1.0 2.5 7.0,2,1.0,0.5 0.5 60.5640678412 26.1428571429 1.0 2.5 7.0
0.5 0.5 60.5640678412 26.1428571429 1.0 2.5 7.0,2,1.0,0.5 0.5 34.7980305352 33.7142857143 1.0 2.5 7.0
0.5 0.5 34.7980305352 33.7142857143 1.0 2.5 7.0,3,1.0,0.5 0.5 58.0360294161 81.5714285714 1.0 2.5 7.0
0.5 0.5 58.0360294161 81.5714285714 1.0 2.5 7.0,3,1.0,0.5 0.5 79.5835956538 36.2857142857 1.0 2.5 7.0
0.5 0.5 79.5835956538 36.2857142857 1.0 2.5 7.0,3,1.0,0.5 0.5 89.4820889401 24.5714285714 1.0 2.5 7.0
0.5 0.5 89.4820889401 24.5714285714 1.0 2.5 7.0,3,1.0,0.5 0.5 73.6780990311 27.7142857143 1.0 2.5 7.0
0.5 0.5 73.6780990311 27.7142857143 1.0 2.5 7.0,3,1.0,0.5 0.5 66.3923898977 24.0 1.0 2.5 7.0
0.5 0.5 66.3923898977 24.0 1.0 2.5 7.0,3,1.0,0.5 0.5 51.1887662054 23.4285714286 1.0 2.5 7.0
0.5 0.5 51.1887662054 23.4285714286 1.0 2.5 7.0,3,1.0,0.5 0.5 52.3446456766 23.5714285714 1.0 2.5 7.0
0.0 0.0 250.0 150.0 0.0 3.5 5.0,1,-1.0,0.0 0.0 250.0 150.0 0.0 3.0 5.0
0.0 0.0 250.0 150.0 0.0 3.0 5.0,1,1.0,0.5 0.5 52.8975248485 24.4 0.714285714286 2.5 5.0
0.5 0.5 52.8975248485 24.4 0.714285714286 2.5 5.0,3,1.0,0.5 0.5 84.7141002315 25.5 0.857142857143 2.5 6.0
0.5 0.5 84.7141002315 25.5 0.857142857143 2.5 6.0,3,1.0,0.5 0.5 77.7298291572 24.8571428571 1.0 2.5 7.0
0.5 0.5 77.7298291572 24.8571428571 1.0 2.5 7.0,3,1.0,0.5 0.5 37.5657441885 33.7142857143 1.0 2.5 7.0
0.5 0.5 37.5657441885 33.7142857143 1.0 2.5 7.0,3,1.0,0.5 0.5 62.381154484 25.2857142857 1.0 2.5 7.0
0.5 0.5 62.381154484 25.2857142857 1.0 2.5 7.0,3,1.0,0.5 0.5 61.8368074661 52.2857142857 1.0 2.5 7.0
0.5 0.5 61.8368074661 52.2857142857 1.0 2.5 7.0,3,1.0,0.5 0.5 54.3444433821 26.7142857143 1.0 2.5 7.0
0.5 0.5 54.3444433821 26.7142857143 1.0 2.5 7.0,3,1.0,0.5 0.5 90.1308844593 24.8571428571 1.0 2.5 7.0
0.5 0.5 90.1308844593 24.8571428571 1.0 2.5 7.0,3,1.0,0.5 0.5 66.3980351847 26.2857142857 1.0 2.5 7.0
0.5 0.5 66.3980351847 26.2857142857 1.0 2.5 7.0,3,1.0,0.5 0.5 67.1702701219 24.5714285714 1.0 2.5 7.0
0.5 0.5 67.1702701219 24.5714285714 1.0 2.5 7.0,3,1.0,0.5 0.5 35.7948590762 25.4285714286 1.0 2.5 7.0
0.5 0.5 35.7948590762 25.4285714286 1.0 2.5 7.0,3,1.0,0.5 0.5 91.8236772448 25.0 1.0 2.5 7.0
0.5 0.5 91.8236772448 25.0 1.0 2.5 7.0,3,1.0,0.5 0.5 75.0604639496 30.7142857143 1.0 2.5 7.0
0.5 0.5 75.0604639496 30.7142857143 1.0 2.5 7.0,3,1.0,0.5 0.5 49.6108578021 26.4285714286 1.0 2.5 7.0
1.0 1.0 47.9041724903 23.4285714286 1.0 2.0 7.0,0,1.0,0.5 0.5 46.2894626081 49.8571428571 1.0 2.5 7.0
0.5 0.5 46.2894626081 49.8571428571 1.0 2.5 7.0,3,1.0,0.5 0.5 75.7922203412 24.5714285714 1.0 2.5 7.0
0.5 0.5 75.7922203412 24.5714285714 1.0 2.5 7.0,3,1.0,0.5 0.5 37.2908394572 22.0 1.0 2.5 7.0
0.5 0.5 37.2908394572 22.0 1.0 2.5 7.0,3,1.0,0.5 0.5 64.7319932105 32.1428571429 1.0 2.5 7.0
0.5 0.5 64.7319932105 32.1428571429 1.0 2.5 7.0,2,1.0,0.5 0.5 72.2903759764 25.2857142857 1.0 2.5 7.0
0.5 0.5 72.2903759764 25.2857142857 1.0 2.5 7.0,3,1.0,0.5 0.5 71.2664828017 24.5714285714 1.0 2.5 7.0
0.5 0.5 71.2664828017 24.5714285714 1.0 2.5 7.0,3,1.0,0.5 0.5 95.5023063707 25.8571428571 1.0 2.5 7.0
0.5 0.5 95.5023063707 25.8571428571 1.0 2.5 7.0,3,1.0,0.5 0.5 36.317858193 46.2857142857 1.0 2.5 7.0
0.5 0.5 36.317858193 46.2857142857 1.0 2.5 7.0,3,1.0,0.5 0.5 79.5389460652 24.8571428571 1.0 2.5 7.0
0.5 0.5 79.5389460652 24.8571428571 1.0 2.5 7.0,3,1.0,0.5 0.5 81.7363142839 44.2857142857 1.0 2.5 7.0
0.5 0.5 81.7363142839 44.2857142857 1.0 2.5 7.0,3,1.0,0.5 0.5 109.320073252 25.8571428571 1.0 2.5 7.0
0.5 0.5 109.320073252 25.8571428571 1.0 2.5 7.0,3,1.0,0.5 0.5 44.9152905236 22.0 1.0 2.5 7.0
0.5 0.5 44.9152905236 22.0 1.0 2.5 7.0,3,1.0,0.5 0.5 64.149062332 27.4285714286 1.0 2.5 7.0
0.5 0.5 64.149062332 27.4285714286 1.0 2.5 7.0,3,1.0,0.5 0.5 62.5670265267 34.1428571429 1.0 2.5 7.0
0.5 0.5 62.5670265267 34.1428571429 1.0 2.5 7.0,3,1.0,0.5 0.5 78.3387014906 25.0 1.0 2.5 7.0
0.5 0.5 28.8861309895 22.0 1.0 2.5 7.0,3,1.0,0.5 0.5 84.2722896493 41.1428571429 1.0 2.5 7.0
0.5 0.5 84.2722896493 41.1428571429 1.0 2.5 7.0,3,1.0,0.5 0.5 42.3027864197 22.1428571429 1.0 2.5 7.0
0.5 0.5 42.3027864197 22.1428571429 1.0 2.5 7.0,3,1.0,0.5 0.5 81.7700106869 33.4285714286 1.0 2.5 7.0
0.5 0.5 81.7700106869 33.4285714286 1.0 2.5 7.0,3,1.0,0.5 0.5 61.0460338248 23.4285714286 1.0 2.5 7.0
0.5 0.5 61.0460338248 23.4285714286 1.0 2.5 7.0,3,1.0,0.5 0.5 56.3688035135 23.7142857143 1.0 2.5 7.0
0.5 0.5 56.3688035135 23.7142857143 1.0 2.5 7.0,3,1.0,0.5 0.5 62.5113257085 26.4285714286 1.0 2.5 7.0
0.5 0.5 62.5113257085 26.4285714286 1.0 2.5 7.0,3,1.0,0.5 0.5 70.8888505805 23.2857142857 1.0 2.5 7.0
0.5 0.5 70.8888505805 23.2857142857 1.0 2.5 7.0,3,1.0,0.5 0.5 69.2212914958 23.5714285714 1.0 2.5 7.0
0.5 0.5 69.2212914958 23.5714285714 1.0 2.5 7.0,3,1.0,0.5 0.5 65.0283258926 23.7142857143 1.0 2.5 7.0
0.5 0.5 65.0283258926 23.7142857143 1.0 2.5 7.0,2,1.0,0.5 0.5 60.360265393 23.4285714286 1.0 2.5 7.0
0.5 0.5 60.360265393 23.4285714286 1.0 2.5 7.0,3,1.0,0.5 0.5 56.7038047872 23.2857142857 1.0 2.5 7.0
0.5 0.5 56.7038047872 23.2857142857 1.0 2.5 7.0,2,1.0,0.5 0.5 53.4059553386 35.0 1.0 2.5 7.0
0.5 0.5 53.4059553386 35.0 1.0 2.5 7.0,3,1.0,0.5 0.5 48.7381292519 23.4285714286 1.0 2.5 7.0
0.5 0.5 48.7381292519 23.4285714286 1.0 2.5 7.0,3,1.0,0.5 0.5 79.6783193243 24.7142857143 1.0 2.5 7.0
0.5 0.5 79.6783193243 24.7142857143 1.0 2.5 7.0,3,1.0,0.5 0.5 58.4578384987 62.8571428571 1.0 2.5 7.0
0.0 0.0 250.0 150.0 0.0 4.0 7.0,1,-1.0,0.0 0.0 250.0 150.0 0.0 3.5 7.0
0.0 0.0 250.0 150.0 0.0 3.5 7.0,1,-1.0,0.0 0.0 250.0 150.0 0.0 3.0 7.0
0.0 0.0 250.0 150.0 0.0 3.0 7.0,1,1.0,0.5 0.5 68.3021259828 30.2857142857 1.0 2.5 7.0
0.5 0.5 68.3021259828 30.2857142857 1.0 2.5 7.0,3,1.0,0.5 0.5 42.5197776507 25.5714285714 1.0 2.5 7.0
0.5 0.5 42.5197776507 25.5714285714 1.0 2.5 7.0,3,1.0,0.5 0.5 53.5348866514 24.1428571429 1.0 2.5 7.0
0.5 0.5 53.5348866514 24.1428571429 1.0 2.5 7.0,3,1.0,0.5 0.5 54.6039864416 51.8571428571 1.0 2.5 7.0
0.5 0.5 54.6039864416 51.8571428571 1.0 2.5 7.0,2,1.0,0.5 0.5 63.0028048955 26.1428571429 1.0 2.5 7.0
0.5 0.5 63.0028048955 26.1428571429 1.0 2.5 7.0,3,1.0,0.5 0.5 69.885664639 28.0 1.0 2.5 7.0
0.5 0.5 69.885664639 28.0 1.0 2.5 7.0,2,1.0,0.5 0.5 35.9798000584 22.1428571429 1.0 2.5 7.0
0.5 0.5 35.9798000584 22.1428571429 1.0 2.5 7.0,3,1.0,0.5 0.5 49.4852489107 26.1428571429 1.0 2.5 7.0
0.5 0.5 49.4852489107 26.1428571429 1.0 2.5 7.0,3,1.0,0.5 0.5 48.5962170191 23.4285714286 1.0 2.5 7.0
0.5 0.5 48.5962170191 23.4285714286 1.0 2.5 7.0,3,1.0,0.5 0.5 114.900023213 43.4285714286 1.0 2.5 7.0
0.5 0.5 114.900023213 43.4285714286 1.0 2.5 7.0,2,1.0,0.5 0.5 37.1074597764 24.8571428571 1.0 2.5 7.0
0.5 0.5 37.1074597764 24.8571428571 1.0 2.5 7.0,3,1.0,0.5 0.5 53.6806897795 23.4285714286 1.0 2.5 7.0
0.5 0.5 53.6806897795 23.4285714286 1.0 2.5 7.0,2,1.0,0.5 0.5 57.4693308313 26.2857142857 1.0 2.5 7.0
1.0 1.0 33.7044022035 22.3333333333 0.428571428571 0.5 3.0,0,1.0,1.0 1.0 33.7044022035 22.0 0.428571428571 1.0 3.0
1.0 1.0 33.7044022035 22.0 0.428571428571 1.0 3.0,3,1.0,1.0 1.0 30.0365443974 22.0 0.571428571429 1.0 4.0
1.0 1.0 30.0365443974 22.0 0.571428571429 1.0 4.0,0,1.0,1.0 1.0 62.0702911468 24.5 0.571428571429 1.5 4.0
1.0 1.0 62.0702911468 24.5 0.571428571429 1.5 4.0,0,1.0,1.0 1.0 30.0365443974 22.5 0.571428571429 2.0 4.0
1.0 1.0 30.0365443974 22.5 0.571428571429 2.0 4.0,3,1.0,1.0 1.0 60.9943808809 24.2 0.714285714286 2.0 5.0
1.0 1.0 60.9943808809 24.2 0.714285714286 2.0 5.0,3,1.0,1.0 1.0 53.8704682407 23.6666666667 0.857142857143 2.0 6.0
1.0 1.0 53.8704682407 23.6666666667 0.857142857143 2.0 6.0,0,1.0,0.5 0.5 58.9710815422 23.5 0.857142857143 2.5 6.0
0.5 0.5 58.9710815422 23.5 0.857142857143 2.5 6.0,3,1.0,0.5 0.5 57.3859978523 23.2857142857 1.0 2.5 7.0
0.5 0.5 57.3859978523 23.2857142857 1.0 2.5 7.0,3,1.0,0.5 0.5 55.8175934108 23.4285714286 1.0 2.5 7.0
0.5 0.5 55.8175934108 23.4285714286 1.0 2.5 7.0,3,1.0,0.5 0.5 41.8454657024 23.2857142857 1.0 2.5 7.0
0.5 0.5 41.8454657024 23.2857142857 1.0 2.5 7.0,3,1.0,0.5 0.5 56.486227291 23.7142857143 1.0 2.5 7.0
0.5 0.5 56.486227291 23.7142857143 1.0 2.5 7.0,3,1.0,0.5 0.5 61.5154526894 26.4285714286 1.0 2.5 7.0
0.5 0.5 61.5154526894 26.4285714286 1.0 2.5 7.0,3,1.0,0.5 0.5 95.1496581751 45.5714285714 1.0 2.5 7.0
0.5 0.5 95.1496581751 45.5714285714 1.0 2.5 7.0,3,1.0,0.5 0.5 34.6031183402 42.4285714286 1.0 2.5 7.0
0.5 0.5 34.6031183402 42.4285714286 1.0 2.5 7.0,3,1.0,0.5 0.5 46.0280647024 23.2857142857 1.0 2.5 7.0
1.0 1.0 51.8337870037 23.2857142857 1.0 1.5 7.0,0,1.0,1.0 1.0 51.8337870037 23.2857142857 1.0 2.0 7.0
1.0 1.0 51.8337870037 23.2857142857 1.0 2.0 7.0,0,1.0,0.5 0.5 50.0781948467 26.4285714286 1.0 2.5 7.0
0.5 0.5 50.0781948467 26.4285714286 1.0 2.5 7.0,3,1.0,0.5 0.5 59.4010660789 23.4285714286 1.0 2.5 7.0
0.5 0.5 59.4010660789 23.4285714286 1.0 2.5 7.0,2,1.0,0.5 0.5 82.2806718555 25.1428571429 1.0 2.5 7.0
0.5 0.5 82.2806718555 25.1428571429 1.0 2.5 7.0,3,1.0,0.5 0.5 56.0475816257 26.1428571429 1.0 2.5 7.0
0.5 0.5 56.0475816257 26.1428571429 1.0 2.5 7.0,3,1.0,0.5 0.5 85.3166330494 33.4285714286 1.0 2.5 7.0
0.5 0.5 85.3166330494 33.4285714286 1.0 2.5 7.0,3,1.0,0.5 0.5 80.9262364348 44.2857142857 1.0 2.5 7.0
