1.0 1.0 80.5269530816 46.1538461538 1.0 0.5 13.0,2,1.0,1.0 1.0 80.5269530816 46.1538461538 1.0 0.5 13.0
1.0 1.0 80.5269530816 46.1538461538 1.0 0.5 13.0,3,1.0,1.0 1.0 88.126150173 48.8461538462 1.0 0.5 13.0
1.0 1.0 88.126150173 48.8461538462 1.0 0.5 13.0,4,-1.0,1.0 1.0 87.8290306311 46.4166666667 0.923076923077 0.5 12.0
1.0 1.0 87.8290306311 46.4166666667 0.923076923077 0.5 12.0,2,-1.0,1.0 1.0 87.8949256615 46.25 0.923076923077 0.5 12.0
1.0 1.0 87.8949256615 46.25 0.923076923077 0.5 12.0,4,-1.0,1.0 1.0 94.280065293 42.4545454545 0.846153846154 0.5 11.0
1.0 1.0 94.280065293 42.4545454545 0.846153846154 0.5 11.0,3,1.0,1.0 1.0 87.8290306311 46.4166666667 0.923076923077 0.5 12.0
1.0 1.0 87.8290306311 46.4166666667 0.923076923077 0.5 12.0,3,1.0,1.0 1.0 89.450902531 50.0769230769 1.0 0.5 13.0
1.0 1.0 89.450902531 50.0769230769 1.0 0.5 13.0,2,1.0,1.0 1.0 86.6563532551 49.6923076923 1.0 0.5 13.0
1.0 1.0 86.6563532551 49.6923076923 1.0 0.5 13.0,4,-1.0,1.0 1.0 87.8290306311 46.3333333333 0.923076923077 0.5 12.0
1.0 1.0 87.8290306311 46.3333333333 0.923076923077 0.5 12.0,2,-1.0,1.0 1.0 87.9676321554 46.5 0.923076923077 0.5 12.0
1.0 1.0 87.9676321554 46.5 0.923076923077 0.5 12.0,4,-1.0,1.0 1.0 84.2536486616 37.5454545455 0.846153846154 0.5 11.0
1.0 1.0 84.2536486616 37.5454545455 0.846153846154 0.5 11.0,4,-1.0,1.0 1.0 94.7263677147 36.9 0.769230769231 0.5 10.0
1.0 1.0 94.7263677147 36.9 0.769230769231 0.5 10.0,2,-1.0,1.0 1.0 92.3552259221 28.8 0.769230769231 0.5 10.0
1.0 1.0 92.3552259221 28.8 0.769230769231 0.5 10.0,1,-1.0,1.0 1.0 95.0101821409 36.8 0.769230769231 0.5 10.0
1.0 1.0 95.0101821409 36.8 0.769230769231 0.5 10.0,3,1.0,1.0 1.0 85.8085409866 44.5454545455 0.846153846154 0.5 11.0
1.0 1.0 101.40881067 23.875 0.615384615385 0.5 8.0,2,-1.0,1.0 1.0 108.085489048 24.375 0.615384615385 0.5 8.0
1.0 1.0 108.085489048 24.375 0.615384615385 0.5 8.0,4,-1.0,1.0 1.0 76.6225436159 13.8571428571 0.538461538462 0.5 7.0
1.0 1.0 76.6225436159 13.8571428571 0.538461538462 0.5 7.0,4,-1.0,1.0 1.0 73.5520402245 14.3333333333 0.461538461538 0.5 6.0
1.0 1.0 73.5520402245 14.3333333333 0.461538461538 0.5 6.0,2,-1.0,1.0 1.0 73.5520402245 16.0 0.461538461538 0.5 6.0
1.0 1.0 73.5520402245 16.0 0.461538461538 0.5 6.0,3,1.0,1.0 1.0 88.637669307 20.1428571429 0.538461538462 0.5 7.0
1.0 1.0 88.637669307 20.1428571429 0.538461538462 0.5 7.0,0,1.0,1.0 1.0 85.5107717898 20.8571428571 0.538461538462 1.0 7.0
1.0 1.0 85.5107717898 20.8571428571 0.538461538462 1.0 7.0,2,1.0,1.0 1.0 88.637669307 20.0 0.538461538462 1.0 7.0
1.0 1.0 88.637669307 20.0 0.538461538462 1.0 7.0,4,-1.0,1.0 1.0 73.5520402245 15.3333333333 0.461538461538 1.0 6.0
1.0 1.0 73.5520402245 15.3333333333 0.461538461538 1.0 6.0,2,-1.0,1.0 1.0 59.0263959533 8.16666666667 0.461538461538 1.0 6.0
1.0 1.0 59.0263959533 8.16666666667 0.461538461538 1.0 6.0,4,-1.0,1.0 1.0 85.1966566294 15.6 0.384615384615 1.0 5.0
1.0 1.0 85.1966566294 15.6 0.384615384615 1.0 5.0,3,1.0,1.0 1.0 70.6686973388 14.3333333333 0.461538461538 1.0 6.0
1.0 1.0 70.6686973388 14.3333333333 0.461538461538 1.0 6.0,0,1.0,1.0 1.0 67.9286337915 8.5 0.461538461538 1.5 6.0
1.0 1.0 67.9286337915 8.5 0.461538461538 1.5 6.0,4,-1.0,1.0 1.0 85.1966566294 15.6 0.384615384615 1.5 5.0
1.0 1.0 85.1966566294 15.6 0.384615384615 1.5 5.0,0,1.0,1.0 1.0 85.1966566294 15.0 0.384615384615 2.0 5.0
1.0 1.0 85.1966566294 15.0 0.384615384615 2.0 5.0,0,1.0,0.5 0.5 101.735366802 40.4 0.384615384615 2.5 5.0
1.0 1.0 72.8992704188 27.5 0.615384615385 1.0 8.0,2,-1.0,1.0 1.0 85.1770255544 26.75 0.615384615385 1.0 8.0
1.0 1.0 85.1770255544 26.75 0.615384615385 1.0 8.0,4,-1.0,1.0 1.0 78.9102565203 21.1428571429 0.538461538462 1.0 7.0
1.0 1.0 78.9102565203 21.1428571429 0.538461538462 1.0 7.0,0,1.0,1.0 1.0 87.1272736217 22.2857142857 0.538461538462 1.5 7.0
1.0 1.0 87.1272736217 22.2857142857 0.538461538462 1.5 7.0,0,1.0,1.0 1.0 87.2742409735 22.1428571429 0.538461538462 2.0 7.0
1.0 1.0 87.2742409735 22.1428571429 0.538461538462 2.0 7.0,3,1.0,1.0 1.0 85.1770255544 27.5 0.615384615385 2.0 8.0
1.0 1.0 85.1770255544 27.5 0.615384615385 2.0 8.0,4,-1.0,1.0 1.0 65.0180732439 16.8571428571 0.538461538462 2.0 7.0
1.0 1.0 65.0180732439 16.8571428571 0.538461538462 2.0 7.0,4,-1.0,1.0 1.0 79.9828476847 14.6666666667 0.461538461538 2.0 6.0
1.0 1.0 79.9828476847 14.6666666667 0.461538461538 2.0 6.0,3,1.0,1.0 1.0 80.4930242646 20.8571428571 0.538461538462 2.0 7.0
1.0 1.0 80.4930242646 20.8571428571 0.538461538462 2.0 7.0,1,-1.0,1.0 1.0 78.9102565203 21.2857142857 0.538461538462 1.5 7.0
1.0 1.0 78.9102565203 21.2857142857 0.538461538462 1.5 7.0,4,-1.0,1.0 1.0 70.6686973388 14.0 0.461538461538 1.5 6.0
1.0 1.0 70.6686973388 14.0 0.461538461538 1.5 6.0,4,-1.0,1.0 1.0 101.240932775 23.2 0.384615384615 1.5 5.0
1.0 1.0 101.240932775 23.2 0.384615384615 1.5 5.0,2,-1.0,1.0 1.0 67.7658835039 7.8 0.384615384615 1.5 5.0
1.0 1.0 67.7658835039 7.8 0.384615384615 1.5 5.0,1,-1.0,1.0 1.0 85.1966566294 15.6 0.384615384615 1.0 5.0
1.0 1.0 85.1966566294 15.6 0.384615384615 1.0 5.0,4,-1.0,1.0 1.0 94.6390783519 20.0 0.307692307692 1.0 4.0
1.0 1.0 94.6390783519 20.0 0.307692307692 1.0 4.0,4,-1.0,1.0 1.0 108.77438492 25.6666666667 0.230769230769 1.0 3.0
0.0 0.0 250.0 150.0 0.0 3.5 2.0,2,-1.0,0.0 0.0 250.0 150.0 0.0 3.5 2.0
0.0 0.0 250.0 150.0 0.0 3.5 2.0,2,-1.0,0.0 0.0 250.0 150.0 0.0 3.5 2.0
0.0 0.0 250.0 150.0 0.0 3.5 2.0,2,-1.0,0.0 0.0 250.0 150.0 0.0 3.5 2.0
0.0 0.0 250.0 150.0 0.0 3.5 2.0,3,-1.0,0.0 0.0 250.0 150.0 0.0 3.5 3.0
0.0 0.0 250.0 150.0 0.0 3.5 3.0,4,-1.0,0.0 0.0 250.0 150.0 0.0 3.5 2.0
0.0 0.0 250.0 150.0 0.0 3.5 2.0,2,-1.0,0.0 0.0 250.0 150.0 0.0 3.5 2.0
0.0 0.0 250.0 150.0 0.0 3.5 2.0,3,-1.0,0.0 0.0 250.0 150.0 0.0 3.5 3.0
0.0 0.0 250.0 150.0 0.0 3.5 3.0,2,-1.0,0.0 0.0 250.0 150.0 0.0 3.5 3.0
0.0 0.0 250.0 150.0 0.0 3.5 3.0,0,-1.0,0.0 0.0 250.0 150.0 0.0 4.0 3.0
0.0 0.0 250.0 150.0 0.0 4.0 3.0,3,-1.0,0.0 0.0 250.0 150.0 0.0 4.0 4.0
0.0 0.0 250.0 150.0 0.0 4.0 4.0,2,-1.0,0.0 0.0 250.0 150.0 0.0 4.0 4.0
0.0 0.0 250.0 150.0 0.0 4.0 4.0,0,-1.0,0.0 0.0 250.0 150.0 0.0 4.0 4.0
0.0 0.0 250.0 150.0 0.0 4.0 4.0,0,-1.0,0.0 0.0 250.0 150.0 0.0 4.0 4.0
0.0 0.0 250.0 150.0 0.0 4.0 4.0,0,-1.0,0.0 0.0 250.0 150.0 0.0 4.0 4.0
0.0 0.0 250.0 150.0 0.0 4.0 4.0,2,-1.0,0.0 0.0 250.0 150.0 0.0 4.0 4.0
1.0 1.0 79.4165906448 23.0 0.307692307692 1.0 4.0,0,1.0,1.0 1.0 92.7343878205 19.75 0.307692307692 1.5 4.0
1.0 1.0 92.7343878205 19.75 0.307692307692 1.5 4.0,1,-1.0,1.0 1.0 76.0609351991 23.25 0.307692307692 1.0 4.0
1.0 1.0 76.0609351991 23.25 0.307692307692 1.0 4.0,2,-1.0,1.0 1.0 76.0609351991 22.75 0.307692307692 1.0 4.0
1.0 1.0 76.0609351991 22.75 0.307692307692 1.0 4.0,2,-1.0,1.0 1.0 63.3337405065 8.25 0.307692307692 1.0 4.0
1.0 1.0 63.3337405065 8.25 0.307692307692 1.0 4.0,0,1.0,1.0 1.0 63.3337405065 8.5 0.307692307692 1.5 4.0
1.0 1.0 63.3337405065 8.5 0.307692307692 1.5 4.0,4,-1.0,1.0 1.0 72.800620231 12.3333333333 0.230769230769 1.5 3.0
1.0 1.0 72.800620231 12.3333333333 0.230769230769 1.5 3.0,0,1.0,1.0 1.0 103.007699149 25.6666666667 0.230769230769 2.0 3.0
1.0 1.0 103.007699149 25.6666666667 0.230769230769 2.0 3.0,0,1.0,0.5 0.5 88.5769720049 63.3333333333 0.230769230769 2.5 3.0
0.5 0.5 88.5769720049 63.3333333333 0.230769230769 2.5 3.0,0,-1.0,0.0 0.0 250.0 150.0 0.0 3.0 3.0
0.0 0.0 250.0 150.0 0.0 3.0 3.0,1,1.0,0.5 0.5 107.705242054 54.6666666667 0.230769230769 2.5 3.0
0.5 0.5 107.705242054 54.6666666667 0.230769230769 2.5 3.0,3,1.0,0.5 0.5 91.1027384949 36.0 0.307692307692 2.5 4.0
0.5 0.5 91.1027384949 36.0 0.307692307692 2.5 4.0,0,-1.0,0.0 0.0 250.0 150.0 0.0 3.0 4.0
0.0 0.0 250.0 150.0 0.0 3.0 4.0,1,1.0,0.5 0.5 108.789557224 58.0 0.307692307692 2.5 4.0
0.5 0.5 108.789557224 58.0 0.307692307692 2.5 4.0,4,-1.0,0.5 0.5 120.798537724 50.6666666667 0.230769230769 2.5 3.0
0.5 0.5 120.798537724 50.6666666667 0.230769230769 2.5 3.0,0,-1.0,0.0 0.0 250.0 150.0 0.0 3.0 3.0
0.0 0.0 250.0 150.0 0.0 3.5 1.0,3,-1.0,0.0 0.0 250.0 150.0 0.0 3.5 2.0
0.0 0.0 250.0 150.0 0.0 3.5 2.0,1,-1.0,0.0 0.0 250.0 150.0 0.0 3.0 2.0
0.0 0.0 250.0 150.0 0.0 3.0 2.0,3,-1.0,0.0 0.0 250.0 150.0 0.0 3.0 3.0
0.0 0.0 250.0 150.0 0.0 3.0 3.0,1,1.0,0.5 0.5 120.15665034 49.3333333333 0.230769230769 2.5 3.0
0.5 0.5 120.15665034 49.3333333333 0.230769230769 2.5 3.0,1,-1.0,1.0 1.0 84.003527383 29.0 0.230769230769 2.0 3.0
1.0 1.0 84.003527383 29.0 0.230769230769 2.0 3.0,4,-1.0,1.0 1.0 90.4370477538 17.0 0.153846153846 2.0 2.0
1.0 1.0 90.4370477538 17.0 0.153846153846 2.0 2.0,0,1.0,0.5 0.5 143.89347616 41.5 0.153846153846 2.5 2.0
0.5 0.5 143.89347616 41.5 0.153846153846 2.5 2.0,3,1.0,0.5 0.5 108.77438492 27.6666666667 0.230769230769 2.5 3.0
0.5 0.5 108.77438492 27.6666666667 0.230769230769 2.5 3.0,3,1.0,0.5 0.5 107.603322275 37.0 0.307692307692 2.5 4.0
0.5 0.5 107.603322275 37.0 0.307692307692 2.5 4.0,1,-1.0,1.0 1.0 66.722378984 24.0 0.307692307692 2.0 4.0
1.0 1.0 66.722378984 24.0 0.307692307692 2.0 4.0,0,1.0,0.5 0.5 78.9266232233 23.75 0.307692307692 2.5 4.0
0.5 0.5 78.9266232233 23.75 0.307692307692 2.5 4.0,0,-1.0,0.0 0.0 250.0 150.0 0.0 3.0 4.0
0.0 0.0 250.0 150.0 0.0 3.0 4.0,4,-1.0,0.0 0.0 250.0 150.0 0.0 3.0 3.0
0.0 0.0 250.0 150.0 0.0 3.0 3.0,2,-1.0,0.0 0.0 250.0 150.0 0.0 3.0 3.0
0.0 0.0 250.0 150.0 0.0 3.0 3.0,0,-1.0,0.0 0.0 250.0 150.0 0.0 3.5 3.0
0.0 0.0 250.0 150.0 0.0 4.0 4.0,2,-1.0,0.0 0.0 250.0 150.0 0.0 4.0 4.0
0.0 0.0 250.0 150.0 0.0 4.0 4.0,1,-1.0,0.0 0.0 250.0 150.0 0.0 3.5 4.0
0.0 0.0 250.0 150.0 0.0 3.5 4.0,1,-1.0,0.0 0.0 250.0 150.0 0.0 3.0 4.0
0.0 0.0 250.0 150.0 0.0 3.0 4.0,3,-1.0,0.0 0.0 250.0 150.0 0.0 3.0 5.0
0.0 0.0 250.0 150.0 0.0 3.0 5.0,2,-1.0,0.0 0.0 250.0 150.0 0.0 3.0 5.0
0.0 0.0 250.0 150.0 0.0 3.0 5.0,1,1.0,0.5 0.5 93.5306231788 71.4 0.384615384615 2.5 5.0
0.5 0.5 93.5306231788 71.4 0.384615384615 2.5 5.0,4,-1.0,0.5 0.5 84.8144961423 26.0 0.307692307692 2.5 4.0
0.5 0.5 84.8144961423 26.0 0.307692307692 2.5 4.0,3,1.0,0.5 0.5 81.61677218 19.2 0.384615384615 2.5 5.0
0.5 0.5 81.61677218 19.2 0.384615384615 2.5 5.0,3,1.0,0.5 0.5 98.8278811026 38.1666666667 0.461538461538 2.5 6.0
0.5 0.5 98.8278811026 38.1666666667 0.461538461538 2.5 6.0,2,-1.0,0.5 0.5 87.4406940474 38.6666666667 0.461538461538 2.5 6.0
0.5 0.5 87.4406940474 38.6666666667 0.461538461538 2.5 6.0,1,-1.0,1.0 1.0 65.9412964997 20.0 0.461538461538 2.0 6.0
1.0 1.0 65.9412964997 20.0 0.461538461538 2.0 6.0,1,-1.0,1.0 1.0 63.3105436192 20.3333333333 0.461538461538 1.5 6.0
1.0 1.0 63.3105436192 20.3333333333 0.461538461538 1.5 6.0,1,-1.0,1.0 1.0 65.9412964997 19.5 0.461538461538 1.0 6.0
1.0 1.0 65.9412964997 19.5 0.461538461538 1.0 6.0,4,-1.0,1.0 1.0 52.2919191803 9.2 0.384615384615 1.0 5.0
1.0 1.0 52.2919191803 9.2 0.384615384615 1.0 5.0,2,-1.0,1.0 1.0 52.2919191803 9.2 0.384615384615 1.0 5.0
0.5 0.5 79.7477823276 43.6666666667 0.692307692308 2.5 9.0,3,1.0,0.5 0.5 88.0988163808 40.2 0.769230769231 2.5 10.0
0.5 0.5 88.0988163808 40.2 0.769230769231 2.5 10.0,2,1.0,0.5 0.5 91.2220923864 72.8 0.769230769231 2.5 10.0
0.5 0.5 91.2220923864 72.8 0.769230769231 2.5 10.0,3,1.0,0.5 0.5 91.3300023107 52.4545454545 0.846153846154 2.5 11.0
0.5 0.5 91.3300023107 52.4545454545 0.846153846154 2.5 11.0,4,-1.0,0.5 0.5 103.556996462 38.2 0.769230769231 2.5 10.0
0.5 0.5 103.556996462 38.2 0.769230769231 2.5 10.0,1,-1.0,1.0 1.0 86.7995963501 39.4 0.769230769231 2.0 10.0
1.0 1.0 86.7995963501 39.4 0.769230769231 2.0 10.0,1,-1.0,1.0 1.0 82.0222028856 41.0 0.769230769231 1.5 10.0
1.0 1.0 82.0222028856 41.0 0.769230769231 1.5 10.0,3,1.0,1.0 1.0 77.6811043518 45.3636363636 0.846153846154 1.5 11.0
1.0 1.0 77.6811043518 45.3636363636 0.846153846154 1.5 11.0,4,-1.0,1.0 1.0 82.0222028856 40.1 0.769230769231 1.5 10.0
1.0 1.0 82.0222028856 40.1 0.769230769231 1.5 10.0,4,-1.0,1.0 1.0 81.9093434732 28.5555555556 0.692307692308 1.5 9.0
1.0 1.0 81.9093434732 28.5555555556 0.692307692308 1.5 9.0,1,-1.0,1.0 1.0 82.1448572784 35.7777777778 0.692307692308 1.0 9.0
1.0 1.0 82.1448572784 35.7777777778 0.692307692308 1.0 9.0,3,1.0,1.0 1.0 82.0222028856 41.1 0.769230769231 1.0 10.0
1.0 1.0 82.0222028856 41.1 0.769230769231 1.0 10.0,0,1.0,1.0 1.0 82.0222028856 40.1 0.769230769231 1.5 10.0
1.0 1.0 82.0222028856 40.1 0.769230769231 1.5 10.0,2,-1.0,1.0 1.0 77.5751152167 42.6 0.769230769231 1.5 10.0
1.0 1.0 77.5751152167 42.6 0.769230769231 1.5 10.0,3,1.0,1.0 1.0 76.4271527189 45.8181818182 0.846153846154 1.5 11.0
1.0 1.0 76.4271527189 45.8181818182 0.846153846154 1.5 11.0,2,-1.0,1.0 1.0 78.9670686039 44.1818181818 0.846153846154 1.5 11.0
0.0 0.0 250.0 150.0 0.0 3.5 10.0,2,-1.0,0.0 0.0 250.0 150.0 0.0 3.5 10.0
0.0 0.0 250.0 150.0 0.0 3.5 10.0,1,-1.0,0.0 0.0 250.0 150.0 0.0 3.0 10.0
0.0 0.0 250.0 150.0 0.0 3.0 10.0,1,1.0,0.5 0.5 76.6949051971 58.1 0.769230769231 2.5 10.0
0.5 0.5 76.6949051971 58.1 0.769230769231 2.5 10.0,3,1.0,0.5 0.5 89.2383760648 56.7272727273 0.846153846154 2.5 11.0
0.5 0.5 89.2383760648 56.7272727273 0.846153846154 2.5 11.0,3,1.0,0.5 0.5 88.7841002518 54.0 0.923076923077 2.5 12.0
0.5 0.5 88.7841002518 54.0 0.923076923077 2.5 12.0,3,1.0,0.5 0.5 99.331655042 51.7692307692 1.0 2.5 13.0
0.5 0.5 99.331655042 51.7692307692 1.0 2.5 13.0,4,-1.0,0.5 0.5 92.6501821735 79.0833333333 0.923076923077 2.5 12.0
0.5 0.5 92.6501821735 79.0833333333 0.923076923077 2.5 12.0,1,-1.0,1.0 1.0 86.8258939248 47.5 0.923076923077 2.0 12.0
1.0 1.0 86.8258939248 47.5 0.923076923077 2.0 12.0,3,1.0,1.0 1.0 86.6048895984 49.7692307692 1.0 2.0 13.0
1.0 1.0 86.6048895984 49.7692307692 1.0 2.0 13.0,2,-1.0,1.0 1.0 86.5961297838 50.0769230769 1.0 2.0 13.0
1.0 1.0 86.5961297838 50.0769230769 1.0 2.0 13.0,3,-1.0,1.0 1.0 88.126150173 49.7692307692 1.0 2.0 13.0
1.0 1.0 88.126150173 49.7692307692 1.0 2.0 13.0,2,-1.0,1.0 1.0 86.6960358882 49.4615384615 1.0 2.0 13.0
1.0 1.0 86.6960358882 49.4615384615 1.0 2.0 13.0,3,-1.0,1.0 1.0 86.6563532551 49.3846153846 1.0 2.0 13.0
1.0 1.0 86.6563532551 49.3846153846 1.0 2.0 13.0,3,-1.0,1.0 1.0 86.8221059274 49.9230769231 1.0 2.0 13.0
1.0 1.0 86.8221059274 49.9230769231 1.0 2.0 13.0,0,1.0,0.5 0.5 87.1053813435 75.3076923077 1.0 2.5 13.0
1.0 1.0 84.5607131051 48.3846153846 1.0 1.0 13.0,3,-1.0,1.0 1.0 86.8221059274 49.3846153846 1.0 1.0 13.0
1.0 1.0 86.8221059274 49.3846153846 1.0 1.0 13.0,0,1.0,1.0 1.0 86.6563532551 49.6923076923 1.0 1.5 13.0
1.0 1.0 86.6563532551 49.6923076923 1.0 1.5 13.0,3,-1.0,1.0 1.0 88.1673170114 51.0 1.0 1.5 13.0
1.0 1.0 88.1673170114 51.0 1.0 1.5 13.0,3,-1.0,1.0 1.0 88.0748516056 49.2307692308 1.0 1.5 13.0
1.0 1.0 88.0748516056 49.2307692308 1.0 1.5 13.0,3,-1.0,1.0 1.0 86.6796610702 49.7692307692 1.0 1.5 13.0
1.0 1.0 86.6796610702 49.7692307692 1.0 1.5 13.0,2,-1.0,1.0 1.0 86.77080736 50.0 1.0 1.5 13.0
1.0 1.0 86.77080736 50.0 1.0 1.5 13.0,2,-1.0,1.0 1.0 86.8221059274 48.7692307692 1.0 1.5 13.0
1.0 1.0 86.8221059274 48.7692307692 1.0 1.5 13.0,3,-1.0,1.0 1.0 88.1673170114 50.4615384615 1.0 1.5 13.0
1.0 1.0 88.1673170114 50.4615384615 1.0 1.5 13.0,3,-1.0,1.0 1.0 87.9603975007 49.6153846154 1.0 1.5 13.0
1.0 1.0 87.9603975007 49.6153846154 1.0 1.5 13.0,3,-1.0,1.0 1.0 86.6960358882 49.5384615385 1.0 1.5 13.0
1.0 1.0 86.6960358882 49.5384615385 1.0 1.5 13.0,3,-1.0,1.0 1.0 89.5974312963 51.0 1.0 1.5 13.0
1.0 1.0 89.5974312963 51.0 1.0 1.5 13.0,3,-1.0,1.0 1.0 88.2933870507 51.2307692308 1.0 1.5 13.0
1.0 1.0 88.2933870507 51.2307692308 1.0 1.5 13.0,3,-1.0,1.0 1.0 91.1439462293 47.6153846154 1.0 1.5 13.0
1.0 1.0 91.1439462293 47.6153846154 1.0 1.5 13.0,2,-1.0,1.0 1.0 88.0362995646 50.0769230769 1.0 1.5 13.0
1.0 1.0 88.0362995646 50.0769230769 1.0 1.5 13.0,3,-1.0,1.0 1.0 86.6563532551 49.7692307692 1.0 1.5 13.0
0.5 0.5 94.4395529872 57.6666666667 0.923076923077 2.5 12.0,1,-1.0,1.0 1.0 87.8031741577 46.6666666667 0.923076923077 2.0 12.0
1.0 1.0 87.8031741577 46.6666666667 0.923076923077 2.0 12.0,0,1.0,0.5 0.5 97.8527827657 58.5 0.923076923077 2.5 12.0
0.5 0.5 97.8527827657 58.5 0.923076923077 2.5 12.0,1,-1.0,1.0 1.0 87.0841068345 46.25 0.923076923077 2.0 12.0
1.0 1.0 87.0841068345 46.25 0.923076923077 2.0 12.0,0,1.0,0.5 0.5 91.1678882793 48.8333333333 0.923076923077 2.5 12.0
0.5 0.5 91.1678882793 48.8333333333 0.923076923077 2.5 12.0,3,1.0,0.5 0.5 96.3043011641 62.6923076923 1.0 2.5 13.0
0.5 0.5 96.3043011641 62.6923076923 1.0 2.5 13.0,3,1.0,0.5 0.5 110.383342217 73.2307692308 1.0 2.5 13.0
0.5 0.5 110.383342217 73.2307692308 1.0 2.5 13.0,1,-1.0,1.0 1.0 86.8099937792 50.0 1.0 2.0 13.0
1.0 1.0 86.8099937792 50.0 1.0 2.0 13.0,0,1.0,0.5 0.5 91.5917433554 76.8461538462 1.0 2.5 13.0
0.5 0.5 91.5917433554 76.8461538462 1.0 2.5 13.0,1,-1.0,1.0 1.0 83.6297868455 45.8461538462 1.0 2.0 13.0
1.0 1.0 83.6297868455 45.8461538462 1.0 2.0 13.0,0,1.0,0.5 0.5 79.3658096601 58.5384615385 1.0 2.5 13.0
0.5 0.5 79.3658096601 58.5384615385 1.0 2.5 13.0,2,1.0,0.5 0.5 97.8392684641 75.9230769231 1.0 2.5 13.0
0.5 0.5 97.8392684641 75.9230769231 1.0 2.5 13.0,2,1.0,0.5 0.5 95.0066632136 77.3846153846 1.0 2.5 13.0
0.5 0.5 95.0066632136 77.3846153846 1.0 2.5 13.0,3,1.0,0.5 0.5 91.514712488 52.0769230769 1.0 2.5 13.0
0.5 0.5 91.514712488 52.0769230769 1.0 2.5 13.0,3,1.0,0.5 0.5 98.6741912681 81.7692307692 1.0 2.5 13.0
0.5 0.5 98.6741912681 81.7692307692 1.0 2.5 13.0,2,1.0,0.5 0.5 111.644290541 83.7692307692 1.0 2.5 13.0
1.0 1.0 94.0710402639 34.9 0.769230769231 1.0 10.0,0,1.0,1.0 1.0 95.0101821409 36.2 0.769230769231 1.5 10.0
1.0 1.0 95.0101821409 36.2 0.769230769231 1.5 10.0,3,1.0,1.0 1.0 86.0521419404 44.8181818182 0.846153846154 1.5 11.0
1.0 1.0 86.0521419404 44.8181818182 0.846153846154 1.5 11.0,0,1.0,1.0 1.0 94.3124838108 43.2727272727 0.846153846154 2.0 11.0
1.0 1.0 94.3124838108 43.2727272727 0.846153846154 2.0 11.0,3,1.0,1.0 1.0 87.9331171854 43.1666666667 0.923076923077 2.0 12.0
1.0 1.0 87.9331171854 43.1666666667 0.923076923077 2.0 12.0,3,1.0,1.0 1.0 88.126150173 48.9230769231 1.0 2.0 13.0
1.0 1.0 88.126150173 48.9230769231 1.0 2.0 13.0,0,1.0,0.5 0.5 116.086664869 108.538461538 1.0 2.5 13.0
0.5 0.5 116.086664869 108.538461538 1.0 2.5 13.0,3,1.0,0.5 0.5 102.174390863 70.4615384615 1.0 2.5 13.0
0.5 0.5 102.174390863 70.4615384615 1.0 2.5 13.0,2,1.0,0.5 0.5 92.6165623701 62.0769230769 1.0 2.5 13.0
0.5 0.5 92.6165623701 62.0769230769 1.0 2.5 13.0,3,1.0,0.5 0.5 93.2135440908 99.2307692308 1.0 2.5 13.0
0.5 0.5 93.2135440908 99.2307692308 1.0 2.5 13.0,3,1.0,0.5 0.5 102.4792633 91.0769230769 1.0 2.5 13.0
0.5 0.5 102.4792633 91.0769230769 1.0 2.5 13.0,2,1.0,0.5 0.5 95.6380902913 72.0769230769 1.0 2.5 13.0
0.5 0.5 95.6380902913 72.0769230769 1.0 2.5 13.0,2,1.0,0.5 0.5 105.218299832 86.7692307692 1.0 2.5 13.0
0.5 0.5 105.218299832 86.7692307692 1.0 2.5 13.0,3,1.0,0.5 0.5 90.8406085546 49.0769230769 1.0 2.5 13.0
0.5 0.5 90.8406085546 49.0769230769 1.0 2.5 13.0,2,1.0,0.5 0.5 118.21887687 75.3846153846 1.0 2.5 13.0
0.5 0.5 118.21887687 75.3846153846 1.0 2.5 13.0,3,1.0,0.5 0.5 95.2023221962 96.5384615385 1.0 2.5 13.0
1.0 1.0 90.5255074306 49.5384615385 1.0 0.5 13.0,2,-1.0,1.0 1.0 86.9757464516 50.0 1.0 0.5 13.0
1.0 1.0 86.9757464516 50.0 1.0 0.5 13.0,0,1.0,1.0 1.0 86.8221059274 49.6153846154 1.0 1.0 13.0
1.0 1.0 86.8221059274 49.6153846154 1.0 1.0 13.0,1,-1.0,1.0 1.0 88.2797906972 49.5384615385 1.0 0.5 13.0
1.0 1.0 88.2797906972 49.5384615385 1.0 0.5 13.0,0,1.0,1.0 1.0 86.6796610702 49.6153846154 1.0 1.0 13.0
1.0 1.0 86.6796610702 49.6153846154 1.0 1.0 13.0,0,1.0,1.0 1.0 86.5564471507 49.8461538462 1.0 1.5 13.0
1.0 1.0 86.5564471507 49.8461538462 1.0 1.5 13.0,0,1.0,1.0 1.0 89.4112198978 49.3846153846 1.0 2.0 13.0
1.0 1.0 89.4112198978 49.3846153846 1.0 2.0 13.0,0,1.0,0.5 0.5 92.1877908557 77.2307692308 1.0 2.5 13.0
0.5 0.5 92.1877908557 77.2307692308 1.0 2.5 13.0,3,1.0,0.5 0.5 105.254015049 73.6923076923 1.0 2.5 13.0
0.5 0.5 105.254015049 73.6923076923 1.0 2.5 13.0,0,-1.0,0.0 0.0 250.0 150.0 0.0 3.0 13.0
0.0 0.0 250.0 150.0 0.0 3.0 13.0,1,1.0,0.5 0.5 115.081713302 66.3076923077 1.0 2.5 13.0
0.5 0.5 115.081713302 66.3076923077 1.0 2.5 13.0,2,1.0,0.5 0.5 107.970787697 110.461538462 1.0 2.5 13.0
0.5 0.5 107.970787697 110.461538462 1.0 2.5 13.0,3,1.0,0.5 0.5 102.455249829 123.846153846 1.0 2.5 13.0
0.5 0.5 102.455249829 123.846153846 1.0 2.5 13.0,3,1.0,0.5 0.5 118.313394061 93.3076923077 1.0 2.5 13.0
0.5 0.5 118.313394061 93.3076923077 1.0 2.5 13.0,3,1.0,0.5 0.5 100.69232819 63.6153846154 1.0 2.5 13.0
0.5 0.5 100.69232819 63.6153846154 1.0 2.5 13.0,3,1.0,0.5 0.5 95.3426334077 78.6923076923 1.0 2.5 13.0
1.0 1.0 86.837729219 50.0 1.0 1.5 13.0,0,1.0,1.0 1.0 86.6563532551 49.2307692308 1.0 2.0 13.0
1.0 1.0 86.6563532551 49.2307692308 1.0 2.0 13.0,0,1.0,0.5 0.5 99.24427834 52.7692307692 1.0 2.5 13.0
0.5 0.5 99.24427834 52.7692307692 1.0 2.5 13.0,1,-1.0,1.0 1.0 86.6960358882 50.0769230769 1.0 2.0 13.0
1.0 1.0 86.6960358882 50.0769230769 1.0 2.0 13.0,0,1.0,0.5 0.5 89.5287262279 96.1538461538 1.0 2.5 13.0
0.5 0.5 89.5287262279 96.1538461538 1.0 2.5 13.0,4,-1.0,0.5 0.5 77.1953935951 67.0833333333 0.923076923077 2.5 12.0
0.5 0.5 77.1953935951 67.0833333333 0.923076923077 2.5 12.0,3,-1.0,0.5 0.5 97.0582319533 108.916666667 0.923076923077 2.5 13.0
0.5 0.5 97.0582319533 108.916666667 0.923076923077 2.5 13.0,2,1.0,0.5 0.5 90.8516090043 72.3846153846 1.0 2.5 13.0
0.5 0.5 90.8516090043 72.3846153846 1.0 2.5 13.0,4,-1.0,0.5 0.5 91.0514666291 70.5833333333 0.923076923077 2.5 12.0
0.5 0.5 91.0514666291 70.5833333333 0.923076923077 2.5 12.0,3,1.0,0.5 0.5 96.7430824075 43.7692307692 1.0 2.5 13.0
0.5 0.5 96.7430824075 43.7692307692 1.0 2.5 13.0,3,1.0,0.5 0.5 101.948512137 79.6923076923 1.0 2.5 13.0
0.5 0.5 101.948512137 79.6923076923 1.0 2.5 13.0,4,-1.0,0.5 0.5 104.482587509 64.5 0.923076923077 2.5 12.0
0.5 0.5 104.482587509 64.5 0.923076923077 2.5 12.0,3,1.0,0.5 0.5 106.339366089 78.0769230769 1.0 2.5 13.0
0.5 0.5 106.339366089 78.0769230769 1.0 2.5 13.0,1,-1.0,1.0 1.0 86.8221059274 49.9230769231 1.0 2.0 13.0
1.0 1.0 86.8221059274 49.9230769231 1.0 2.0 13.0,0,1.0,0.5 0.5 89.3579122926 75.7692307692 1.0 2.5 13.0
0.5 0.5 89.3579122926 75.7692307692 1.0 2.5 13.0,3,1.0,0.5 0.5 106.367106676 75.2307692308 1.0 2.5 13.0
1.0 1.0 89.3113137935 49.9230769231 1.0 1.5 13.0,0,1.0,1.0 1.0 86.77080736 49.6923076923 1.0 2.0 13.0
1.0 1.0 86.77080736 49.6923076923 1.0 2.0 13.0,0,1.0,0.5 0.5 86.8216723068 74.0769230769 1.0 2.5 13.0
0.5 0.5 86.8216723068 74.0769230769 1.0 2.5 13.0,3,1.0,0.5 0.5 93.5434394284 69.3076923077 1.0 2.5 13.0
0.5 0.5 93.5434394284 69.3076923077 1.0 2.5 13.0,3,1.0,0.5 0.5 108.960133301 62.0 1.0 2.5 13.0
0.5 0.5 108.960133301 62.0 1.0 2.5 13.0,3,1.0,0.5 0.5 97.1144662369 104.0 1.0 2.5 13.0
0.5 0.5 97.1144662369 104.0 1.0 2.5 13.0,3,1.0,0.5 0.5 92.469107907 96.9230769231 1.0 2.5 13.0
0.5 0.5 92.469107907 96.9230769231 1.0 2.5 13.0,3,1.0,0.5 0.5 92.1983944059 73.4615384615 1.0 2.5 13.0
0.5 0.5 92.1983944059 73.4615384615 1.0 2.5 13.0,0,-1.0,0.0 0.0 250.0 150.0 0.0 3.0 13.0
0.0 0.0 250.0 150.0 0.0 3.0 13.0,1,1.0,0.5 0.5 109.007894597 64.6923076923 1.0 2.5 13.0
0.5 0.5 109.007894597 64.6923076923 1.0 2.5 13.0,3,1.0,0.5 0.5 108.195581642 78.7692307692 1.0 2.5 13.0
0.5 0.5 108.195581642 78.7692307692 1.0 2.5 13.0,3,1.0,0.5 0.5 91.1420132584 82.9230769231 1.0 2.5 13.0
0.5 0.5 91.1420132584 82.9230769231 1.0 2.5 13.0,3,1.0,0.5 0.5 104.773291741 90.6153846154 1.0 2.5 13.0
0.5 0.5 104.773291741 90.6153846154 1.0 2.5 13.0,3,1.0,0.5 0.5 86.3058680078 79.0769230769 1.0 2.5 13.0
0.5 0.5 86.3058680078 79.0769230769 1.0 2.5 13.0,3,1.0,0.5 0.5 98.7812816831 82.0 1.0 2.5 13.0
0.5 0.5 98.7812816831 82.0 1.0 2.5 13.0,4,-1.0,0.5 0.5 99.3155183559 62.1666666667 0.923076923077 2.5 12.0
0.0 0.0 250.0 150.0 0.0 4.0 12.0,1,-1.0,0.0 0.0 250.0 150.0 0.0 3.5 12.0
0.0 0.0 250.0 150.0 0.0 3.5 12.0,1,-1.0,0.0 0.0 250.0 150.0 0.0 3.0 12.0
0.0 0.0 250.0 150.0 0.0 3.0 12.0,1,1.0,0.5 0.5 113.458036519 70.5833333333 0.923076923077 2.5 12.0
0.5 0.5 113.458036519 70.5833333333 0.923076923077 2.5 12.0,3,1.0,0.5 0.5 116.17201224 82.4615384615 1.0 2.5 13.0
0.5 0.5 116.17201224 82.4615384615 1.0 2.5 13.0,3,1.0,0.5 0.5 90.9872482914 50.6153846154 1.0 2.5 13.0
0.5 0.5 90.9872482914 50.6153846154 1.0 2.5 13.0,3,1.0,0.5 0.5 113.519398758 49.7692307692 1.0 2.5 13.0
0.5 0.5 113.519398758 49.7692307692 1.0 2.5 13.0,3,1.0,0.5 0.5 104.378499148 72.5384615385 1.0 2.5 13.0
0.5 0.5 104.378499148 72.5384615385 1.0 2.5 13.0,3,1.0,0.5 0.5 107.060113645 66.9230769231 1.0 2.5 13.0
0.5 0.5 107.060113645 66.9230769231 1.0 2.5 13.0,3,1.0,0.5 0.5 82.2550369441 68.7692307692 1.0 2.5 13.0
0.5 0.5 82.2550369441 68.7692307692 1.0 2.5 13.0,3,1.0,0.5 0.5 100.860516095 105.846153846 1.0 2.5 13.0
0.5 0.5 100.860516095 105.846153846 1.0 2.5 13.0,3,1.0,0.5 0.5 110.751817635 92.1538461538 1.0 2.5 13.0
0.5 0.5 110.751817635 92.1538461538 1.0 2.5 13.0,3,1.0,0.5 0.5 102.739770203 52.0 1.0 2.5 13.0
0.5 0.5 102.739770203 52.0 1.0 2.5 13.0,3,1.0,0.5 0.5 85.1627622555 65.4615384615 1.0 2.5 13.0
0.5 0.5 85.1627622555 65.4615384615 1.0 2.5 13.0,3,1.0,0.5 0.5 111.002923482 62.0769230769 1.0 2.5 13.0
0.5 0.5 111.002923482 62.0769230769 1.0 2.5 13.0,3,1.0,0.5 0.5 95.732118392 74.3846153846 1.0 2.5 13.0
1.0 1.0 84.2401393484 46.8333333333 0.923076923077 2.0 12.0,3,1.0,1.0 1.0 87.59027723 46.4615384615 1.0 2.0 13.0
1.0 1.0 87.59027723 46.4615384615 1.0 2.0 13.0,0,1.0,0.5 0.5 97.8034542011 85.4615384615 1.0 2.5 13.0
0.5 0.5 97.8034542011 85.4615384615 1.0 2.5 13.0,3,1.0,0.5 0.5 90.0186325813 84.1538461538 1.0 2.5 13.0
0.5 0.5 90.0186325813 84.1538461538 1.0 2.5 13.0,3,1.0,0.5 0.5 117.699378535 90.8461538462 1.0 2.5 13.0
0.5 0.5 117.699378535 90.8461538462 1.0 2.5 13.0,3,1.0,0.5 0.5 111.346221339 75.3076923077 1.0 2.5 13.0
0.5 0.5 111.346221339 75.3076923077 1.0 2.5 13.0,3,1.0,0.5 0.5 97.8419178107 101.0 1.0 2.5 13.0
0.5 0.5 97.8419178107 101.0 1.0 2.5 13.0,3,1.0,0.5 0.5 100.661684145 145.615384615 1.0 2.5 13.0
0.5 0.5 100.661684145 145.615384615 1.0 2.5 13.0,1,-1.0,1.0 1.0 89.5769725702 49.6923076923 1.0 2.0 13.0
1.0 1.0 89.5769725702 49.6923076923 1.0 2.0 13.0,0,1.0,0.5 0.5 109.954630563 116.692307692 1.0 2.5 13.0
0.5 0.5 109.954630563 116.692307692 1.0 2.5 13.0,3,1.0,0.5 0.5 97.2783391281 72.8461538462 1.0 2.5 13.0
0.5 0.5 97.2783391281 72.8461538462 1.0 2.5 13.0,3,1.0,0.5 0.5 104.184100431 46.0 1.0 2.5 13.0
0.5 0.5 104.184100431 46.0 1.0 2.5 13.0,3,1.0,0.5 0.5 92.7613531714 83.6923076923 1.0 2.5 13.0
0.5 0.5 92.7613531714 83.6923076923 1.0 2.5 13.0,3,1.0,0.5 0.5 106.344012299 73.6153846154 1.0 2.5 13.0
0.5 0.5 106.344012299 73.6153846154 1.0 2.5 13.0,3,1.0,0.5 0.5 101.881969629 81.3076923077 1.0 2.5 13.0
0.5 0.5 101.881969629 81.3076923077 1.0 2.5 13.0,3,1.0,0.5 0.5 107.566650372 67.5384615385 1.0 2.5 13.0
1.0 1.0 90.8825010211 51.0769230769 1.0 1.5 13.0,0,1.0,1.0 1.0 86.8221059274 49.3076923077 1.0 2.0 13.0
1.0 1.0 86.8221059274 49.3076923077 1.0 2.0 13.0,0,1.0,0.5 0.5 100.060013484 91.6923076923 1.0 2.5 13.0
0.5 0.5 100.060013484 91.6923076923 1.0 2.5 13.0,3,1.0,0.5 0.5 96.7951561441 75.0 1.0 2.5 13.0
0.5 0.5 96.7951561441 75.0 1.0 2.5 13.0,3,1.0,0.5 0.5 116.71573943 119.538461538 1.0 2.5 13.0
0.5 0.5 116.71573943 119.538461538 1.0 2.5 13.0,3,1.0,0.5 0.5 107.427499835 63.9230769231 1.0 2.5 13.0
0.5 0.5 107.427499835 63.9230769231 1.0 2.5 13.0,3,1.0,0.5 0.5 104.817740429 93.3846153846 1.0 2.5 13.0
0.5 0.5 104.817740429 93.3846153846 1.0 2.5 13.0,3,1.0,0.5 0.5 94.8385720368 84.2307692308 1.0 2.5 13.0
0.5 0.5 94.8385720368 84.2307692308 1.0 2.5 13.0,3,1.0,0.5 0.5 101.617671171 61.3846153846 1.0 2.5 13.0
0.5 0.5 101.617671171 61.3846153846 1.0 2.5 13.0,3,1.0,0.5 0.5 92.5046760387 76.6153846154 1.0 2.5 13.0
0.5 0.5 92.5046760387 76.6153846154 1.0 2.5 13.0,3,1.0,0.5 0.5 87.3326030125 63.6153846154 1.0 2.5 13.0
0.5 0.5 87.3326030125 63.6153846154 1.0 2.5 13.0,3,1.0,0.5 0.5 90.8902904132 98.3076923077 1.0 2.5 13.0
0.5 0.5 90.8902904132 98.3076923077 1.0 2.5 13.0,3,1.0,0.5 0.5 92.0947441968 62.7692307692 1.0 2.5 13.0
0.5 0.5 92.0947441968 62.7692307692 1.0 2.5 13.0,3,1.0,0.5 0.5 95.8928665061 96.0769230769 1.0 2.5 13.0
0.5 0.5 95.8928665061 96.0769230769 1.0 2.5 13.0,3,1.0,0.5 0.5 100.592732877 56.4615384615 1.0 2.5 13.0
0.5 0.5 100.592732877 56.4615384615 1.0 2.5 13.0,3,1.0,0.5 0.5 93.3789690176 77.2307692308 1.0 2.5 13.0
0.0 0.0 250.0 150.0 0.0 3.0 13.0,1,1.0,0.5 0.5 99.2562684295 83.4615384615 1.0 2.5 13.0
0.5 0.5 99.2562684295 83.4615384615 1.0 2.5 13.0,3,1.0,0.5 0.5 101.338984773 90.4615384615 1.0 2.5 13.0
0.5 0.5 101.338984773 90.4615384615 1.0 2.5 13.0,3,1.0,0.5 0.5 101.882249929 40.9230769231 1.0 2.5 13.0
0.5 0.5 101.882249929 40.9230769231 1.0 2.5 13.0,3,1.0,0.5 0.5 109.469334694 91.1538461538 1.0 2.5 13.0
0.5 0.5 109.469334694 91.1538461538 1.0 2.5 13.0,3,1.0,0.5 0.5 108.14148501 93.7692307692 1.0 2.5 13.0
0.5 0.5 108.14148501 93.7692307692 1.0 2.5 13.0,3,1.0,0.5 0.5 92.4245195259 87.6153846154 1.0 2.5 13.0
0.5 0.5 92.4245195259 87.6153846154 1.0 2.5 13.0,3,1.0,0.5 0.5 94.4623210841 77.0769230769 1.0 2.5 13.0
0.5 0.5 94.4623210841 77.0769230769 1.0 2.5 13.0,3,1.0,0.5 0.5 92.8672551566 63.9230769231 1.0 2.5 13.0
0.5 0.5 92.8672551566 63.9230769231 1.0 2.5 13.0,3,1.0,0.5 0.5 93.5155731766 61.6153846154 1.0 2.5 13.0
0.5 0.5 93.5155731766 61.6153846154 1.0 2.5 13.0,3,1.0,0.5 0.5 106.828401575 96.6923076923 1.0 2.5 13.0
0.5 0.5 106.828401575 96.6923076923 1.0 2.5 13.0,3,1.0,0.5 0.5 97.3382454072 83.7692307692 1.0 2.5 13.0
0.5 0.5 97.3382454072 83.7692307692 1.0 2.5 13.0,3,1.0,0.5 0.5 111.691883306 102.923076923 1.0 2.5 13.0
0.5 0.5 111.691883306 102.923076923 1.0 2.5 13.0,2,1.0,0.5 0.5 105.073837779 71.8461538462 1.0 2.5 13.0
0.5 0.5 105.073837779 71.8461538462 1.0 2.5 13.0,3,1.0,0.5 0.5 84.0366617484 65.4615384615 1.0 2.5 13.0
0.5 0.5 84.0366617484 65.4615384615 1.0 2.5 13.0,3,1.0,0.5 0.5 100.23234956 70.3076923077 1.0 2.5 13.0
0.0 0.0 250.0 150.0 0.0 3.5 10.0,1,-1.0,0.0 0.0 250.0 150.0 0.0 3.0 10.0
0.0 0.0 250.0 150.0 0.0 3.0 10.0,1,1.0,0.5 0.5 110.19448117 83.3 0.769230769231 2.5 10.0
0.5 0.5 110.19448117 83.3 0.769230769231 2.5 10.0,3,1.0,0.5 0.5 106.475735979 46.0909090909 0.846153846154 2.5 11.0
0.5 0.5 106.475735979 46.0909090909 0.846153846154 2.5 11.0,3,1.0,0.5 0.5 111.96007457 48.25 0.923076923077 2.5 12.0
0.5 0.5 111.96007457 48.25 0.923076923077 2.5 12.0,3,1.0,0.5 0.5 100.814948744 55.6923076923 1.0 2.5 13.0
0.5 0.5 100.814948744 55.6923076923 1.0 2.5 13.0,3,1.0,0.5 0.5 88.9168321839 96.7692307692 1.0 2.5 13.0
0.5 0.5 88.9168321839 96.7692307692 1.0 2.5 13.0,3,1.0,0.5 0.5 113.268979591 72.2307692308 1.0 2.5 13.0
0.5 0.5 113.268979591 72.2307692308 1.0 2.5 13.0,3,1.0,0.5 0.5 111.634715718 76.7692307692 1.0 2.5 13.0
0.5 0.5 111.634715718 76.7692307692 1.0 2.5 13.0,3,1.0,0.5 0.5 92.2949327589 76.8461538462 1.0 2.5 13.0
0.5 0.5 92.2949327589 76.8461538462 1.0 2.5 13.0,3,1.0,0.5 0.5 103.805591822 59.4615384615 1.0 2.5 13.0
0.5 0.5 103.805591822 59.4615384615 1.0 2.5 13.0,3,1.0,0.5 0.5 94.3580909999 51.6923076923 1.0 2.5 13.0
0.5 0.5 94.3580909999 51.6923076923 1.0 2.5 13.0,3,1.0,0.5 0.5 106.765996156 104.307692308 1.0 2.5 13.0
0.5 0.5 106.765996156 104.307692308 1.0 2.5 13.0,3,1.0,0.5 0.5 95.5518449158 60.7692307692 1.0 2.5 13.0
0.5 0.5 95.5518449158 60.7692307692 1.0 2.5 13.0,3,1.0,0.5 0.5 108.210270985 61.7692307692 1.0 2.5 13.0
0.5 0.5 108.210270985 61.7692307692 1.0 2.5 13.0,3,1.0,0.5 0.5 97.3842736682 66.2307692308 1.0 2.5 13.0
1.0 1.0 87.8290306311 46.75 0.923076923077 1.5 12.0,0,1.0,1.0 1.0 86.4693665183 47.5 0.923076923077 2.0 12.0
1.0 1.0 86.4693665183 47.5 0.923076923077 2.0 12.0,3,1.0,1.0 1.0 89.3113137935 50.0769230769 1.0 2.0 13.0
1.0 1.0 89.3113137935 50.0769230769 1.0 2.0 13.0,0,1.0,0.5 0.5 89.9106427595 95.5384615385 1.0 2.5 13.0
0.5 0.5 89.9106427595 95.5384615385 1.0 2.5 13.0,3,1.0,0.5 0.5 88.9669293169 63.4615384615 1.0 2.5 13.0
0.5 0.5 88.9669293169 63.4615384615 1.0 2.5 13.0,3,1.0,0.5 0.5 106.347666816 96.9230769231 1.0 2.5 13.0
0.5 0.5 106.347666816 96.9230769231 1.0 2.5 13.0,3,1.0,0.5 0.5 96.3574803087 112.0 1.0 2.5 13.0
0.5 0.5 96.3574803087 112.0 1.0 2.5 13.0,3,1.0,0.5 0.5 105.576012438 110.923076923 1.0 2.5 13.0
0.5 0.5 105.576012438 110.923076923 1.0 2.5 13.0,3,1.0,0.5 0.5 88.2506126605 70.3846153846 1.0 2.5 13.0
0.5 0.5 88.2506126605 70.3846153846 1.0 2.5 13.0,3,1.0,0.5 0.5 94.8772750733 64.1538461538 1.0 2.5 13.0
0.5 0.5 94.8772750733 64.1538461538 1.0 2.5 13.0,3,1.0,0.5 0.5 97.0503209435 72.4615384615 1.0 2.5 13.0
0.5 0.5 97.0503209435 72.4615384615 1.0 2.5 13.0,3,1.0,0.5 0.5 94.3619580323 95.4615384615 1.0 2.5 13.0
0.5 0.5 94.3619580323 95.4615384615 1.0 2.5 13.0,3,1.0,0.5 0.5 107.595205286 52.6923076923 1.0 2.5 13.0
0.5 0.5 107.595205286 52.6923076923 1.0 2.5 13.0,3,1.0,0.5 0.5 100.565263613 85.0 1.0 2.5 13.0
0.5 0.5 100.565263613 85.0 1.0 2.5 13.0,3,1.0,0.5 0.5 116.026687601 80.7692307692 1.0 2.5 13.0
0.5 0.5 116.026687601 80.7692307692 1.0 2.5 13.0,3,1.0,0.5 0.5 96.8337857478 102.230769231 1.0 2.5 13.0
1.0 1.0 86.8221059274 49.3846153846 1.0 1.0 13.0,0,1.0,1.0 1.0 89.5461327288 50.6153846154 1.0 1.5 13.0
1.0 1.0 89.5461327288 50.6153846154 1.0 1.5 13.0,0,1.0,1.0 1.0 86.9757464516 50.0 1.0 2.0 13.0
1.0 1.0 86.9757464516 50.0 1.0 2.0 13.0,0,1.0,0.5 0.5 96.7891379102 63.7692307692 1.0 2.5 13.0
0.5 0.5 96.7891379102 63.7692307692 1.0 2.5 13.0,3,1.0,0.5 0.5 103.637728884 86.7692307692 1.0 2.5 13.0
0.5 0.5 103.637728884 86.7692307692 1.0 2.5 13.0,3,1.0,0.5 0.5 94.3813517719 80.2307692308 1.0 2.5 13.0
0.5 0.5 94.3813517719 80.2307692308 1.0 2.5 13.0,2,1.0,0.5 0.5 97.7874904051 64.6153846154 1.0 2.5 13.0
0.5 0.5 97.7874904051 64.6153846154 1.0 2.5 13.0,3,1.0,0.5 0.5 99.9226640378 110.076923077 1.0 2.5 13.0
0.5 0.5 99.9226640378 110.076923077 1.0 2.5 13.0,3,1.0,0.5 0.5 90.8781530736 73.1538461538 1.0 2.5 13.0
0.5 0.5 90.8781530736 73.1538461538 1.0 2.5 13.0,3,1.0,0.5 0.5 113.575120327 92.4615384615 1.0 2.5 13.0
0.5 0.5 113.575120327 92.4615384615 1.0 2.5 13.0,3,1.0,0.5 0.5 102.145914563 100.538461538 1.0 2.5 13.0
0.5 0.5 102.145914563 100.538461538 1.0 2.5 13.0,3,1.0,0.5 0.5 117.657066036 88.3846153846 1.0 2.5 13.0
0.5 0.5 117.657066036 88.3846153846 1.0 2.5 13.0,3,1.0,0.5 0.5 105.915493624 78.8461538462 1.0 2.5 13.0
0.5 0.5 105.915493624 78.8461538462 1.0 2.5 13.0,2,1.0,0.5 0.5 85.454088156 59.8461538462 1.0 2.5 13.0
0.5 0.5 85.454088156 59.8461538462 1.0 2.5 13.0,3,1.0,0.5 0.5 88.5502089234 54.9230769231 1.0 2.5 13.0
0.5 0.5 88.5502089234 54.9230769231 1.0 2.5 13.0,3,1.0,0.5 0.5 103.827389072 71.0 1.0 2.5 13.0
0.5 0.5 101.015237159 116.153846154 1.0 2.5 13.0,3,1.0,0.5 0.5 111.471034327 51.1538461538 1.0 2.5 13.0
0.5 0.5 111.471034327 51.1538461538 1.0 2.5 13.0,3,1.0,0.5 0.5 107.084762089 62.5384615385 1.0 2.5 13.0
0.5 0.5 107.084762089 62.5384615385 1.0 2.5 13.0,3,1.0,0.5 0.5 84.1642543098 72.6923076923 1.0 2.5 13.0
0.5 0.5 84.1642543098 72.6923076923 1.0 2.5 13.0,3,1.0,0.5 0.5 96.8482895865 68.2307692308 1.0 2.5 13.0
0.5 0.5 96.8482895865 68.2307692308 1.0 2.5 13.0,3,1.0,0.5 0.5 106.932767822 74.3076923077 1.0 2.5 13.0
0.5 0.5 106.932767822 74.3076923077 1.0 2.5 13.0,3,1.0,0.5 0.5 106.115115326 62.3846153846 1.0 2.5 13.0
0.5 0.5 106.115115326 62.3846153846 1.0 2.5 13.0,3,1.0,0.5 0.5 101.616337245 62.2307692308 1.0 2.5 13.0
0.5 0.5 101.616337245 62.2307692308 1.0 2.5 13.0,3,1.0,0.5 0.5 92.8070802075 70.0 1.0 2.5 13.0
0.5 0.5 92.8070802075 70.0 1.0 2.5 13.0,3,1.0,0.5 0.5 103.501921404 88.3846153846 1.0 2.5 13.0
0.5 0.5 103.501921404 88.3846153846 1.0 2.5 13.0,3,1.0,0.5 0.5 97.1646837808 79.9230769231 1.0 2.5 13.0
0.5 0.5 97.1646837808 79.9230769231 1.0 2.5 13.0,3,1.0,0.5 0.5 112.470383031 71.6153846154 1.0 2.5 13.0
0.5 0.5 112.470383031 71.6153846154 1.0 2.5 13.0,3,1.0,0.5 0.5 96.62241912 69.6153846154 1.0 2.5 13.0
0.5 0.5 96.62241912 69.6153846154 1.0 2.5 13.0,3,1.0,0.5 0.5 108.200182122 54.8461538462 1.0 2.5 13.0
0.5 0.5 108.200182122 54.8461538462 1.0 2.5 13.0,3,1.0,0.5 0.5 109.934868648 94.0 1.0 2.5 13.0
0.5 0.5 109.934868648 94.0 1.0 2.5 13.0,3,1.0,0.5 0.5 90.8771774514 73.5384615385 1.0 2.5 13.0
0.0 0.0 250.0 150.0 0.0 4.0 12.0,3,-1.0,0.0 0.0 250.0 150.0 0.0 4.0 13.0
0.0 0.0 250.0 150.0 0.0 4.0 13.0,1,-1.0,0.0 0.0 250.0 150.0 0.0 3.5 13.0
0.0 0.0 250.0 150.0 0.0 3.5 13.0,1,-1.0,0.0 0.0 250.0 150.0 0.0 3.0 13.0
0.0 0.0 250.0 150.0 0.0 3.0 13.0,1,1.0,0.5 0.5 112.084327112 76.6153846154 1.0 2.5 13.0
0.5 0.5 112.084327112 76.6153846154 1.0 2.5 13.0,3,1.0,0.5 0.5 86.2380134841 69.5384615385 1.0 2.5 13.0
0.5 0.5 86.2380134841 69.5384615385 1.0 2.5 13.0,3,1.0,0.5 0.5 100.009554217 75.1538461538 1.0 2.5 13.0
0.5 0.5 100.009554217 75.1538461538 1.0 2.5 13.0,3,1.0,0.5 0.5 109.910247311 80.4615384615 1.0 2.5 13.0
0.5 0.5 109.910247311 80.4615384615 1.0 2.5 13.0,3,1.0,0.5 0.5 106.207198855 59.3076923077 1.0 2.5 13.0
0.5 0.5 106.207198855 59.3076923077 1.0 2.5 13.0,3,1.0,0.5 0.5 108.441755426 76.1538461538 1.0 2.5 13.0
0.5 0.5 108.441755426 76.1538461538 1.0 2.5 13.0,3,1.0,0.5 0.5 94.7937284437 50.3846153846 1.0 2.5 13.0
0.5 0.5 94.7937284437 50.3846153846 1.0 2.5 13.0,3,1.0,0.5 0.5 119.507462487 77.3076923077 1.0 2.5 13.0
0.5 0.5 119.507462487 77.3076923077 1.0 2.5 13.0,3,1.0,0.5 0.5 105.525644573 76.1538461538 1.0 2.5 13.0
0.5 0.5 105.525644573 76.1538461538 1.0 2.5 13.0,3,1.0,0.5 0.5 71.3381727003 74.7692307692 1.0 2.5 13.0
0.5 0.5 71.3381727003 74.7692307692 1.0 2.5 13.0,3,1.0,0.5 0.5 88.352185689 86.4615384615 1.0 2.5 13.0
0.5 0.5 88.352185689 86.4615384615 1.0 2.5 13.0,3,1.0,0.5 0.5 112.263458603 75.0 1.0 2.5 13.0
1.0 1.0 103.324637569 29.6666666667 0.692307692308 1.0 9.0,3,1.0,1.0 1.0 95.2339808831 36.5 0.769230769231 1.0 10.0
1.0 1.0 95.2339808831 36.5 0.769230769231 1.0 10.0,0,1.0,1.0 1.0 95.0101821409 36.1 0.769230769231 1.5 10.0
1.0 1.0 95.0101821409 36.1 0.769230769231 1.5 10.0,3,1.0,1.0 1.0 86.0521419404 44.4545454545 0.846153846154 1.5 11.0
1.0 1.0 86.0521419404 44.4545454545 0.846153846154 1.5 11.0,3,1.0,1.0 1.0 87.9331171854 43.75 0.923076923077 1.5 12.0
1.0 1.0 87.9331171854 43.75 0.923076923077 1.5 12.0,0,1.0,1.0 1.0 87.8290306311 46.3333333333 0.923076923077 2.0 12.0
1.0 1.0 87.8290306311 46.3333333333 0.923076923077 2.0 12.0,0,1.0,0.5 0.5 100.16397801 47.5833333333 0.923076923077 2.5 12.0
0.5 0.5 100.16397801 47.5833333333 0.923076923077 2.5 12.0,3,1.0,0.5 0.5 99.4889267175 90.3846153846 1.0 2.5 13.0
0.5 0.5 99.4889267175 90.3846153846 1.0 2.5 13.0,3,1.0,0.5 0.5 93.6859468361 91.6923076923 1.0 2.5 13.0
0.5 0.5 93.6859468361 91.6923076923 1.0 2.5 13.0,3,1.0,0.5 0.5 93.8224081761 92.6153846154 1.0 2.5 13.0
0.5 0.5 93.8224081761 92.6153846154 1.0 2.5 13.0,3,1.0,0.5 0.5 106.587443904 59.5384615385 1.0 2.5 13.0
0.5 0.5 106.587443904 59.5384615385 1.0 2.5 13.0,3,1.0,0.5 0.5 99.6079473663 78.9230769231 1.0 2.5 13.0
0.5 0.5 99.6079473663 78.9230769231 1.0 2.5 13.0,3,1.0,0.5 0.5 88.115140285 68.9230769231 1.0 2.5 13.0
0.5 0.5 88.115140285 68.9230769231 1.0 2.5 13.0,3,1.0,0.5 0.5 101.775943003 64.6923076923 1.0 2.5 13.0
0.5 0.5 101.775943003 64.6923076923 1.0 2.5 13.0,3,1.0,0.5 0.5 83.3144994424 63.7692307692 1.0 2.5 13.0
0.5 0.5 83.3144994424 63.7692307692 1.0 2.5 13.0,3,1.0,0.5 0.5 81.8511900342 83.6153846154 1.0 2.5 13.0
1.0 1.0 86.9757464516 49.3076923077 1.0 1.0 13.0,0,1.0,1.0 1.0 88.126150173 49.5384615385 1.0 1.5 13.0
1.0 1.0 88.126150173 49.5384615385 1.0 1.5 13.0,0,1.0,1.0 1.0 86.6960358882 49.6923076923 1.0 2.0 13.0
1.0 1.0 86.6960358882 49.6923076923 1.0 2.0 13.0,0,1.0,0.5 0.5 82.2416123052 76.4615384615 1.0 2.5 13.0
0.5 0.5 82.2416123052 76.4615384615 1.0 2.5 13.0,3,1.0,0.5 0.5 90.7252743206 63.8461538462 1.0 2.5 13.0
0.5 0.5 90.7252743206 63.8461538462 1.0 2.5 13.0,3,1.0,0.5 0.5 94.7194322197 117.461538462 1.0 2.5 13.0
0.5 0.5 94.7194322197 117.461538462 1.0 2.5 13.0,3,1.0,0.5 0.5 103.953618751 107.615384615 1.0 2.5 13.0
0.5 0.5 103.953618751 107.615384615 1.0 2.5 13.0,3,1.0,0.5 0.5 104.871120217 73.4615384615 1.0 2.5 13.0
0.5 0.5 104.871120217 73.4615384615 1.0 2.5 13.0,3,1.0,0.5 0.5 107.25248893 70.0769230769 1.0 2.5 13.0
0.5 0.5 107.25248893 70.0769230769 1.0 2.5 13.0,3,1.0,0.5 0.5 103.425150812 69.9230769231 1.0 2.5 13.0
0.5 0.5 103.425150812 69.9230769231 1.0 2.5 13.0,3,1.0,0.5 0.5 106.547563719 99.0 1.0 2.5 13.0
0.5 0.5 106.547563719 99.0 1.0 2.5 13.0,3,1.0,0.5 0.5 99.496103791 97.4615384615 1.0 2.5 13.0
0.5 0.5 99.496103791 97.4615384615 1.0 2.5 13.0,3,1.0,0.5 0.5 100.30456326 64.6923076923 1.0 2.5 13.0
0.5 0.5 100.30456326 64.6923076923 1.0 2.5 13.0,3,1.0,0.5 0.5 101.091694566 132.307692308 1.0 2.5 13.0
0.5 0.5 101.091694566 132.307692308 1.0 2.5 13.0,2,1.0,0.5 0.5 110.48445833 47.0769230769 1.0 2.5 13.0
0.5 0.5 110.48445833 47.0769230769 1.0 2.5 13.0,3,1.0,0.5 0.5 119.916020025 64.3846153846 1.0 2.5 13.0
1.0 1.0 89.63070699 49.4615384615 1.0 1.0 13.0,0,1.0,1.0 1.0 86.8221059274 49.6923076923 1.0 1.5 13.0
1.0 1.0 86.8221059274 49.6923076923 1.0 1.5 13.0,0,1.0,1.0 1.0 86.7100876749 49.7692307692 1.0 2.0 13.0
1.0 1.0 86.7100876749 49.7692307692 1.0 2.0 13.0,0,1.0,0.5 0.5 104.681121931 107.846153846 1.0 2.5 13.0
0.5 0.5 104.681121931 107.846153846 1.0 2.5 13.0,3,1.0,0.5 0.5 103.032089 49.4615384615 1.0 2.5 13.0
0.5 0.5 103.032089 49.4615384615 1.0 2.5 13.0,3,1.0,0.5 0.5 108.517097267 55.2307692308 1.0 2.5 13.0
0.5 0.5 108.517097267 55.2307692308 1.0 2.5 13.0,3,1.0,0.5 0.5 83.1854709988 75.6923076923 1.0 2.5 13.0
0.5 0.5 83.1854709988 75.6923076923 1.0 2.5 13.0,3,1.0,0.5 0.5 108.818081582 40.0769230769 1.0 2.5 13.0
0.5 0.5 108.818081582 40.0769230769 1.0 2.5 13.0,3,1.0,0.5 0.5 101.861864419 67.0 1.0 2.5 13.0
0.5 0.5 101.861864419 67.0 1.0 2.5 13.0,2,1.0,0.5 0.5 91.1323189695 102.692307692 1.0 2.5 13.0
0.5 0.5 91.1323189695 102.692307692 1.0 2.5 13.0,3,1.0,0.5 0.5 109.890218847 81.5384615385 1.0 2.5 13.0
0.5 0.5 109.890218847 81.5384615385 1.0 2.5 13.0,3,1.0,0.5 0.5 98.9633327036 49.3846153846 1.0 2.5 13.0
0.5 0.5 98.9633327036 49.3846153846 1.0 2.5 13.0,3,1.0,0.5 0.5 95.5614284792 66.0 1.0 2.5 13.0
0.5 0.5 95.5614284792 66.0 1.0 2.5 13.0,3,1.0,0.5 0.5 113.897082034 65.6153846154 1.0 2.5 13.0
0.5 0.5 113.897082034 65.6153846154 1.0 2.5 13.0,3,1.0,0.5 0.5 110.928783581 58.0 1.0 2.5 13.0
0.5 0.5 110.928783581 58.0 1.0 2.5 13.0,3,1.0,0.5 0.5 88.4708427525 108.615384615 1.0 2.5 13.0
1.0 1.0 89.5256740027 49.6923076923 1.0 1.5 13.0,0,1.0,1.0 1.0 86.8221059274 49.8461538462 1.0 2.0 13.0
1.0 1.0 86.8221059274 49.8461538462 1.0 2.0 13.0,0,1.0,0.5 0.5 95.920211819 81.0769230769 1.0 2.5 13.0
0.5 0.5 95.920211819 81.0769230769 1.0 2.5 13.0,3,1.0,0.5 0.5 87.0667394458 64.4615384615 1.0 2.5 13.0
0.5 0.5 87.0667394458 64.4615384615 1.0 2.5 13.0,3,1.0,0.5 0.5 106.901966712 66.1538461538 1.0 2.5 13.0
0.5 0.5 106.901966712 66.1538461538 1.0 2.5 13.0,3,1.0,0.5 0.5 99.9923667602 83.8461538462 1.0 2.5 13.0
0.5 0.5 99.9923667602 83.8461538462 1.0 2.5 13.0,3,1.0,0.5 0.5 97.3427293956 67.2307692308 1.0 2.5 13.0
0.5 0.5 97.3427293956 67.2307692308 1.0 2.5 13.0,3,1.0,0.5 0.5 96.5431603907 65.3076923077 1.0 2.5 13.0
0.5 0.5 96.5431603907 65.3076923077 1.0 2.5 13.0,3,1.0,0.5 0.5 87.7436620929 67.2307692308 1.0 2.5 13.0
0.5 0.5 87.7436620929 67.2307692308 1.0 2.5 13.0,3,1.0,0.5 0.5 104.562074679 80.6923076923 1.0 2.5 13.0
0.5 0.5 104.562074679 80.6923076923 1.0 2.5 13.0,3,1.0,0.5 0.5 105.8026065 96.6923076923 1.0 2.5 13.0
0.5 0.5 105.8026065 96.6923076923 1.0 2.5 13.0,3,1.0,0.5 0.5 98.9409238333 66.6153846154 1.0 2.5 13.0
0.5 0.5 98.9409238333 66.6153846154 1.0 2.5 13.0,3,1.0,0.5 0.5 97.7620267276 52.0 1.0 2.5 13.0
0.5 0.5 97.7620267276 52.0 1.0 2.5 13.0,3,1.0,0.5 0.5 111.275465025 63.7692307692 1.0 2.5 13.0
0.5 0.5 111.275465025 63.7692307692 1.0 2.5 13.0,3,1.0,0.5 0.5 90.7789185163 77.0 1.0 2.5 13.0
0.5 0.5 90.7789185163 77.0 1.0 2.5 13.0,3,1.0,0.5 0.5 95.6296317464 73.0769230769 1.0 2.5 13.0
1.0 1.0 86.5961297838 49.9230769231 1.0 0.5 13.0,0,1.0,1.0 1.0 86.8099937792 49.5384615385 1.0 1.0 13.0
1.0 1.0 86.8099937792 49.5384615385 1.0 1.0 13.0,0,1.0,1.0 1.0 86.77080736 49.5384615385 1.0 1.5 13.0
1.0 1.0 86.77080736 49.5384615385 1.0 1.5 13.0,0,1.0,1.0 1.0 86.8099937792 49.6923076923 1.0 2.0 13.0
1.0 1.0 86.8099937792 49.6923076923 1.0 2.0 13.0,0,1.0,0.5 0.5 95.3410649132 73.6153846154 1.0 2.5 13.0
0.5 0.5 95.3410649132 73.6153846154 1.0 2.5 13.0,3,1.0,0.5 0.5 95.298173971 78.7692307692 1.0 2.5 13.0
0.5 0.5 95.298173971 78.7692307692 1.0 2.5 13.0,3,1.0,0.5 0.5 103.579864721 61.6923076923 1.0 2.5 13.0
0.5 0.5 103.579864721 61.6923076923 1.0 2.5 13.0,3,1.0,0.5 0.5 95.2103557604 75.3846153846 1.0 2.5 13.0
0.5 0.5 95.2103557604 75.3846153846 1.0 2.5 13.0,3,1.0,0.5 0.5 102.902319961 47.6153846154 1.0 2.5 13.0
0.5 0.5 102.902319961 47.6153846154 1.0 2.5 13.0,3,1.0,0.5 0.5 98.2797455662 69.2307692308 1.0 2.5 13.0
0.5 0.5 98.2797455662 69.2307692308 1.0 2.5 13.0,3,1.0,0.5 0.5 95.0310322298 51.3846153846 1.0 2.5 13.0
0.5 0.5 95.0310322298 51.3846153846 1.0 2.5 13.0,3,1.0,0.5 0.5 99.8608856668 79.7692307692 1.0 2.5 13.0
0.5 0.5 99.8608856668 79.7692307692 1.0 2.5 13.0,3,1.0,0.5 0.5 106.597119623 83.8461538462 1.0 2.5 13.0
0.5 0.5 106.597119623 83.8461538462 1.0 2.5 13.0,3,1.0,0.5 0.5 113.365792432 92.3846153846 1.0 2.5 13.0
0.5 0.5 113.365792432 92.3846153846 1.0 2.5 13.0,3,1.0,0.5 0.5 93.6649846021 68.8461538462 1.0 2.5 13.0
0.5 0.5 93.6649846021 68.8461538462 1.0 2.5 13.0,3,1.0,0.5 0.5 94.7576632216 60.2307692308 1.0 2.5 13.0
1.0 1.0 94.0710402639 35.2 0.769230769231 1.5 10.0,0,1.0,1.0 1.0 95.0101821409 36.0 0.769230769231 2.0 10.0
1.0 1.0 95.0101821409 36.0 0.769230769231 2.0 10.0,3,1.0,1.0 1.0 90.4561483764 44.1818181818 0.846153846154 2.0 11.0
1.0 1.0 90.4561483764 44.1818181818 0.846153846154 2.0 11.0,3,1.0,1.0 1.0 92.1400261106 42.6666666667 0.923076923077 2.0 12.0
1.0 1.0 92.1400261106 42.6666666667 0.923076923077 2.0 12.0,0,1.0,0.5 0.5 107.729676079 75.5 0.923076923077 2.5 12.0
0.5 0.5 107.729676079 75.5 0.923076923077 2.5 12.0,3,1.0,0.5 0.5 115.249285376 49.7692307692 1.0 2.5 13.0
0.5 0.5 115.249285376 49.7692307692 1.0 2.5 13.0,3,1.0,0.5 0.5 99.2111263877 77.1538461538 1.0 2.5 13.0
0.5 0.5 99.2111263877 77.1538461538 1.0 2.5 13.0,4,-1.0,0.5 0.5 97.227020119 53.6666666667 0.923076923077 2.5 12.0
0.5 0.5 97.227020119 53.6666666667 0.923076923077 2.5 12.0,3,1.0,0.5 0.5 106.385367185 87.6923076923 1.0 2.5 13.0
0.5 0.5 106.385367185 87.6923076923 1.0 2.5 13.0,3,1.0,0.5 0.5 104.341129855 46.3076923077 1.0 2.5 13.0
0.5 0.5 104.341129855 46.3076923077 1.0 2.5 13.0,3,1.0,0.5 0.5 88.7786806745 79.6153846154 1.0 2.5 13.0
0.5 0.5 88.7786806745 79.6153846154 1.0 2.5 13.0,3,1.0,0.5 0.5 100.479179058 46.6923076923 1.0 2.5 13.0
0.5 0.5 100.479179058 46.6923076923 1.0 2.5 13.0,3,1.0,0.5 0.5 104.31956886 71.0769230769 1.0 2.5 13.0
0.5 0.5 104.31956886 71.0769230769 1.0 2.5 13.0,3,1.0,0.5 0.5 93.8358992862 50.8461538462 1.0 2.5 13.0
0.5 0.5 93.8358992862 50.8461538462 1.0 2.5 13.0,3,1.0,0.5 0.5 103.944837606 58.1538461538 1.0 2.5 13.0
0.5 0.5 103.944837606 58.1538461538 1.0 2.5 13.0,2,1.0,0.5 0.5 108.75442815 98.2307692308 1.0 2.5 13.0
1.0 1.0 94.0710402639 35.2 0.769230769231 1.5 10.0,3,1.0,1.0 1.0 86.0521419404 44.7272727273 0.846153846154 1.5 11.0
1.0 1.0 86.0521419404 44.7272727273 0.846153846154 1.5 11.0,0,1.0,1.0 1.0 86.0521419404 44.2727272727 0.846153846154 2.0 11.0
1.0 1.0 86.0521419404 44.2727272727 0.846153846154 2.0 11.0,3,1.0,1.0 1.0 92.2847548735 47.25 0.923076923077 2.0 12.0
1.0 1.0 92.2847548735 47.25 0.923076923077 2.0 12.0,0,1.0,0.5 0.5 97.6648523057 75.5 0.923076923077 2.5 12.0
0.5 0.5 97.6648523057 75.5 0.923076923077 2.5 12.0,3,1.0,0.5 0.5 104.647211331 69.7692307692 1.0 2.5 13.0
0.5 0.5 104.647211331 69.7692307692 1.0 2.5 13.0,3,1.0,0.5 0.5 99.3763088822 75.3076923077 1.0 2.5 13.0
0.5 0.5 99.3763088822 75.3076923077 1.0 2.5 13.0,3,1.0,0.5 0.5 110.362666367 105.461538462 1.0 2.5 13.0
0.5 0.5 110.362666367 105.461538462 1.0 2.5 13.0,3,1.0,0.5 0.5 109.060834415 60.5384615385 1.0 2.5 13.0
0.5 0.5 109.060834415 60.5384615385 1.0 2.5 13.0,3,1.0,0.5 0.5 90.5170222376 110.769230769 1.0 2.5 13.0
0.5 0.5 90.5170222376 110.769230769 1.0 2.5 13.0,3,1.0,0.5 0.5 104.82641182 73.2307692308 1.0 2.5 13.0
0.5 0.5 104.82641182 73.2307692308 1.0 2.5 13.0,3,1.0,0.5 0.5 73.3523136993 63.1538461538 1.0 2.5 13.0
0.5 0.5 73.3523136993 63.1538461538 1.0 2.5 13.0,3,1.0,0.5 0.5 92.5990532428 90.2307692308 1.0 2.5 13.0
0.5 0.5 92.5990532428 90.2307692308 1.0 2.5 13.0,2,1.0,0.5 0.5 89.2285922002 52.3846153846 1.0 2.5 13.0
0.5 0.5 89.2285922002 52.3846153846 1.0 2.5 13.0,3,1.0,0.5 0.5 96.5505857727 78.3076923077 1.0 2.5 13.0
0.5 0.5 96.5505857727 78.3076923077 1.0 2.5 13.0,3,1.0,0.5 0.5 87.5837460009 105.076923077 1.0 2.5 13.0
0.0 0.0 250.0 150.0 0.0 4.0 9.0,1,-1.0,0.0 0.0 250.0 150.0 0.0 3.5 9.0
0.0 0.0 250.0 150.0 0.0 3.5 9.0,1,-1.0,0.0 0.0 250.0 150.0 0.0 3.0 9.0
0.0 0.0 250.0 150.0 0.0 3.0 9.0,1,1.0,0.5 0.5 102.529266163 37.5555555556 0.692307692308 2.5 9.0
0.5 0.5 102.529266163 37.5555555556 0.692307692308 2.5 9.0,3,1.0,0.5 0.5 99.9173405165 44.3 0.769230769231 2.5 10.0
0.5 0.5 99.9173405165 44.3 0.769230769231 2.5 10.0,3,1.0,0.5 0.5 104.379712779 47.3636363636 0.846153846154 2.5 11.0
0.5 0.5 104.379712779 47.3636363636 0.846153846154 2.5 11.0,3,1.0,0.5 0.5 73.4913610652 89.9166666667 0.923076923077 2.5 12.0
0.5 0.5 73.4913610652 89.9166666667 0.923076923077 2.5 12.0,3,1.0,0.5 0.5 105.666977912 66.0769230769 1.0 2.5 13.0
0.5 0.5 105.666977912 66.0769230769 1.0 2.5 13.0,3,1.0,0.5 0.5 101.47616698 74.6923076923 1.0 2.5 13.0
0.5 0.5 101.47616698 74.6923076923 1.0 2.5 13.0,3,1.0,0.5 0.5 90.4610276526 74.7692307692 1.0 2.5 13.0
0.5 0.5 90.4610276526 74.7692307692 1.0 2.5 13.0,3,1.0,0.5 0.5 92.9000933466 101.384615385 1.0 2.5 13.0
0.5 0.5 92.9000933466 101.384615385 1.0 2.5 13.0,3,1.0,0.5 0.5 101.080841201 47.2307692308 1.0 2.5 13.0
0.5 0.5 101.080841201 47.2307692308 1.0 2.5 13.0,3,1.0,0.5 0.5 102.271442747 57.4615384615 1.0 2.5 13.0
0.5 0.5 102.271442747 57.4615384615 1.0 2.5 13.0,3,1.0,0.5 0.5 100.492473078 104.076923077 1.0 2.5 13.0
0.5 0.5 100.492473078 104.076923077 1.0 2.5 13.0,3,1.0,0.5 0.5 112.497876999 50.5384615385 1.0 2.5 13.0
0.5 0.5 112.497876999 50.5384615385 1.0 2.5 13.0,3,1.0,0.5 0.5 91.9277769216 73.1538461538 1.0 2.5 13.0
0.0 0.0 250.0 150.0 0.0 3.0 13.0,1,1.0,0.5 0.5 105.559755319 123.923076923 1.0 2.5 13.0
0.5 0.5 105.559755319 123.923076923 1.0 2.5 13.0,3,1.0,0.5 0.5 108.001138932 84.5384615385 1.0 2.5 13.0
0.5 0.5 108.001138932 84.5384615385 1.0 2.5 13.0,3,1.0,0.5 0.5 100.046003417 58.9230769231 1.0 2.5 13.0
0.5 0.5 100.046003417 58.9230769231 1.0 2.5 13.0,3,1.0,0.5 0.5 115.679012833 64.3846153846 1.0 2.5 13.0
0.5 0.5 115.679012833 64.3846153846 1.0 2.5 13.0,3,1.0,0.5 0.5 93.2097620963 71.0 1.0 2.5 13.0
0.5 0.5 93.2097620963 71.0 1.0 2.5 13.0,3,1.0,0.5 0.5 101.8107229 133.769230769 1.0 2.5 13.0
0.5 0.5 101.8107229 133.769230769 1.0 2.5 13.0,3,1.0,0.5 0.5 104.168392238 78.7692307692 1.0 2.5 13.0
0.5 0.5 104.168392238 78.7692307692 1.0 2.5 13.0,3,1.0,0.5 0.5 100.165620943 69.9230769231 1.0 2.5 13.0
0.5 0.5 100.165620943 69.9230769231 1.0 2.5 13.0,3,1.0,0.5 0.5 106.551043023 89.0 1.0 2.5 13.0
0.5 0.5 106.551043023 89.0 1.0 2.5 13.0,1,-1.0,1.0 1.0 89.5256740027 49.6153846154 1.0 2.0 13.0
1.0 1.0 89.5256740027 49.6153846154 1.0 2.0 13.0,0,1.0,0.5 0.5 106.740271074 53.0769230769 1.0 2.5 13.0
0.5 0.5 106.740271074 53.0769230769 1.0 2.5 13.0,3,1.0,0.5 0.5 106.216560188 49.8461538462 1.0 2.5 13.0
0.5 0.5 106.216560188 49.8461538462 1.0 2.5 13.0,3,1.0,0.5 0.5 110.926802209 57.9230769231 1.0 2.5 13.0
0.5 0.5 110.926802209 57.9230769231 1.0 2.5 13.0,3,1.0,0.5 0.5 111.046662782 93.0769230769 1.0 2.5 13.0
0.5 0.5 111.046662782 93.0769230769 1.0 2.5 13.0,3,1.0,0.5 0.5 96.4480400741 108.769230769 1.0 2.5 13.0
1.0 1.0 85.990087483 44.0 0.846153846154 1.5 11.0,0,1.0,1.0 1.0 86.0521419404 44.1818181818 0.846153846154 2.0 11.0
1.0 1.0 86.0521419404 44.1818181818 0.846153846154 2.0 11.0,3,1.0,1.0 1.0 83.4819982663 42.75 0.923076923077 2.0 12.0
1.0 1.0 83.4819982663 42.75 0.923076923077 2.0 12.0,0,1.0,0.5 0.5 89.5653855185 84.75 0.923076923077 2.5 12.0
0.5 0.5 89.5653855185 84.75 0.923076923077 2.5 12.0,3,1.0,0.5 0.5 97.4958966324 82.0769230769 1.0 2.5 13.0
0.5 0.5 97.4958966324 82.0769230769 1.0 2.5 13.0,3,1.0,0.5 0.5 98.2273445113 87.3846153846 1.0 2.5 13.0
0.5 0.5 98.2273445113 87.3846153846 1.0 2.5 13.0,3,1.0,0.5 0.5 96.4284112688 70.6923076923 1.0 2.5 13.0
0.5 0.5 96.4284112688 70.6923076923 1.0 2.5 13.0,3,-1.0,0.5 0.5 102.18836354 80.0 0.923076923077 2.5 13.0
0.5 0.5 102.18836354 80.0 0.923076923077 2.5 13.0,3,1.0,0.5 0.5 87.3101367725 63.3076923077 1.0 2.5 13.0
0.5 0.5 87.3101367725 63.3076923077 1.0 2.5 13.0,3,1.0,0.5 0.5 105.017275331 77.0769230769 1.0 2.5 13.0
0.5 0.5 105.017275331 77.0769230769 1.0 2.5 13.0,3,1.0,0.5 0.5 99.2129040447 74.8461538462 1.0 2.5 13.0
0.5 0.5 99.2129040447 74.8461538462 1.0 2.5 13.0,3,1.0,0.5 0.5 110.348733315 52.6153846154 1.0 2.5 13.0
0.5 0.5 110.348733315 52.6153846154 1.0 2.5 13.0,3,1.0,0.5 0.5 95.8991440838 50.1538461538 1.0 2.5 13.0
0.5 0.5 95.8991440838 50.1538461538 1.0 2.5 13.0,3,1.0,0.5 0.5 99.3487062729 68.1538461538 1.0 2.5 13.0
0.5 0.5 99.3487062729 68.1538461538 1.0 2.5 13.0,3,1.0,0.5 0.5 94.7736625816 75.6153846154 1.0 2.5 13.0
0.5 0.5 94.7736625816 75.6153846154 1.0 2.5 13.0,3,1.0,0.5 0.5 94.6070733378 99.1538461538 1.0 2.5 13.0
1.0 1.0 84.5607131051 48.8461538462 1.0 0.5 13.0,0,1.0,1.0 1.0 88.0000801338 48.7692307692 1.0 1.0 13.0
1.0 1.0 88.0000801338 48.7692307692 1.0 1.0 13.0,0,1.0,1.0 1.0 86.8221059274 49.4615384615 1.0 1.5 13.0
1.0 1.0 86.8221059274 49.4615384615 1.0 1.5 13.0,0,1.0,1.0 1.0 88.0674109071 51.3076923077 1.0 2.0 13.0
1.0 1.0 88.0674109071 51.3076923077 1.0 2.0 13.0,0,1.0,0.5 0.5 109.632195267 71.6153846154 1.0 2.5 13.0
0.5 0.5 109.632195267 71.6153846154 1.0 2.5 13.0,3,1.0,0.5 0.5 98.9668560583 91.5384615385 1.0 2.5 13.0
0.5 0.5 98.9668560583 91.5384615385 1.0 2.5 13.0,2,1.0,0.5 0.5 107.351327206 43.1538461538 1.0 2.5 13.0
0.5 0.5 107.351327206 43.1538461538 1.0 2.5 13.0,3,1.0,0.5 0.5 87.9799593069 72.6923076923 1.0 2.5 13.0
0.5 0.5 87.9799593069 72.6923076923 1.0 2.5 13.0,3,1.0,0.5 0.5 98.4325541668 69.9230769231 1.0 2.5 13.0
0.5 0.5 98.4325541668 69.9230769231 1.0 2.5 13.0,3,1.0,0.5 0.5 103.512313176 67.0769230769 1.0 2.5 13.0
0.5 0.5 103.512313176 67.0769230769 1.0 2.5 13.0,3,1.0,0.5 0.5 82.6348255722 112.846153846 1.0 2.5 13.0
0.5 0.5 82.6348255722 112.846153846 1.0 2.5 13.0,3,1.0,0.5 0.5 95.6496149078 85.9230769231 1.0 2.5 13.0
0.5 0.5 95.6496149078 85.9230769231 1.0 2.5 13.0,3,1.0,0.5 0.5 106.9860482 76.4615384615 1.0 2.5 13.0
0.5 0.5 106.9860482 76.4615384615 1.0 2.5 13.0,3,1.0,0.5 0.5 99.7212786762 71.6153846154 1.0 2.5 13.0
0.5 0.5 99.7212786762 71.6153846154 1.0 2.5 13.0,3,1.0,0.5 0.5 100.696868679 90.2307692308 1.0 2.5 13.0
0.5 0.5 100.696868679 90.2307692308 1.0 2.5 13.0,3,1.0,0.5 0.5 90.5957198912 53.6153846154 1.0 2.5 13.0
0.5 0.5 96.0321049575 98.5384615385 1.0 2.5 13.0,3,1.0,0.5 0.5 110.154508851 112.307692308 1.0 2.5 13.0
0.5 0.5 110.154508851 112.307692308 1.0 2.5 13.0,3,1.0,0.5 0.5 117.818774671 58.2307692308 1.0 2.5 13.0
0.5 0.5 117.818774671 58.2307692308 1.0 2.5 13.0,3,1.0,0.5 0.5 101.193044544 73.0 1.0 2.5 13.0
0.5 0.5 101.193044544 73.0 1.0 2.5 13.0,3,1.0,0.5 0.5 107.391560268 75.3076923077 1.0 2.5 13.0
0.5 0.5 107.391560268 75.3076923077 1.0 2.5 13.0,2,1.0,0.5 0.5 106.678917784 70.0769230769 1.0 2.5 13.0
0.5 0.5 106.678917784 70.0769230769 1.0 2.5 13.0,3,1.0,0.5 0.5 96.9683210163 77.5384615385 1.0 2.5 13.0
0.5 0.5 96.9683210163 77.5384615385 1.0 2.5 13.0,3,1.0,0.5 0.5 100.667110361 110.615384615 1.0 2.5 13.0
0.5 0.5 100.667110361 110.615384615 1.0 2.5 13.0,3,1.0,0.5 0.5 107.485651969 85.4615384615 1.0 2.5 13.0
0.5 0.5 107.485651969 85.4615384615 1.0 2.5 13.0,3,1.0,0.5 0.5 108.636033841 47.8461538462 1.0 2.5 13.0
0.5 0.5 108.636033841 47.8461538462 1.0 2.5 13.0,3,1.0,0.5 0.5 98.4033673529 69.3846153846 1.0 2.5 13.0
0.5 0.5 98.4033673529 69.3846153846 1.0 2.5 13.0,3,1.0,0.5 0.5 87.4540346128 64.0769230769 1.0 2.5 13.0
0.5 0.5 87.4540346128 64.0769230769 1.0 2.5 13.0,3,1.0,0.5 0.5 101.220280253 70.3846153846 1.0 2.5 13.0
0.5 0.5 101.220280253 70.3846153846 1.0 2.5 13.0,3,1.0,0.5 0.5 98.7620305628 80.1538461538 1.0 2.5 13.0
0.5 0.5 98.7620305628 80.1538461538 1.0 2.5 13.0,3,1.0,0.5 0.5 92.9172220374 106.615384615 1.0 2.5 13.0
0.5 0.5 92.9172220374 106.615384615 1.0 2.5 13.0,2,1.0,0.5 0.5 101.779351029 64.3846153846 1.0 2.5 13.0
1.0 1.0 103.227931911 30.2222222222 0.692307692308 0.5 9.0,0,1.0,1.0 1.0 103.324637569 30.4444444444 0.692307692308 1.0 9.0
1.0 1.0 103.324637569 30.4444444444 0.692307692308 1.0 9.0,3,1.0,1.0 1.0 95.0101821409 36.5 0.769230769231 1.0 10.0
1.0 1.0 95.0101821409 36.5 0.769230769231 1.0 10.0,0,1.0,1.0 1.0 94.7263677147 36.5 0.769230769231 1.5 10.0
1.0 1.0 94.7263677147 36.5 0.769230769231 1.5 10.0,0,1.0,1.0 1.0 92.3552259221 28.9 0.769230769231 2.0 10.0
1.0 1.0 92.3552259221 28.9 0.769230769231 2.0 10.0,3,1.0,1.0 1.0 91.6858676849 38.3636363636 0.846153846154 2.0 11.0
1.0 1.0 91.6858676849 38.3636363636 0.846153846154 2.0 11.0,0,1.0,0.5 0.5 105.806011653 41.3636363636 0.846153846154 2.5 11.0
0.5 0.5 105.806011653 41.3636363636 0.846153846154 2.5 11.0,3,1.0,0.5 0.5 96.8590739005 54.0 0.923076923077 2.5 12.0
0.5 0.5 96.8590739005 54.0 0.923076923077 2.5 12.0,3,1.0,0.5 0.5 102.03646971 121.153846154 1.0 2.5 13.0
0.5 0.5 102.03646971 121.153846154 1.0 2.5 13.0,3,1.0,0.5 0.5 111.904582065 46.2307692308 1.0 2.5 13.0
0.5 0.5 111.904582065 46.2307692308 1.0 2.5 13.0,3,1.0,0.5 0.5 92.8632447237 71.6923076923 1.0 2.5 13.0
0.5 0.5 92.8632447237 71.6923076923 1.0 2.5 13.0,3,1.0,0.5 0.5 101.20633084 101.538461538 1.0 2.5 13.0
0.5 0.5 101.20633084 101.538461538 1.0 2.5 13.0,3,1.0,0.5 0.5 104.675817798 75.3076923077 1.0 2.5 13.0
0.5 0.5 104.675817798 75.3076923077 1.0 2.5 13.0,3,1.0,0.5 0.5 99.425408831 64.7692307692 1.0 2.5 13.0
0.5 0.5 99.425408831 64.7692307692 1.0 2.5 13.0,3,1.0,0.5 0.5 104.480847936 101.692307692 1.0 2.5 13.0
0.5 0.5 104.480847936 101.692307692 1.0 2.5 13.0,3,1.0,0.5 0.5 112.526851641 75.4615384615 1.0 2.5 13.0
0.0 0.0 250.0 150.0 0.0 4.0 13.0,1,-1.0,0.0 0.0 250.0 150.0 0.0 3.5 13.0
0.0 0.0 250.0 150.0 0.0 3.5 13.0,1,-1.0,0.0 0.0 250.0 150.0 0.0 3.0 13.0
0.0 0.0 250.0 150.0 0.0 3.0 13.0,1,1.0,0.5 0.5 111.015497644 104.0 1.0 2.5 13.0
0.5 0.5 111.015497644 104.0 1.0 2.5 13.0,3,1.0,0.5 0.5 110.180145378 59.8461538462 1.0 2.5 13.0
0.5 0.5 110.180145378 59.8461538462 1.0 2.5 13.0,3,1.0,0.5 0.5 95.44751122 61.2307692308 1.0 2.5 13.0
0.5 0.5 95.44751122 61.2307692308 1.0 2.5 13.0,3,1.0,0.5 0.5 97.5469297165 80.1538461538 1.0 2.5 13.0
0.5 0.5 97.5469297165 80.1538461538 1.0 2.5 13.0,2,1.0,0.5 0.5 108.385289308 52.1538461538 1.0 2.5 13.0
0.5 0.5 108.385289308 52.1538461538 1.0 2.5 13.0,3,1.0,0.5 0.5 98.6563889702 107.692307692 1.0 2.5 13.0
0.5 0.5 98.6563889702 107.692307692 1.0 2.5 13.0,3,1.0,0.5 0.5 110.837107901 126.692307692 1.0 2.5 13.0
0.5 0.5 110.837107901 126.692307692 1.0 2.5 13.0,3,1.0,0.5 0.5 94.2223860504 58.3846153846 1.0 2.5 13.0
0.5 0.5 94.2223860504 58.3846153846 1.0 2.5 13.0,3,1.0,0.5 0.5 102.228741136 91.4615384615 1.0 2.5 13.0
0.5 0.5 102.228741136 91.4615384615 1.0 2.5 13.0,3,1.0,0.5 0.5 100.797723309 58.7692307692 1.0 2.5 13.0
0.5 0.5 100.797723309 58.7692307692 1.0 2.5 13.0,3,1.0,0.5 0.5 101.621548385 80.1538461538 1.0 2.5 13.0
0.5 0.5 101.621548385 80.1538461538 1.0 2.5 13.0,3,1.0,0.5 0.5 96.638869764 49.3076923077 1.0 2.5 13.0
0.5 0.5 96.638869764 49.3076923077 1.0 2.5 13.0,3,1.0,0.5 0.5 114.602646981 87.6153846154 1.0 2.5 13.0
1.0 1.0 82.7565912227 38.1818181818 0.846153846154 1.0 11.0,0,1.0,1.0 1.0 86.0521419404 44.0 0.846153846154 1.5 11.0
1.0 1.0 86.0521419404 44.0 0.846153846154 1.5 11.0,0,1.0,1.0 1.0 94.1711131783 42.9090909091 0.846153846154 2.0 11.0
1.0 1.0 94.1711131783 42.9090909091 0.846153846154 2.0 11.0,0,1.0,0.5 0.5 98.2430529681 47.1818181818 0.846153846154 2.5 11.0
0.5 0.5 98.2430529681 47.1818181818 0.846153846154 2.5 11.0,3,1.0,0.5 0.5 79.0702034546 97.6666666667 0.923076923077 2.5 12.0
0.5 0.5 79.0702034546 97.6666666667 0.923076923077 2.5 12.0,3,1.0,0.5 0.5 105.604557058 49.6153846154 1.0 2.5 13.0
0.5 0.5 105.604557058 49.6153846154 1.0 2.5 13.0,3,1.0,0.5 0.5 88.9813947739 136.538461538 1.0 2.5 13.0
0.5 0.5 88.9813947739 136.538461538 1.0 2.5 13.0,3,1.0,0.5 0.5 100.74328903 84.1538461538 1.0 2.5 13.0
0.5 0.5 100.74328903 84.1538461538 1.0 2.5 13.0,3,1.0,0.5 0.5 116.935158081 52.5384615385 1.0 2.5 13.0
0.5 0.5 116.935158081 52.5384615385 1.0 2.5 13.0,3,1.0,0.5 0.5 105.568152377 64.2307692308 1.0 2.5 13.0
0.5 0.5 105.568152377 64.2307692308 1.0 2.5 13.0,3,1.0,0.5 0.5 74.0582447058 68.3076923077 1.0 2.5 13.0
0.5 0.5 74.0582447058 68.3076923077 1.0 2.5 13.0,3,1.0,0.5 0.5 85.2201715199 88.1538461538 1.0 2.5 13.0
0.5 0.5 85.2201715199 88.1538461538 1.0 2.5 13.0,3,1.0,0.5 0.5 98.1215000076 62.5384615385 1.0 2.5 13.0
0.5 0.5 98.1215000076 62.5384615385 1.0 2.5 13.0,2,1.0,0.5 0.5 105.042508271 78.3076923077 1.0 2.5 13.0
0.5 0.5 105.042508271 78.3076923077 1.0 2.5 13.0,3,1.0,0.5 0.5 109.143343823 60.3076923077 1.0 2.5 13.0
0.5 0.5 109.143343823 60.3076923077 1.0 2.5 13.0,3,1.0,0.5 0.5 108.234566753 61.8461538462 1.0 2.5 13.0
0.0 0.0 250.0 150.0 0.0 3.0 13.0,1,1.0,0.5 0.5 105.718575599 71.7692307692 1.0 2.5 13.0
0.5 0.5 105.718575599 71.7692307692 1.0 2.5 13.0,2,1.0,0.5 0.5 108.412466598 71.5384615385 1.0 2.5 13.0
0.5 0.5 108.412466598 71.5384615385 1.0 2.5 13.0,3,1.0,0.5 0.5 80.8132318725 101.307692308 1.0 2.5 13.0
0.5 0.5 80.8132318725 101.307692308 1.0 2.5 13.0,3,1.0,0.5 0.5 95.460269418 106.538461538 1.0 2.5 13.0
0.5 0.5 95.460269418 106.538461538 1.0 2.5 13.0,2,1.0,0.5 0.5 124.754204798 81.3846153846 1.0 2.5 13.0
0.5 0.5 124.754204798 81.3846153846 1.0 2.5 13.0,3,1.0,0.5 0.5 114.636954163 51.9230769231 1.0 2.5 13.0
0.5 0.5 114.636954163 51.9230769231 1.0 2.5 13.0,3,1.0,0.5 0.5 107.637921305 57.7692307692 1.0 2.5 13.0
0.5 0.5 107.637921305 57.7692307692 1.0 2.5 13.0,3,1.0,0.5 0.5 89.8444025979 64.3076923077 1.0 2.5 13.0
0.5 0.5 89.8444025979 64.3076923077 1.0 2.5 13.0,2,1.0,0.5 0.5 89.3962499294 69.6923076923 1.0 2.5 13.0
0.5 0.5 89.3962499294 69.6923076923 1.0 2.5 13.0,2,1.0,0.5 0.5 112.468388507 117.384615385 1.0 2.5 13.0
0.5 0.5 112.468388507 117.384615385 1.0 2.5 13.0,3,1.0,0.5 0.5 109.938108618 85.6923076923 1.0 2.5 13.0
0.5 0.5 109.938108618 85.6923076923 1.0 2.5 13.0,3,1.0,0.5 0.5 91.5446942992 50.3846153846 1.0 2.5 13.0
0.5 0.5 91.5446942992 50.3846153846 1.0 2.5 13.0,2,1.0,0.5 0.5 101.247424377 101.846153846 1.0 2.5 13.0
0.5 0.5 101.247424377 101.846153846 1.0 2.5 13.0,3,1.0,0.5 0.5 101.504738291 46.6923076923 1.0 2.5 13.0
0.5 0.5 101.504738291 46.6923076923 1.0 2.5 13.0,3,1.0,0.5 0.5 82.5435960938 80.4615384615 1.0 2.5 13.0
0.5 0.5 105.050295445 84.4615384615 1.0 2.5 13.0,3,1.0,0.5 0.5 97.3097482077 54.6923076923 1.0 2.5 13.0
0.5 0.5 97.3097482077 54.6923076923 1.0 2.5 13.0,3,1.0,0.5 0.5 101.050430318 63.0769230769 1.0 2.5 13.0
0.5 0.5 101.050430318 63.0769230769 1.0 2.5 13.0,3,1.0,0.5 0.5 94.8832155857 93.0 1.0 2.5 13.0
0.5 0.5 94.8832155857 93.0 1.0 2.5 13.0,2,1.0,0.5 0.5 97.5580379113 51.6923076923 1.0 2.5 13.0
0.5 0.5 97.5580379113 51.6923076923 1.0 2.5 13.0,3,1.0,0.5 0.5 107.585054428 92.1538461538 1.0 2.5 13.0
0.5 0.5 107.585054428 92.1538461538 1.0 2.5 13.0,3,1.0,0.5 0.5 102.006110744 89.4615384615 1.0 2.5 13.0
0.5 0.5 102.006110744 89.4615384615 1.0 2.5 13.0,3,1.0,0.5 0.5 115.488260954 62.0 1.0 2.5 13.0
0.5 0.5 115.488260954 62.0 1.0 2.5 13.0,3,1.0,0.5 0.5 116.567383107 101.846153846 1.0 2.5 13.0
0.5 0.5 116.567383107 101.846153846 1.0 2.5 13.0,3,1.0,0.5 0.5 101.813839572 45.4615384615 1.0 2.5 13.0
0.5 0.5 101.813839572 45.4615384615 1.0 2.5 13.0,3,1.0,0.5 0.5 100.387442286 77.5384615385 1.0 2.5 13.0
0.5 0.5 100.387442286 77.5384615385 1.0 2.5 13.0,3,1.0,0.5 0.5 86.8188437211 59.6923076923 1.0 2.5 13.0
0.5 0.5 86.8188437211 59.6923076923 1.0 2.5 13.0,3,1.0,0.5 0.5 88.8388806155 113.0 1.0 2.5 13.0
0.5 0.5 88.8388806155 113.0 1.0 2.5 13.0,3,1.0,0.5 0.5 97.9533035921 103.307692308 1.0 2.5 13.0
0.5 0.5 97.9533035921 103.307692308 1.0 2.5 13.0,3,1.0,0.5 0.5 95.5608706339 52.6153846154 1.0 2.5 13.0
0.5 0.5 95.5608706339 52.6153846154 1.0 2.5 13.0,3,1.0,0.5 0.5 99.806198614 69.8461538462 1.0 2.5 13.0
1.0 1.0 100.791081754 35.9 0.769230769231 0.5 10.0,0,1.0,1.0 1.0 95.0101821409 36.5 0.769230769231 1.0 10.0
1.0 1.0 95.0101821409 36.5 0.769230769231 1.0 10.0,0,1.0,1.0 1.0 95.2322478158 34.4 0.769230769231 1.5 10.0
1.0 1.0 95.2322478158 34.4 0.769230769231 1.5 10.0,3,1.0,1.0 1.0 86.0521419404 44.3636363636 0.846153846154 1.5 11.0
1.0 1.0 86.0521419404 44.3636363636 0.846153846154 1.5 11.0,0,1.0,1.0 1.0 92.6680821722 43.2727272727 0.846153846154 2.0 11.0
1.0 1.0 92.6680821722 43.2727272727 0.846153846154 2.0 11.0,0,1.0,0.5 0.5 108.8652176 51.6363636364 0.846153846154 2.5 11.0
0.5 0.5 108.8652176 51.6363636364 0.846153846154 2.5 11.0,3,1.0,0.5 0.5 94.6753378308 55.0 0.923076923077 2.5 12.0
0.5 0.5 94.6753378308 55.0 0.923076923077 2.5 12.0,3,1.0,0.5 0.5 106.445183731 77.1538461538 1.0 2.5 13.0
0.5 0.5 106.445183731 77.1538461538 1.0 2.5 13.0,3,1.0,0.5 0.5 100.734875121 77.3846153846 1.0 2.5 13.0
0.5 0.5 100.734875121 77.3846153846 1.0 2.5 13.0,3,1.0,0.5 0.5 99.9189835488 100.461538462 1.0 2.5 13.0
0.5 0.5 99.9189835488 100.461538462 1.0 2.5 13.0,2,1.0,0.5 0.5 101.960642133 77.0769230769 1.0 2.5 13.0
0.5 0.5 101.960642133 77.0769230769 1.0 2.5 13.0,3,1.0,0.5 0.5 115.819725299 81.3846153846 1.0 2.5 13.0
0.5 0.5 115.819725299 81.3846153846 1.0 2.5 13.0,3,1.0,0.5 0.5 107.767881741 64.6153846154 1.0 2.5 13.0
0.5 0.5 107.767881741 64.6153846154 1.0 2.5 13.0,3,1.0,0.5 0.5 99.8637319366 73.2307692308 1.0 2.5 13.0
0.5 0.5 99.8637319366 73.2307692308 1.0 2.5 13.0,3,1.0,0.5 0.5 99.6451340505 57.6923076923 1.0 2.5 13.0
0.5 0.5 99.6451340505 57.6923076923 1.0 2.5 13.0,2,1.0,0.5 0.5 92.5563728842 51.5384615385 1.0 2.5 13.0
0.5 0.5 84.2108475278 51.8333333333 0.923076923077 2.5 12.0,3,1.0,0.5 0.5 112.730536385 66.7692307692 1.0 2.5 13.0
0.5 0.5 112.730536385 66.7692307692 1.0 2.5 13.0,3,1.0,0.5 0.5 94.062622168 62.7692307692 1.0 2.5 13.0
0.5 0.5 94.062622168 62.7692307692 1.0 2.5 13.0,3,1.0,0.5 0.5 113.106176502 59.0769230769 1.0 2.5 13.0
0.5 0.5 113.106176502 59.0769230769 1.0 2.5 13.0,3,1.0,0.5 0.5 95.6072780673 80.8461538462 1.0 2.5 13.0
0.5 0.5 95.6072780673 80.8461538462 1.0 2.5 13.0,3,1.0,0.5 0.5 113.652966894 108.615384615 1.0 2.5 13.0
0.5 0.5 113.652966894 108.615384615 1.0 2.5 13.0,3,1.0,0.5 0.5 86.0465559877 56.7692307692 1.0 2.5 13.0
0.5 0.5 86.0465559877 56.7692307692 1.0 2.5 13.0,3,1.0,0.5 0.5 112.841172094 82.6153846154 1.0 2.5 13.0
0.5 0.5 112.841172094 82.6153846154 1.0 2.5 13.0,3,1.0,0.5 0.5 101.586401165 88.0 1.0 2.5 13.0
0.5 0.5 101.586401165 88.0 1.0 2.5 13.0,3,1.0,0.5 0.5 87.9976847527 76.0769230769 1.0 2.5 13.0
0.5 0.5 87.9976847527 76.0769230769 1.0 2.5 13.0,3,1.0,0.5 0.5 90.8807647311 78.3846153846 1.0 2.5 13.0
0.5 0.5 90.8807647311 78.3846153846 1.0 2.5 13.0,3,1.0,0.5 0.5 88.9889379836 66.6153846154 1.0 2.5 13.0
0.5 0.5 88.9889379836 66.6153846154 1.0 2.5 13.0,3,1.0,0.5 0.5 109.883883652 68.0769230769 1.0 2.5 13.0
0.5 0.5 109.883883652 68.0769230769 1.0 2.5 13.0,3,1.0,0.5 0.5 106.545409961 67.8461538462 1.0 2.5 13.0
0.5 0.5 106.545409961 67.8461538462 1.0 2.5 13.0,3,1.0,0.5 0.5 89.6128295196 72.7692307692 1.0 2.5 13.0
0.5 0.5 89.6128295196 72.7692307692 1.0 2.5 13.0,2,1.0,0.5 0.5 97.0345791193 57.0 1.0 2.5 13.0
1.0 1.0 90.625413535 49.4615384615 1.0 2.0 13.0,0,1.0,0.5 0.5 102.181078729 64.3076923077 1.0 2.5 13.0
0.5 0.5 102.181078729 64.3076923077 1.0 2.5 13.0,3,1.0,0.5 0.5 112.611984902 73.0769230769 1.0 2.5 13.0
0.5 0.5 112.611984902 73.0769230769 1.0 2.5 13.0,3,1.0,0.5 0.5 97.5195410929 55.3846153846 1.0 2.5 13.0
0.5 0.5 97.5195410929 55.3846153846 1.0 2.5 13.0,3,1.0,0.5 0.5 98.4732880406 63.3076923077 1.0 2.5 13.0
0.5 0.5 98.4732880406 63.3076923077 1.0 2.5 13.0,2,1.0,0.5 0.5 98.4570759779 78.3846153846 1.0 2.5 13.0
0.5 0.5 98.4570759779 78.3846153846 1.0 2.5 13.0,3,1.0,0.5 0.5 93.6658537283 62.3076923077 1.0 2.5 13.0
0.5 0.5 93.6658537283 62.3076923077 1.0 2.5 13.0,3,1.0,0.5 0.5 102.532431249 71.7692307692 1.0 2.5 13.0
0.5 0.5 102.532431249 71.7692307692 1.0 2.5 13.0,2,1.0,0.5 0.5 100.210583798 79.4615384615 1.0 2.5 13.0
0.5 0.5 100.210583798 79.4615384615 1.0 2.5 13.0,3,1.0,0.5 0.5 97.8955998102 72.5384615385 1.0 2.5 13.0
0.5 0.5 97.8955998102 72.5384615385 1.0 2.5 13.0,3,1.0,0.5 0.5 98.8277688615 113.769230769 1.0 2.5 13.0
0.5 0.5 98.8277688615 113.769230769 1.0 2.5 13.0,2,1.0,0.5 0.5 104.598541681 75.0 1.0 2.5 13.0
0.5 0.5 104.598541681 75.0 1.0 2.5 13.0,3,1.0,0.5 0.5 94.6032653619 61.2307692308 1.0 2.5 13.0
0.5 0.5 94.6032653619 61.2307692308 1.0 2.5 13.0,3,1.0,0.5 0.5 108.542350153 90.6153846154 1.0 2.5 13.0
0.5 0.5 108.542350153 90.6153846154 1.0 2.5 13.0,3,1.0,0.5 0.5 109.256406143 77.0 1.0 2.5 13.0
0.5 0.5 109.256406143 77.0 1.0 2.5 13.0,3,1.0,0.5 0.5 111.767533299 60.6923076923 1.0 2.5 13.0
0.0 0.0 250.0 150.0 0.0 4.0 13.0,1,-1.0,0.0 0.0 250.0 150.0 0.0 3.5 13.0
0.0 0.0 250.0 150.0 0.0 3.5 13.0,1,-1.0,0.0 0.0 250.0 150.0 0.0 3.0 13.0
0.0 0.0 250.0 150.0 0.0 3.0 13.0,1,1.0,0.5 0.5 93.8984272291 96.0 1.0 2.5 13.0
0.5 0.5 93.8984272291 96.0 1.0 2.5 13.0,3,1.0,0.5 0.5 84.3081234521 65.3846153846 1.0 2.5 13.0
0.5 0.5 84.3081234521 65.3846153846 1.0 2.5 13.0,3,1.0,0.5 0.5 97.8161908889 54.0769230769 1.0 2.5 13.0
0.5 0.5 97.8161908889 54.0769230769 1.0 2.5 13.0,2,1.0,0.5 0.5 99.0462961337 90.2307692308 1.0 2.5 13.0
0.5 0.5 99.0462961337 90.2307692308 1.0 2.5 13.0,3,1.0,0.5 0.5 109.25809584 58.1538461538 1.0 2.5 13.0
0.5 0.5 109.25809584 58.1538461538 1.0 2.5 13.0,3,1.0,0.5 0.5 88.8899859941 75.1538461538 1.0 2.5 13.0
0.5 0.5 88.8899859941 75.1538461538 1.0 2.5 13.0,3,1.0,0.5 0.5 102.772330892 71.9230769231 1.0 2.5 13.0
0.5 0.5 102.772330892 71.9230769231 1.0 2.5 13.0,3,1.0,0.5 0.5 100.070572704 56.1538461538 1.0 2.5 13.0
0.5 0.5 100.070572704 56.1538461538 1.0 2.5 13.0,3,1.0,0.5 0.5 86.6065087218 74.8461538462 1.0 2.5 13.0
0.5 0.5 86.6065087218 74.8461538462 1.0 2.5 13.0,2,1.0,0.5 0.5 101.613486769 59.8461538462 1.0 2.5 13.0
0.5 0.5 101.613486769 59.8461538462 1.0 2.5 13.0,3,1.0,0.5 0.5 103.046981644 70.4615384615 1.0 2.5 13.0
0.5 0.5 103.046981644 70.4615384615 1.0 2.5 13.0,3,1.0,0.5 0.5 112.135323932 75.3846153846 1.0 2.5 13.0
0.5 0.5 112.135323932 75.3846153846 1.0 2.5 13.0,2,1.0,0.5 0.5 95.1997418543 51.1538461538 1.0 2.5 13.0
0.0 0.0 250.0 150.0 0.0 4.0 13.0,1,-1.0,0.0 0.0 250.0 150.0 0.0 3.5 13.0
0.0 0.0 250.0 150.0 0.0 3.5 13.0,1,-1.0,0.0 0.0 250.0 150.0 0.0 3.0 13.0
0.0 0.0 250.0 150.0 0.0 3.0 13.0,1,1.0,0.5 0.5 100.768557783 70.5384615385 1.0 2.5 13.0
0.5 0.5 100.768557783 70.5384615385 1.0 2.5 13.0,3,1.0,0.5 0.5 100.739962468 57.7692307692 1.0 2.5 13.0
0.5 0.5 100.739962468 57.7692307692 1.0 2.5 13.0,3,1.0,0.5 0.5 108.681687666 100.923076923 1.0 2.5 13.0
0.5 0.5 108.681687666 100.923076923 1.0 2.5 13.0,3,1.0,0.5 0.5 95.7587788237 93.1538461538 1.0 2.5 13.0
0.5 0.5 95.7587788237 93.1538461538 1.0 2.5 13.0,2,1.0,0.5 0.5 97.951740184 79.7692307692 1.0 2.5 13.0
0.5 0.5 97.951740184 79.7692307692 1.0 2.5 13.0,2,-1.0,0.5 0.5 104.750238174 61.9166666667 0.923076923077 2.5 13.0
0.5 0.5 104.750238174 61.9166666667 0.923076923077 2.5 13.0,3,1.0,0.5 0.5 107.052796243 79.1538461538 1.0 2.5 13.0
0.5 0.5 107.052796243 79.1538461538 1.0 2.5 13.0,3,1.0,0.5 0.5 86.8422760717 88.6923076923 1.0 2.5 13.0
0.5 0.5 86.8422760717 88.6923076923 1.0 2.5 13.0,3,1.0,0.5 0.5 95.8266646312 70.4615384615 1.0 2.5 13.0
0.5 0.5 95.8266646312 70.4615384615 1.0 2.5 13.0,3,1.0,0.5 0.5 109.71971927 76.9230769231 1.0 2.5 13.0
0.5 0.5 109.71971927 76.9230769231 1.0 2.5 13.0,3,1.0,0.5 0.5 110.644276163 129.461538462 1.0 2.5 13.0
0.5 0.5 110.644276163 129.461538462 1.0 2.5 13.0,3,1.0,0.5 0.5 113.576197456 81.3846153846 1.0 2.5 13.0
0.5 0.5 113.576197456 81.3846153846 1.0 2.5 13.0,3,1.0,0.5 0.5 104.142217886 82.1538461538 1.0 2.5 13.0
0.0 0.0 250.0 150.0 0.0 3.5 11.0,1,-1.0,0.0 0.0 250.0 150.0 0.0 3.0 11.0
0.0 0.0 250.0 150.0 0.0 3.0 11.0,1,1.0,0.5 0.5 119.835292345 68.9090909091 0.846153846154 2.5 11.0
0.5 0.5 119.835292345 68.9090909091 0.846153846154 2.5 11.0,3,1.0,0.5 0.5 91.4677365378 56.0 0.923076923077 2.5 12.0
0.5 0.5 91.4677365378 56.0 0.923076923077 2.5 12.0,3,1.0,0.5 0.5 101.942281077 68.3846153846 1.0 2.5 13.0
0.5 0.5 101.942281077 68.3846153846 1.0 2.5 13.0,3,1.0,0.5 0.5 108.616872935 71.3076923077 1.0 2.5 13.0
0.5 0.5 108.616872935 71.3076923077 1.0 2.5 13.0,3,1.0,0.5 0.5 99.760220951 67.8461538462 1.0 2.5 13.0
0.5 0.5 99.760220951 67.8461538462 1.0 2.5 13.0,3,1.0,0.5 0.5 74.6066077041 77.0769230769 1.0 2.5 13.0
0.5 0.5 74.6066077041 77.0769230769 1.0 2.5 13.0,3,1.0,0.5 0.5 109.038638966 65.9230769231 1.0 2.5 13.0
0.5 0.5 109.038638966 65.9230769231 1.0 2.5 13.0,3,1.0,0.5 0.5 86.0102527646 59.0 1.0 2.5 13.0
0.5 0.5 86.0102527646 59.0 1.0 2.5 13.0,3,1.0,0.5 0.5 108.672856304 76.0769230769 1.0 2.5 13.0
0.5 0.5 108.672856304 76.0769230769 1.0 2.5 13.0,3,1.0,0.5 0.5 108.497133945 75.2307692308 1.0 2.5 13.0
0.5 0.5 108.497133945 75.2307692308 1.0 2.5 13.0,3,1.0,0.5 0.5 98.7160727702 63.2307692308 1.0 2.5 13.0
0.5 0.5 98.7160727702 63.2307692308 1.0 2.5 13.0,3,1.0,0.5 0.5 103.025764109 101.307692308 1.0 2.5 13.0
0.5 0.5 103.025764109 101.307692308 1.0 2.5 13.0,3,1.0,0.5 0.5 80.5154428392 77.6153846154 1.0 2.5 13.0
0.5 0.5 80.5154428392 77.6153846154 1.0 2.5 13.0,3,1.0,0.5 0.5 99.9719931155 76.3846153846 1.0 2.5 13.0
1.0 1.0 86.5961297838 50.5384615385 1.0 2.0 13.0,0,1.0,0.5 0.5 92.6308168824 62.6153846154 1.0 2.5 13.0
0.5 0.5 92.6308168824 62.6153846154 1.0 2.5 13.0,3,1.0,0.5 0.5 114.619670136 73.5384615385 1.0 2.5 13.0
0.5 0.5 114.619670136 73.5384615385 1.0 2.5 13.0,3,1.0,0.5 0.5 96.3754368712 81.8461538462 1.0 2.5 13.0
0.5 0.5 96.3754368712 81.8461538462 1.0 2.5 13.0,3,1.0,0.5 0.5 97.1960080354 90.5384615385 1.0 2.5 13.0
0.5 0.5 97.1960080354 90.5384615385 1.0 2.5 13.0,2,1.0,0.5 0.5 99.140955403 104.307692308 1.0 2.5 13.0
0.5 0.5 99.140955403 104.307692308 1.0 2.5 13.0,3,1.0,0.5 0.5 107.414834704 72.6153846154 1.0 2.5 13.0
0.5 0.5 107.414834704 72.6153846154 1.0 2.5 13.0,3,1.0,0.5 0.5 106.996509574 85.9230769231 1.0 2.5 13.0
0.5 0.5 106.996509574 85.9230769231 1.0 2.5 13.0,3,1.0,0.5 0.5 99.153096096 92.3076923077 1.0 2.5 13.0
0.5 0.5 99.153096096 92.3076923077 1.0 2.5 13.0,3,1.0,0.5 0.5 124.388612864 59.6923076923 1.0 2.5 13.0
0.5 0.5 124.388612864 59.6923076923 1.0 2.5 13.0,3,1.0,0.5 0.5 109.934851671 65.3846153846 1.0 2.5 13.0
0.5 0.5 109.934851671 65.3846153846 1.0 2.5 13.0,3,1.0,0.5 0.5 110.270264533 119.923076923 1.0 2.5 13.0
0.5 0.5 110.270264533 119.923076923 1.0 2.5 13.0,3,1.0,0.5 0.5 112.35030641 56.0769230769 1.0 2.5 13.0
0.5 0.5 112.35030641 56.0769230769 1.0 2.5 13.0,3,1.0,0.5 0.5 109.343927027 94.6153846154 1.0 2.5 13.0
0.5 0.5 109.343927027 94.6153846154 1.0 2.5 13.0,3,1.0,0.5 0.5 87.9117581428 68.0769230769 1.0 2.5 13.0
0.5 0.5 87.9117581428 68.0769230769 1.0 2.5 13.0,3,1.0,0.5 0.5 97.4545480014 70.0 1.0 2.5 13.0
0.5 0.5 80.9686432656 65.6153846154 1.0 2.5 13.0,3,1.0,0.5 0.5 105.729876852 79.4615384615 1.0 2.5 13.0
0.5 0.5 105.729876852 79.4615384615 1.0 2.5 13.0,3,1.0,0.5 0.5 99.6803537152 68.1538461538 1.0 2.5 13.0
0.5 0.5 99.6803537152 68.1538461538 1.0 2.5 13.0,3,1.0,0.5 0.5 98.0300464011 105.384615385 1.0 2.5 13.0
0.5 0.5 98.0300464011 105.384615385 1.0 2.5 13.0,3,1.0,0.5 0.5 103.384450545 76.1538461538 1.0 2.5 13.0
0.5 0.5 103.384450545 76.1538461538 1.0 2.5 13.0,3,1.0,0.5 0.5 105.37530396 102.153846154 1.0 2.5 13.0
0.5 0.5 105.37530396 102.153846154 1.0 2.5 13.0,3,1.0,0.5 0.5 106.835137481 95.1538461538 1.0 2.5 13.0
0.5 0.5 106.835137481 95.1538461538 1.0 2.5 13.0,3,1.0,0.5 0.5 97.807696481 109.461538462 1.0 2.5 13.0
0.5 0.5 97.807696481 109.461538462 1.0 2.5 13.0,3,1.0,0.5 0.5 106.784558614 96.2307692308 1.0 2.5 13.0
0.5 0.5 106.784558614 96.2307692308 1.0 2.5 13.0,3,1.0,0.5 0.5 100.825003078 76.0 1.0 2.5 13.0
0.5 0.5 100.825003078 76.0 1.0 2.5 13.0,2,1.0,0.5 0.5 93.3561050632 102.923076923 1.0 2.5 13.0
0.5 0.5 93.3561050632 102.923076923 1.0 2.5 13.0,3,1.0,0.5 0.5 88.1189676017 62.9230769231 1.0 2.5 13.0
0.5 0.5 88.1189676017 62.9230769231 1.0 2.5 13.0,2,1.0,0.5 0.5 101.103080141 73.7692307692 1.0 2.5 13.0
0.5 0.5 101.103080141 73.7692307692 1.0 2.5 13.0,3,1.0,0.5 0.5 88.72645876 85.9230769231 1.0 2.5 13.0
0.5 0.5 88.72645876 85.9230769231 1.0 2.5 13.0,3,1.0,0.5 0.5 120.662542069 96.6923076923 1.0 2.5 13.0
0.5 0.5 120.662542069 96.6923076923 1.0 2.5 13.0,3,1.0,0.5 0.5 97.0939510241 49.3846153846 1.0 2.5 13.0
0.0 0.0 250.0 150.0 0.0 4.0 13.0,1,-1.0,0.0 0.0 250.0 150.0 0.0 3.5 13.0
0.0 0.0 250.0 150.0 0.0 3.5 13.0,1,-1.0,0.0 0.0 250.0 150.0 0.0 3.0 13.0
0.0 0.0 250.0 150.0 0.0 3.0 13.0,1,1.0,0.5 0.5 114.901324894 118.230769231 1.0 2.5 13.0
0.5 0.5 114.901324894 118.230769231 1.0 2.5 13.0,3,1.0,0.5 0.5 88.9758598506 123.846153846 1.0 2.5 13.0
0.5 0.5 88.9758598506 123.846153846 1.0 2.5 13.0,3,1.0,0.5 0.5 94.9100807782 82.9230769231 1.0 2.5 13.0
0.5 0.5 94.9100807782 82.9230769231 1.0 2.5 13.0,3,1.0,0.5 0.5 99.9499409557 118.230769231 1.0 2.5 13.0
0.5 0.5 99.9499409557 118.230769231 1.0 2.5 13.0,2,1.0,0.5 0.5 103.50554512 85.6153846154 1.0 2.5 13.0
0.5 0.5 103.50554512 85.6153846154 1.0 2.5 13.0,3,1.0,0.5 0.5 102.66147055 99.2307692308 1.0 2.5 13.0
0.5 0.5 102.66147055 99.2307692308 1.0 2.5 13.0,2,1.0,0.5 0.5 89.9265370843 99.0769230769 1.0 2.5 13.0
0.5 0.5 89.9265370843 99.0769230769 1.0 2.5 13.0,3,1.0,0.5 0.5 80.8883132307 80.9230769231 1.0 2.5 13.0
0.5 0.5 80.8883132307 80.9230769231 1.0 2.5 13.0,3,1.0,0.5 0.5 92.8771078446 57.4615384615 1.0 2.5 13.0
0.5 0.5 92.8771078446 57.4615384615 1.0 2.5 13.0,3,1.0,0.5 0.5 117.114635024 79.6923076923 1.0 2.5 13.0
0.5 0.5 117.114635024 79.6923076923 1.0 2.5 13.0,2,1.0,0.5 0.5 100.870971995 45.5384615385 1.0 2.5 13.0
0.5 0.5 100.870971995 45.5384615385 1.0 2.5 13.0,3,1.0,0.5 0.5 102.721676229 85.2307692308 1.0 2.5 13.0
0.5 0.5 102.721676229 85.2307692308 1.0 2.5 13.0,2,1.0,0.5 0.5 91.4545864308 114.076923077 1.0 2.5 13.0
1.0 1.0 103.227931911 30.2222222222 0.692307692308 0.5 9.0,0,1.0,1.0 1.0 97.1152040051 30.1111111111 0.692307692308 1.0 9.0
1.0 1.0 97.1152040051 30.1111111111 0.692307692308 1.0 9.0,3,1.0,1.0 1.0 94.7263677147 36.1 0.769230769231 1.0 10.0
1.0 1.0 94.7263677147 36.1 0.769230769231 1.0 10.0,0,1.0,1.0 1.0 92.3000223206 34.4 0.769230769231 1.5 10.0
1.0 1.0 92.3000223206 34.4 0.769230769231 1.5 10.0,0,1.0,1.0 1.0 95.0101821409 36.1 0.769230769231 2.0 10.0
1.0 1.0 95.0101821409 36.1 0.769230769231 2.0 10.0,3,1.0,1.0 1.0 85.990087483 44.4545454545 0.846153846154 2.0 11.0
1.0 1.0 85.990087483 44.4545454545 0.846153846154 2.0 11.0,3,1.0,1.0 1.0 90.4346985493 47.0 0.923076923077 2.0 12.0
1.0 1.0 90.4346985493 47.0 0.923076923077 2.0 12.0,0,1.0,0.5 0.5 84.7518782099 59.3333333333 0.923076923077 2.5 12.0
0.5 0.5 84.7518782099 59.3333333333 0.923076923077 2.5 12.0,3,1.0,0.5 0.5 101.7123525 105.0 1.0 2.5 13.0
0.5 0.5 101.7123525 105.0 1.0 2.5 13.0,3,1.0,0.5 0.5 87.4911089144 56.6923076923 1.0 2.5 13.0
0.5 0.5 87.4911089144 56.6923076923 1.0 2.5 13.0,3,1.0,0.5 0.5 87.1698964979 80.3846153846 1.0 2.5 13.0
0.5 0.5 87.1698964979 80.3846153846 1.0 2.5 13.0,3,1.0,0.5 0.5 93.0948511939 89.7692307692 1.0 2.5 13.0
0.5 0.5 93.0948511939 89.7692307692 1.0 2.5 13.0,3,1.0,0.5 0.5 87.9858592673 77.3846153846 1.0 2.5 13.0
0.5 0.5 87.9858592673 77.3846153846 1.0 2.5 13.0,3,1.0,0.5 0.5 108.508400949 91.0769230769 1.0 2.5 13.0
0.5 0.5 108.508400949 91.0769230769 1.0 2.5 13.0,3,1.0,0.5 0.5 102.710537159 104.0 1.0 2.5 13.0
0.5 0.5 102.710537159 104.0 1.0 2.5 13.0,3,1.0,0.5 0.5 113.095154101 101.230769231 1.0 2.5 13.0
1.0 1.0 90.8825010211 50.3846153846 1.0 1.5 13.0,0,1.0,1.0 1.0 86.6960358882 49.8461538462 1.0 2.0 13.0
1.0 1.0 86.6960358882 49.8461538462 1.0 2.0 13.0,0,1.0,0.5 0.5 93.9027997993 68.6923076923 1.0 2.5 13.0
0.5 0.5 93.9027997993 68.6923076923 1.0 2.5 13.0,3,1.0,0.5 0.5 103.792490769 69.1538461538 1.0 2.5 13.0
0.5 0.5 103.792490769 69.1538461538 1.0 2.5 13.0,2,1.0,0.5 0.5 96.6336553004 91.0769230769 1.0 2.5 13.0
0.5 0.5 96.6336553004 91.0769230769 1.0 2.5 13.0,3,1.0,0.5 0.5 110.290877741 84.2307692308 1.0 2.5 13.0
0.5 0.5 110.290877741 84.2307692308 1.0 2.5 13.0,3,-1.0,0.5 0.5 94.7329194293 98.4166666667 0.923076923077 2.5 13.0
0.5 0.5 94.7329194293 98.4166666667 0.923076923077 2.5 13.0,3,1.0,0.5 0.5 100.392524934 74.6923076923 1.0 2.5 13.0
