1.0 1.0 105.978582938 57.8888888889 1.0 0.5 9.0,2,1.0,1.0 1.0 105.978582938 57.8888888889 1.0 0.5 9.0
1.0 1.0 105.978582938 57.8888888889 1.0 0.5 9.0,3,1.0,1.0 1.0 87.5284527686 54.2222222222 1.0 0.5 9.0
1.0 1.0 87.5284527686 54.2222222222 1.0 0.5 9.0,4,-1.0,1.0 1.0 88.399609239 52.25 0.888888888889 0.5 8.0
1.0 1.0 88.399609239 52.25 0.888888888889 0.5 8.0,2,-1.0,1.0 1.0 88.399609239 52.375 0.888888888889 0.5 8.0
1.0 1.0 88.399609239 52.375 0.888888888889 0.5 8.0,4,-1.0,1.0 1.0 79.6046346728 51.5714285714 0.777777777778 0.5 7.0
1.0 1.0 79.6046346728 51.5714285714 0.777777777778 0.5 7.0,3,1.0,1.0 1.0 88.399609239 53.125 0.888888888889 0.5 8.0
1.0 1.0 88.399609239 53.125 0.888888888889 0.5 8.0,3,1.0,1.0 1.0 87.3286207833 53.8888888889 1.0 0.5 9.0
1.0 1.0 87.3286207833 53.8888888889 1.0 0.5 9.0,2,1.0,1.0 1.0 87.2815278186 54.4444444444 1.0 0.5 9.0
1.0 1.0 87.2815278186 54.4444444444 1.0 0.5 9.0,4,-1.0,1.0 1.0 88.3466296537 53.0 0.888888888889 0.5 8.0
1.0 1.0 88.3466296537 53.0 0.888888888889 0.5 8.0,2,-1.0,1.0 1.0 88.3466296537 53.125 0.888888888889 0.5 8.0
1.0 1.0 88.3466296537 53.125 0.888888888889 0.5 8.0,4,-1.0,1.0 1.0 79.6046346728 50.8571428571 0.777777777778 0.5 7.0
1.0 1.0 79.6046346728 50.8571428571 0.777777777778 0.5 7.0,4,-1.0,1.0 1.0 76.9916846393 48.5 0.666666666667 0.5 6.0
1.0 1.0 76.9916846393 48.5 0.666666666667 0.5 6.0,2,-1.0,1.0 1.0 76.9916846393 48.5 0.666666666667 0.5 6.0
1.0 1.0 76.9916846393 48.5 0.666666666667 0.5 6.0,1,-1.0,1.0 1.0 76.9916846393 48.6666666667 0.666666666667 0.5 6.0
1.0 1.0 76.9916846393 48.6666666667 0.666666666667 0.5 6.0,3,1.0,1.0 1.0 79.6046346728 51.8571428571 0.777777777778 0.5 7.0
1.0 1.0 67.7155564168 45.0 0.444444444444 0.5 4.0,2,-1.0,1.0 1.0 67.7155564168 45.0 0.444444444444 0.5 4.0
1.0 1.0 67.7155564168 45.0 0.444444444444 0.5 4.0,4,-1.0,1.0 1.0 56.5822726699 46.0 0.333333333333 0.5 3.0
1.0 1.0 56.5822726699 46.0 0.333333333333 0.5 3.0,4,-1.0,1.0 1.0 65.0965712378 45.5 0.222222222222 0.5 2.0
1.0 1.0 65.0965712378 45.5 0.222222222222 0.5 2.0,2,-1.0,1.0 1.0 65.0965712378 46.0 0.222222222222 0.5 2.0
1.0 1.0 65.0965712378 46.0 0.222222222222 0.5 2.0,3,1.0,1.0 1.0 56.5822726699 45.3333333333 0.333333333333 0.5 3.0
1.0 1.0 56.5822726699 45.3333333333 0.333333333333 0.5 3.0,0,1.0,1.0 1.0 56.2143095206 47.0 0.333333333333 1.0 3.0
1.0 1.0 56.2143095206 47.0 0.333333333333 1.0 3.0,2,-1.0,1.0 1.0 56.5822726699 46.0 0.333333333333 1.0 3.0
1.0 1.0 56.5822726699 46.0 0.333333333333 1.0 3.0,4,-1.0,1.0 1.0 65.0965712378 45.0 0.222222222222 1.0 2.0
1.0 1.0 65.0965712378 45.0 0.222222222222 1.0 2.0,2,-1.0,1.0 1.0 65.0965712378 45.5 0.222222222222 1.0 2.0
1.0 1.0 65.0965712378 45.5 0.222222222222 1.0 2.0,4,-1.0,1.0 1.0 49.9592501238 45.0 0.111111111111 1.0 1.0
1.0 1.0 49.9592501238 45.0 0.111111111111 1.0 1.0,3,1.0,1.0 1.0 54.711029002 46.5 0.222222222222 1.0 2.0
1.0 1.0 54.711029002 46.5 0.222222222222 1.0 2.0,0,1.0,1.0 1.0 65.0965712378 45.0 0.222222222222 1.5 2.0
1.0 1.0 65.0965712378 45.0 0.222222222222 1.5 2.0,4,-1.0,1.0 1.0 49.9592501238 45.0 0.111111111111 1.5 1.0
1.0 1.0 49.9592501238 45.0 0.111111111111 1.5 1.0,0,1.0,1.0 1.0 49.9592501238 45.0 0.111111111111 2.0 1.0
1.0 1.0 49.9592501238 45.0 0.111111111111 2.0 1.0,0,1.0,0.5 0.5 73.884778282 45.0 0.111111111111 2.5 1.0
1.0 1.0 67.7155564168 46.0 0.444444444444 1.0 4.0,2,-1.0,1.0 1.0 68.1651783837 46.0 0.444444444444 1.0 4.0
1.0 1.0 68.1651783837 46.0 0.444444444444 1.0 4.0,4,-1.0,1.0 1.0 56.5822726699 45.6666666667 0.333333333333 1.0 3.0
1.0 1.0 56.5822726699 45.6666666667 0.333333333333 1.0 3.0,0,1.0,1.0 1.0 56.5822726699 45.3333333333 0.333333333333 1.5 3.0
1.0 1.0 56.5822726699 45.3333333333 0.333333333333 1.5 3.0,0,1.0,1.0 1.0 56.5822726699 45.3333333333 0.333333333333 2.0 3.0
1.0 1.0 56.5822726699 45.3333333333 0.333333333333 2.0 3.0,3,1.0,1.0 1.0 67.7155564168 46.5 0.444444444444 2.0 4.0
1.0 1.0 67.7155564168 46.5 0.444444444444 2.0 4.0,4,-1.0,1.0 1.0 56.5822726699 45.3333333333 0.333333333333 2.0 3.0
1.0 1.0 56.5822726699 45.3333333333 0.333333333333 2.0 3.0,4,-1.0,1.0 1.0 65.0965712378 45.0 0.222222222222 2.0 2.0
1.0 1.0 65.0965712378 45.0 0.222222222222 2.0 2.0,3,1.0,1.0 1.0 56.5822726699 45.3333333333 0.333333333333 2.0 3.0
1.0 1.0 56.5822726699 45.3333333333 0.333333333333 2.0 3.0,1,-1.0,1.0 1.0 56.5822726699 47.6666666667 0.333333333333 1.5 3.0
1.0 1.0 56.5822726699 47.6666666667 0.333333333333 1.5 3.0,4,-1.0,1.0 1.0 65.0965712378 45.5 0.222222222222 1.5 2.0
1.0 1.0 65.0965712378 45.5 0.222222222222 1.5 2.0,4,-1.0,1.0 1.0 49.9592501238 45.0 0.111111111111 1.5 1.0
1.0 1.0 49.9592501238 45.0 0.111111111111 1.5 1.0,2,-1.0,1.0 1.0 49.9592501238 46.0 0.111111111111 1.5 1.0
1.0 1.0 49.9592501238 46.0 0.111111111111 1.5 1.0,1,-1.0,1.0 1.0 73.884778282 46.0 0.111111111111 1.0 1.0
1.0 1.0 73.884778282 46.0 0.111111111111 1.0 1.0,4,-1.0,1.0 1.0 49.9592501238 47.0 0.111111111111 1.0 1.0
1.0 1.0 49.9592501238 47.0 0.111111111111 1.0 1.0,4,-1.0,1.0 1.0 49.9592501238 45.0 0.111111111111 1.0 1.0
0.0 0.0 250.0 150.0 0.0 3.5 1.0,2,-1.0,0.0 0.0 250.0 150.0 0.0 3.5 1.0
0.0 0.0 250.0 150.0 0.0 3.5 1.0,2,-1.0,0.0 0.0 250.0 150.0 0.0 3.5 1.0
0.0 0.0 250.0 150.0 0.0 3.5 1.0,2,-1.0,0.0 0.0 250.0 150.0 0.0 3.5 1.0
0.0 0.0 250.0 150.0 0.0 3.5 1.0,3,-1.0,0.0 0.0 250.0 150.0 0.0 3.5 2.0
0.0 0.0 250.0 150.0 0.0 3.5 2.0,4,-1.0,0.0 0.0 250.0 150.0 0.0 3.5 1.0
0.0 0.0 250.0 150.0 0.0 3.5 1.0,2,-1.0,0.0 0.0 250.0 150.0 0.0 3.5 1.0
0.0 0.0 250.0 150.0 0.0 3.5 1.0,3,-1.0,0.0 0.0 250.0 150.0 0.0 3.5 2.0
0.0 0.0 250.0 150.0 0.0 3.5 2.0,2,-1.0,0.0 0.0 250.0 150.0 0.0 3.5 2.0
0.0 0.0 250.0 150.0 0.0 3.5 2.0,0,-1.0,0.0 0.0 250.0 150.0 0.0 4.0 2.0
0.0 0.0 250.0 150.0 0.0 4.0 2.0,3,-1.0,0.0 0.0 250.0 150.0 0.0 4.0 3.0
0.0 0.0 250.0 150.0 0.0 4.0 3.0,2,-1.0,0.0 0.0 250.0 150.0 0.0 4.0 3.0
0.0 0.0 250.0 150.0 0.0 4.0 3.0,0,-1.0,0.0 0.0 250.0 150.0 0.0 4.0 3.0
0.0 0.0 250.0 150.0 0.0 4.0 3.0,0,-1.0,0.0 0.0 250.0 150.0 0.0 4.0 3.0
0.0 0.0 250.0 150.0 0.0 4.0 3.0,0,-1.0,0.0 0.0 250.0 150.0 0.0 4.0 3.0
0.0 0.0 250.0 150.0 0.0 4.0 3.0,2,-1.0,0.0 0.0 250.0 150.0 0.0 4.0 3.0
1.0 1.0 56.5822726699 45.0 0.333333333333 1.0 3.0,0,1.0,1.0 1.0 56.2143095206 46.3333333333 0.333333333333 1.5 3.0
1.0 1.0 56.2143095206 46.3333333333 0.333333333333 1.5 3.0,1,-1.0,1.0 1.0 56.5822726699 46.3333333333 0.333333333333 1.0 3.0
1.0 1.0 56.5822726699 46.3333333333 0.333333333333 1.0 3.0,2,-1.0,1.0 1.0 56.5822726699 45.3333333333 0.333333333333 1.0 3.0
1.0 1.0 56.5822726699 45.3333333333 0.333333333333 1.0 3.0,2,-1.0,1.0 1.0 56.5822726699 45.6666666667 0.333333333333 1.0 3.0
1.0 1.0 56.5822726699 45.6666666667 0.333333333333 1.0 3.0,0,1.0,1.0 1.0 56.5822726699 45.3333333333 0.333333333333 1.5 3.0
1.0 1.0 56.5822726699 45.3333333333 0.333333333333 1.5 3.0,4,-1.0,1.0 1.0 65.0965712378 46.5 0.222222222222 1.5 2.0
1.0 1.0 65.0965712378 46.5 0.222222222222 1.5 2.0,0,1.0,1.0 1.0 64.5446265138 47.0 0.222222222222 2.0 2.0
1.0 1.0 64.5446265138 47.0 0.222222222222 2.0 2.0,0,1.0,0.5 0.5 90.5413795192 53.5 0.222222222222 2.5 2.0
0.5 0.5 90.5413795192 53.5 0.222222222222 2.5 2.0,0,-1.0,0.0 0.0 250.0 150.0 0.0 3.0 2.0
0.0 0.0 250.0 150.0 0.0 3.0 2.0,1,1.0,0.5 0.5 65.0965712378 45.0 0.222222222222 2.5 2.0
0.5 0.5 65.0965712378 45.0 0.222222222222 2.5 2.0,3,1.0,0.5 0.5 79.6570321018 47.3333333333 0.333333333333 2.5 3.0
0.5 0.5 79.6570321018 47.3333333333 0.333333333333 2.5 3.0,0,-1.0,0.0 0.0 250.0 150.0 0.0 3.0 3.0
0.0 0.0 250.0 150.0 0.0 3.0 3.0,1,1.0,0.5 0.5 110.305284139 53.3333333333 0.333333333333 2.5 3.0
0.5 0.5 110.305284139 53.3333333333 0.333333333333 2.5 3.0,4,-1.0,0.5 0.5 54.711029002 47.0 0.222222222222 2.5 2.0
0.5 0.5 54.711029002 47.0 0.222222222222 2.5 2.0,0,-1.0,0.0 0.0 250.0 150.0 0.0 3.0 2.0
0.0 0.0 250.0 150.0 0.0 3.5 1.0,3,-1.0,0.0 0.0 250.0 150.0 0.0 3.5 2.0
0.0 0.0 250.0 150.0 0.0 3.5 2.0,1,-1.0,0.0 0.0 250.0 150.0 0.0 3.0 2.0
0.0 0.0 250.0 150.0 0.0 3.0 2.0,3,-1.0,0.0 0.0 250.0 150.0 0.0 3.0 3.0
0.0 0.0 250.0 150.0 0.0 3.0 3.0,1,1.0,0.5 0.5 97.5085848709 49.6666666667 0.333333333333 2.5 3.0
0.5 0.5 97.5085848709 49.6666666667 0.333333333333 2.5 3.0,1,-1.0,1.0 1.0 60.3319131687 46.3333333333 0.333333333333 2.0 3.0
1.0 1.0 60.3319131687 46.3333333333 0.333333333333 2.0 3.0,4,-1.0,1.0 1.0 54.711029002 45.0 0.222222222222 2.0 2.0
1.0 1.0 54.711029002 45.0 0.222222222222 2.0 2.0,0,1.0,0.5 0.5 81.0121820353 46.0 0.222222222222 2.5 2.0
0.5 0.5 81.0121820353 46.0 0.222222222222 2.5 2.0,3,1.0,0.5 0.5 136.804877547 55.6666666667 0.333333333333 2.5 3.0
0.5 0.5 136.804877547 55.6666666667 0.333333333333 2.5 3.0,3,1.0,0.5 0.5 124.980803673 54.25 0.444444444444 2.5 4.0
0.5 0.5 124.980803673 54.25 0.444444444444 2.5 4.0,1,-1.0,1.0 1.0 67.7155564168 46.25 0.444444444444 2.0 4.0
1.0 1.0 67.7155564168 46.25 0.444444444444 2.0 4.0,0,1.0,0.5 0.5 80.7532228259 46.75 0.444444444444 2.5 4.0
0.5 0.5 80.7532228259 46.75 0.444444444444 2.5 4.0,0,-1.0,0.0 0.0 250.0 150.0 0.0 3.0 4.0
0.0 0.0 250.0 150.0 0.0 3.0 4.0,4,-1.0,0.0 0.0 250.0 150.0 0.0 3.0 3.0
0.0 0.0 250.0 150.0 0.0 3.0 3.0,2,-1.0,0.0 0.0 250.0 150.0 0.0 3.0 3.0
0.0 0.0 250.0 150.0 0.0 3.0 3.0,0,-1.0,0.0 0.0 250.0 150.0 0.0 3.5 3.0
0.0 0.0 250.0 150.0 0.0 4.0 4.0,2,-1.0,0.0 0.0 250.0 150.0 0.0 4.0 4.0
0.0 0.0 250.0 150.0 0.0 4.0 4.0,1,-1.0,0.0 0.0 250.0 150.0 0.0 3.5 4.0
0.0 0.0 250.0 150.0 0.0 3.5 4.0,1,-1.0,0.0 0.0 250.0 150.0 0.0 3.0 4.0
0.0 0.0 250.0 150.0 0.0 3.0 4.0,3,-1.0,0.0 0.0 250.0 150.0 0.0 3.0 5.0
0.0 0.0 250.0 150.0 0.0 3.0 5.0,2,-1.0,0.0 0.0 250.0 150.0 0.0 3.0 5.0
0.0 0.0 250.0 150.0 0.0 3.0 5.0,1,1.0,0.5 0.5 98.6497511698 49.6 0.555555555556 2.5 5.0
0.5 0.5 98.6497511698 49.6 0.555555555556 2.5 5.0,4,-1.0,0.5 0.5 130.607416344 52.75 0.444444444444 2.5 4.0
0.5 0.5 130.607416344 52.75 0.444444444444 2.5 4.0,3,1.0,0.5 0.5 115.791519051 50.6 0.555555555556 2.5 5.0
0.5 0.5 115.791519051 50.6 0.555555555556 2.5 5.0,3,1.0,0.5 0.5 116.145802995 53.1666666667 0.666666666667 2.5 6.0
0.5 0.5 116.145802995 53.1666666667 0.666666666667 2.5 6.0,2,1.0,0.5 0.5 113.439091878 52.8333333333 0.666666666667 2.5 6.0
0.5 0.5 113.439091878 52.8333333333 0.666666666667 2.5 6.0,1,-1.0,1.0 1.0 76.9916846393 49.5 0.666666666667 2.0 6.0
1.0 1.0 76.9916846393 49.5 0.666666666667 2.0 6.0,1,-1.0,1.0 1.0 76.9210451921 49.3333333333 0.666666666667 1.5 6.0
1.0 1.0 76.9210451921 49.3333333333 0.666666666667 1.5 6.0,1,-1.0,1.0 1.0 86.2911604235 48.3333333333 0.666666666667 1.0 6.0
1.0 1.0 86.2911604235 48.3333333333 0.666666666667 1.0 6.0,4,-1.0,1.0 1.0 75.2005969594 46.0 0.555555555556 1.0 5.0
1.0 1.0 75.2005969594 46.0 0.555555555556 1.0 5.0,2,-1.0,1.0 1.0 74.4032913494 45.8 0.555555555556 1.0 5.0
0.5 0.5 120.050438868 57.4444444444 1.0 2.5 9.0,3,1.0,0.5 0.5 98.8455199734 56.6666666667 1.0 2.5 9.0
0.5 0.5 98.8455199734 56.6666666667 1.0 2.5 9.0,2,1.0,0.5 0.5 123.603227849 60.0 1.0 2.5 9.0
0.5 0.5 123.603227849 60.0 1.0 2.5 9.0,3,1.0,0.5 0.5 94.1912300186 70.0 1.0 2.5 9.0
0.5 0.5 94.1912300186 70.0 1.0 2.5 9.0,4,-1.0,0.5 0.5 113.645119477 56.125 0.888888888889 2.5 8.0
0.5 0.5 113.645119477 56.125 0.888888888889 2.5 8.0,1,-1.0,1.0 1.0 88.399609239 52.625 0.888888888889 2.0 8.0
1.0 1.0 88.399609239 52.625 0.888888888889 2.0 8.0,1,-1.0,1.0 1.0 88.399609239 52.375 0.888888888889 1.5 8.0
1.0 1.0 88.399609239 52.375 0.888888888889 1.5 8.0,3,1.0,1.0 1.0 87.3286207833 54.0 1.0 1.5 9.0
1.0 1.0 87.3286207833 54.0 1.0 1.5 9.0,4,-1.0,1.0 1.0 88.261623058 53.0 0.888888888889 1.5 8.0
1.0 1.0 88.261623058 53.0 0.888888888889 1.5 8.0,4,-1.0,1.0 1.0 79.6046346728 50.8571428571 0.777777777778 1.5 7.0
1.0 1.0 79.6046346728 50.8571428571 0.777777777778 1.5 7.0,1,-1.0,1.0 1.0 79.4469361803 51.2857142857 0.777777777778 1.0 7.0
1.0 1.0 79.4469361803 51.2857142857 0.777777777778 1.0 7.0,3,1.0,1.0 1.0 88.6244202225 52.875 0.888888888889 1.0 8.0
1.0 1.0 88.6244202225 52.875 0.888888888889 1.0 8.0,0,1.0,1.0 1.0 88.399609239 52.75 0.888888888889 1.5 8.0
1.0 1.0 88.399609239 52.75 0.888888888889 1.5 8.0,2,-1.0,1.0 1.0 88.399609239 52.5 0.888888888889 1.5 8.0
1.0 1.0 88.399609239 52.5 0.888888888889 1.5 8.0,3,1.0,1.0 1.0 87.2059664002 54.7777777778 1.0 1.5 9.0
1.0 1.0 87.2059664002 54.7777777778 1.0 1.5 9.0,2,-1.0,1.0 1.0 87.3286207833 53.6666666667 1.0 1.5 9.0
0.0 0.0 250.0 150.0 0.0 3.5 8.0,2,-1.0,0.0 0.0 250.0 150.0 0.0 3.5 8.0
0.0 0.0 250.0 150.0 0.0 3.5 8.0,1,-1.0,0.0 0.0 250.0 150.0 0.0 3.0 8.0
0.0 0.0 250.0 150.0 0.0 3.0 8.0,1,1.0,0.5 0.5 105.213118901 56.0 0.888888888889 2.5 8.0
0.5 0.5 105.213118901 56.0 0.888888888889 2.5 8.0,3,1.0,0.5 0.5 104.784296234 56.1111111111 1.0 2.5 9.0
0.5 0.5 104.784296234 56.1111111111 1.0 2.5 9.0,3,1.0,0.5 0.5 103.373190103 55.6666666667 1.0 2.5 9.0
0.5 0.5 103.373190103 55.6666666667 1.0 2.5 9.0,3,1.0,0.5 0.5 98.4391869252 55.2222222222 1.0 2.5 9.0
0.5 0.5 98.4391869252 55.2222222222 1.0 2.5 9.0,4,-1.0,0.5 0.5 105.004530286 54.25 0.888888888889 2.5 8.0
0.5 0.5 105.004530286 54.25 0.888888888889 2.5 8.0,1,-1.0,1.0 1.0 84.960310305 53.375 0.888888888889 2.0 8.0
1.0 1.0 84.960310305 53.375 0.888888888889 2.0 8.0,3,1.0,1.0 1.0 87.2815278186 54.3333333333 1.0 2.0 9.0
1.0 1.0 87.2815278186 54.3333333333 1.0 2.0 9.0,2,-1.0,1.0 1.0 87.2059664002 54.3333333333 1.0 2.0 9.0
1.0 1.0 87.2059664002 54.3333333333 1.0 2.0 9.0,3,-1.0,1.0 1.0 87.3286207833 53.6666666667 1.0 2.0 9.0
1.0 1.0 87.3286207833 53.6666666667 1.0 2.0 9.0,2,-1.0,1.0 1.0 87.2815278186 54.4444444444 1.0 2.0 9.0
1.0 1.0 87.2815278186 54.4444444444 1.0 2.0 9.0,3,-1.0,1.0 1.0 87.2990065803 53.7777777778 1.0 2.0 9.0
1.0 1.0 87.2990065803 53.7777777778 1.0 2.0 9.0,3,-1.0,1.0 1.0 87.3286207833 54.4444444444 1.0 2.0 9.0
1.0 1.0 87.3286207833 54.4444444444 1.0 2.0 9.0,0,1.0,0.5 0.5 96.9194704823 57.2222222222 1.0 2.5 9.0
1.0 1.0 102.874695394 55.3333333333 1.0 1.0 9.0,3,-1.0,1.0 1.0 87.3286207833 54.0 1.0 1.0 9.0
1.0 1.0 87.3286207833 54.0 1.0 1.0 9.0,0,1.0,1.0 1.0 87.2059664002 54.6666666667 1.0 1.5 9.0
1.0 1.0 87.2059664002 54.6666666667 1.0 1.5 9.0,3,-1.0,1.0 1.0 87.2815278186 54.1111111111 1.0 1.5 9.0
1.0 1.0 87.2815278186 54.1111111111 1.0 1.5 9.0,3,-1.0,1.0 1.0 87.3286207833 54.1111111111 1.0 1.5 9.0
1.0 1.0 87.3286207833 54.1111111111 1.0 1.5 9.0,3,-1.0,1.0 1.0 87.3286207833 54.3333333333 1.0 1.5 9.0
1.0 1.0 87.3286207833 54.3333333333 1.0 1.5 9.0,2,-1.0,1.0 1.0 87.3286207833 54.1111111111 1.0 1.5 9.0
1.0 1.0 87.3286207833 54.1111111111 1.0 1.5 9.0,2,-1.0,1.0 1.0 87.3286207833 54.0 1.0 1.5 9.0
1.0 1.0 87.3286207833 54.0 1.0 1.5 9.0,3,-1.0,1.0 1.0 87.2059664002 54.5555555556 1.0 1.5 9.0
1.0 1.0 87.2059664002 54.5555555556 1.0 1.5 9.0,3,-1.0,1.0 1.0 87.3286207833 54.1111111111 1.0 1.5 9.0
1.0 1.0 87.3286207833 54.1111111111 1.0 1.5 9.0,3,-1.0,1.0 1.0 87.3286207833 54.0 1.0 1.5 9.0
1.0 1.0 87.3286207833 54.0 1.0 1.5 9.0,3,-1.0,1.0 1.0 87.3286207833 54.2222222222 1.0 1.5 9.0
1.0 1.0 87.3286207833 54.2222222222 1.0 1.5 9.0,3,-1.0,1.0 1.0 87.2815278186 53.8888888889 1.0 1.5 9.0
1.0 1.0 87.2815278186 53.8888888889 1.0 1.5 9.0,3,-1.0,1.0 1.0 87.3286207833 54.6666666667 1.0 1.5 9.0
1.0 1.0 87.3286207833 54.6666666667 1.0 1.5 9.0,2,-1.0,1.0 1.0 87.3286207833 54.3333333333 1.0 1.5 9.0
1.0 1.0 87.3286207833 54.3333333333 1.0 1.5 9.0,3,-1.0,1.0 1.0 87.3286207833 53.8888888889 1.0 1.5 9.0
0.5 0.5 112.103289835 54.25 0.888888888889 2.5 8.0,1,-1.0,1.0 1.0 88.399609239 52.875 0.888888888889 2.0 8.0
1.0 1.0 88.399609239 52.875 0.888888888889 2.0 8.0,0,1.0,0.5 0.5 113.830203727 58.125 0.888888888889 2.5 8.0
0.5 0.5 113.830203727 58.125 0.888888888889 2.5 8.0,1,-1.0,1.0 1.0 88.399609239 52.625 0.888888888889 2.0 8.0
1.0 1.0 88.399609239 52.625 0.888888888889 2.0 8.0,0,1.0,0.5 0.5 105.886665769 55.25 0.888888888889 2.5 8.0
0.5 0.5 105.886665769 55.25 0.888888888889 2.5 8.0,3,1.0,0.5 0.5 95.1475488471 55.3333333333 1.0 2.5 9.0
0.5 0.5 95.1475488471 55.3333333333 1.0 2.5 9.0,3,1.0,0.5 0.5 121.645906624 56.2222222222 1.0 2.5 9.0
0.5 0.5 121.645906624 56.2222222222 1.0 2.5 9.0,1,-1.0,1.0 1.0 87.3286207833 54.2222222222 1.0 2.0 9.0
1.0 1.0 87.3286207833 54.2222222222 1.0 2.0 9.0,0,1.0,0.5 0.5 104.491631474 57.6666666667 1.0 2.5 9.0
0.5 0.5 104.491631474 57.6666666667 1.0 2.5 9.0,1,-1.0,1.0 1.0 103.471180583 54.7777777778 1.0 2.0 9.0
1.0 1.0 103.471180583 54.7777777778 1.0 2.0 9.0,0,1.0,0.5 0.5 133.45046284 58.1111111111 1.0 2.5 9.0
0.5 0.5 133.45046284 58.1111111111 1.0 2.5 9.0,2,1.0,0.5 0.5 123.171140663 60.3333333333 1.0 2.5 9.0
0.5 0.5 123.171140663 60.3333333333 1.0 2.5 9.0,2,1.0,0.5 0.5 114.063632758 58.2222222222 1.0 2.5 9.0
0.5 0.5 114.063632758 58.2222222222 1.0 2.5 9.0,3,1.0,0.5 0.5 136.656184899 58.1111111111 1.0 2.5 9.0
0.5 0.5 136.656184899 58.1111111111 1.0 2.5 9.0,3,1.0,0.5 0.5 117.919995112 56.4444444444 1.0 2.5 9.0
0.5 0.5 117.919995112 56.4444444444 1.0 2.5 9.0,2,1.0,0.5 0.5 125.351981522 58.5555555556 1.0 2.5 9.0
1.0 1.0 77.2914326172 49.5 0.666666666667 1.0 6.0,0,1.0,1.0 1.0 76.9916846393 48.8333333333 0.666666666667 1.5 6.0
1.0 1.0 76.9916846393 48.8333333333 0.666666666667 1.5 6.0,3,1.0,1.0 1.0 79.6046346728 51.1428571429 0.777777777778 1.5 7.0
1.0 1.0 79.6046346728 51.1428571429 0.777777777778 1.5 7.0,0,1.0,1.0 1.0 79.6046346728 51.8571428571 0.777777777778 2.0 7.0
1.0 1.0 79.6046346728 51.8571428571 0.777777777778 2.0 7.0,3,1.0,1.0 1.0 88.399609239 52.875 0.888888888889 2.0 8.0
1.0 1.0 88.399609239 52.875 0.888888888889 2.0 8.0,3,1.0,1.0 1.0 87.3286207833 54.3333333333 1.0 2.0 9.0
1.0 1.0 87.3286207833 54.3333333333 1.0 2.0 9.0,0,1.0,0.5 0.5 111.164651581 54.3333333333 1.0 2.5 9.0
0.5 0.5 111.164651581 54.3333333333 1.0 2.5 9.0,3,1.0,0.5 0.5 97.1879599289 56.7777777778 1.0 2.5 9.0
0.5 0.5 97.1879599289 56.7777777778 1.0 2.5 9.0,2,1.0,0.5 0.5 114.707779261 56.2222222222 1.0 2.5 9.0
0.5 0.5 114.707779261 56.2222222222 1.0 2.5 9.0,3,1.0,0.5 0.5 104.871635771 56.7777777778 1.0 2.5 9.0
0.5 0.5 104.871635771 56.7777777778 1.0 2.5 9.0,3,1.0,0.5 0.5 125.937451243 59.2222222222 1.0 2.5 9.0
0.5 0.5 125.937451243 59.2222222222 1.0 2.5 9.0,2,1.0,0.5 0.5 110.138488837 55.4444444444 1.0 2.5 9.0
0.5 0.5 110.138488837 55.4444444444 1.0 2.5 9.0,2,1.0,0.5 0.5 98.8436742051 56.2222222222 1.0 2.5 9.0
0.5 0.5 98.8436742051 56.2222222222 1.0 2.5 9.0,3,1.0,0.5 0.5 98.641970342 55.3333333333 1.0 2.5 9.0
0.5 0.5 98.641970342 55.3333333333 1.0 2.5 9.0,2,1.0,0.5 0.5 94.2378091368 55.2222222222 1.0 2.5 9.0
0.5 0.5 94.2378091368 55.2222222222 1.0 2.5 9.0,3,1.0,0.5 0.5 124.990519973 58.1111111111 1.0 2.5 9.0
1.0 1.0 97.6509658213 54.4444444444 1.0 0.5 9.0,2,-1.0,1.0 1.0 87.3286207833 53.7777777778 1.0 0.5 9.0
1.0 1.0 87.3286207833 53.7777777778 1.0 0.5 9.0,0,1.0,1.0 1.0 87.3286207833 54.2222222222 1.0 1.0 9.0
1.0 1.0 87.3286207833 54.2222222222 1.0 1.0 9.0,1,-1.0,1.0 1.0 87.3286207833 53.8888888889 1.0 0.5 9.0
1.0 1.0 87.3286207833 53.8888888889 1.0 0.5 9.0,0,1.0,1.0 1.0 87.3286207833 54.1111111111 1.0 1.0 9.0
1.0 1.0 87.3286207833 54.1111111111 1.0 1.0 9.0,0,1.0,1.0 1.0 87.3286207833 54.3333333333 1.0 1.5 9.0
1.0 1.0 87.3286207833 54.3333333333 1.0 1.5 9.0,0,1.0,1.0 1.0 87.4813598038 54.7777777778 1.0 2.0 9.0
1.0 1.0 87.4813598038 54.7777777778 1.0 2.0 9.0,0,1.0,0.5 0.5 107.376355311 57.2222222222 1.0 2.5 9.0
0.5 0.5 107.376355311 57.2222222222 1.0 2.5 9.0,3,1.0,0.5 0.5 115.065625881 58.8888888889 1.0 2.5 9.0
0.5 0.5 115.065625881 58.8888888889 1.0 2.5 9.0,0,-1.0,0.0 0.0 250.0 150.0 0.0 3.0 9.0
0.0 0.0 250.0 150.0 0.0 3.0 9.0,1,1.0,0.5 0.5 125.953830798 57.8888888889 1.0 2.5 9.0
0.5 0.5 125.953830798 57.8888888889 1.0 2.5 9.0,2,1.0,0.5 0.5 110.480420111 57.2222222222 1.0 2.5 9.0
0.5 0.5 110.480420111 57.2222222222 1.0 2.5 9.0,3,1.0,0.5 0.5 114.691041607 57.1111111111 1.0 2.5 9.0
0.5 0.5 114.691041607 57.1111111111 1.0 2.5 9.0,3,1.0,0.5 0.5 117.361288557 56.4444444444 1.0 2.5 9.0
0.5 0.5 117.361288557 56.4444444444 1.0 2.5 9.0,3,1.0,0.5 0.5 102.889311809 57.0 1.0 2.5 9.0
0.5 0.5 102.889311809 57.0 1.0 2.5 9.0,3,1.0,0.5 0.5 112.442610077 55.6666666667 1.0 2.5 9.0
1.0 1.0 87.2059664002 54.4444444444 1.0 1.5 9.0,0,1.0,1.0 1.0 87.3286207833 54.6666666667 1.0 2.0 9.0
1.0 1.0 87.3286207833 54.6666666667 1.0 2.0 9.0,0,1.0,0.5 0.5 128.403817565 57.5555555556 1.0 2.5 9.0
0.5 0.5 128.403817565 57.5555555556 1.0 2.5 9.0,1,-1.0,1.0 1.0 97.4511338361 54.2222222222 1.0 2.0 9.0
1.0 1.0 97.4511338361 54.2222222222 1.0 2.0 9.0,0,1.0,0.5 0.5 116.973974218 55.8888888889 1.0 2.5 9.0
0.5 0.5 116.973974218 55.8888888889 1.0 2.5 9.0,4,-1.0,0.5 0.5 109.290950736 55.5 0.888888888889 2.5 8.0
0.5 0.5 109.290950736 55.5 0.888888888889 2.5 8.0,3,1.0,0.5 0.5 115.52265798 57.4444444444 1.0 2.5 9.0
0.5 0.5 115.52265798 57.4444444444 1.0 2.5 9.0,2,1.0,0.5 0.5 100.385602599 55.8888888889 1.0 2.5 9.0
0.5 0.5 100.385602599 55.8888888889 1.0 2.5 9.0,4,-1.0,0.5 0.5 92.0148729786 54.375 0.888888888889 2.5 8.0
0.5 0.5 92.0148729786 54.375 0.888888888889 2.5 8.0,3,1.0,0.5 0.5 113.505270077 56.5555555556 1.0 2.5 9.0
0.5 0.5 113.505270077 56.5555555556 1.0 2.5 9.0,3,1.0,0.5 0.5 112.855639836 57.0 1.0 2.5 9.0
0.5 0.5 112.855639836 57.0 1.0 2.5 9.0,4,-1.0,0.5 0.5 112.603919357 55.375 0.888888888889 2.5 8.0
0.5 0.5 112.603919357 55.375 0.888888888889 2.5 8.0,3,1.0,0.5 0.5 94.016258571 55.7777777778 1.0 2.5 9.0
0.5 0.5 94.016258571 55.7777777778 1.0 2.5 9.0,1,-1.0,1.0 1.0 87.3286207833 53.8888888889 1.0 2.0 9.0
1.0 1.0 87.3286207833 53.8888888889 1.0 2.0 9.0,0,1.0,0.5 0.5 97.7548429977 54.6666666667 1.0 2.5 9.0
0.5 0.5 97.7548429977 54.6666666667 1.0 2.5 9.0,3,1.0,0.5 0.5 108.41962233 58.5555555556 1.0 2.5 9.0
1.0 1.0 87.5284527686 54.3333333333 1.0 1.5 9.0,0,1.0,1.0 1.0 87.3286207833 54.1111111111 1.0 2.0 9.0
1.0 1.0 87.3286207833 54.1111111111 1.0 2.0 9.0,0,1.0,0.5 0.5 102.741119563 55.3333333333 1.0 2.5 9.0
0.5 0.5 102.741119563 55.3333333333 1.0 2.5 9.0,3,1.0,0.5 0.5 129.574700098 55.5555555556 1.0 2.5 9.0
0.5 0.5 129.574700098 55.5555555556 1.0 2.5 9.0,3,1.0,0.5 0.5 123.829688162 56.2222222222 1.0 2.5 9.0
0.5 0.5 123.829688162 56.2222222222 1.0 2.5 9.0,3,1.0,0.5 0.5 110.406230639 58.3333333333 1.0 2.5 9.0
0.5 0.5 110.406230639 58.3333333333 1.0 2.5 9.0,3,1.0,0.5 0.5 107.637794825 56.0 1.0 2.5 9.0
0.5 0.5 107.637794825 56.0 1.0 2.5 9.0,3,1.0,0.5 0.5 129.72697111 57.3333333333 1.0 2.5 9.0
0.5 0.5 129.72697111 57.3333333333 1.0 2.5 9.0,0,-1.0,0.0 0.0 250.0 150.0 0.0 3.0 9.0
0.0 0.0 250.0 150.0 0.0 3.0 9.0,1,1.0,0.5 0.5 110.998129157 55.0 1.0 2.5 9.0
0.5 0.5 110.998129157 55.0 1.0 2.5 9.0,3,1.0,0.5 0.5 113.487719095 56.6666666667 1.0 2.5 9.0
0.5 0.5 113.487719095 56.6666666667 1.0 2.5 9.0,3,1.0,0.5 0.5 97.1023586975 54.4444444444 1.0 2.5 9.0
0.5 0.5 97.1023586975 54.4444444444 1.0 2.5 9.0,3,1.0,0.5 0.5 104.509900793 56.5555555556 1.0 2.5 9.0
0.5 0.5 104.509900793 56.5555555556 1.0 2.5 9.0,3,1.0,0.5 0.5 109.762681691 56.5555555556 1.0 2.5 9.0
0.5 0.5 109.762681691 56.5555555556 1.0 2.5 9.0,3,1.0,0.5 0.5 105.590475032 59.1111111111 1.0 2.5 9.0
0.5 0.5 105.590475032 59.1111111111 1.0 2.5 9.0,4,-1.0,0.5 0.5 97.8104641561 56.25 0.888888888889 2.5 8.0
0.0 0.0 250.0 150.0 0.0 4.0 8.0,1,-1.0,0.0 0.0 250.0 150.0 0.0 3.5 8.0
0.0 0.0 250.0 150.0 0.0 3.5 8.0,1,-1.0,0.0 0.0 250.0 150.0 0.0 3.0 8.0
0.0 0.0 250.0 150.0 0.0 3.0 8.0,1,1.0,0.5 0.5 115.319124352 55.625 0.888888888889 2.5 8.0
0.5 0.5 115.319124352 55.625 0.888888888889 2.5 8.0,3,1.0,0.5 0.5 94.293105551 55.8888888889 1.0 2.5 9.0
0.5 0.5 94.293105551 55.8888888889 1.0 2.5 9.0,3,1.0,0.5 0.5 119.128600167 58.3333333333 1.0 2.5 9.0
0.5 0.5 119.128600167 58.3333333333 1.0 2.5 9.0,3,1.0,0.5 0.5 101.343443016 58.1111111111 1.0 2.5 9.0
0.5 0.5 101.343443016 58.1111111111 1.0 2.5 9.0,3,1.0,0.5 0.5 110.601543305 58.3333333333 1.0 2.5 9.0
0.5 0.5 110.601543305 58.3333333333 1.0 2.5 9.0,3,1.0,0.5 0.5 113.598683997 58.7777777778 1.0 2.5 9.0
0.5 0.5 113.598683997 58.7777777778 1.0 2.5 9.0,3,1.0,0.5 0.5 108.475217056 57.2222222222 1.0 2.5 9.0
0.5 0.5 108.475217056 57.2222222222 1.0 2.5 9.0,3,1.0,0.5 0.5 90.2581336558 55.2222222222 1.0 2.5 9.0
0.5 0.5 90.2581336558 55.2222222222 1.0 2.5 9.0,3,1.0,0.5 0.5 102.659404595 55.6666666667 1.0 2.5 9.0
0.5 0.5 102.659404595 55.6666666667 1.0 2.5 9.0,3,1.0,0.5 0.5 119.221703609 57.5555555556 1.0 2.5 9.0
0.5 0.5 119.221703609 57.5555555556 1.0 2.5 9.0,3,1.0,0.5 0.5 106.195635371 55.4444444444 1.0 2.5 9.0
0.5 0.5 106.195635371 55.4444444444 1.0 2.5 9.0,3,1.0,0.5 0.5 100.5205582 55.5555555556 1.0 2.5 9.0
0.5 0.5 100.5205582 55.5555555556 1.0 2.5 9.0,3,1.0,0.5 0.5 116.30129655 57.8888888889 1.0 2.5 9.0
1.0 1.0 88.261623058 52.625 0.888888888889 2.0 8.0,3,1.0,1.0 1.0 87.2059664002 55.2222222222 1.0 2.0 9.0
1.0 1.0 87.2059664002 55.2222222222 1.0 2.0 9.0,0,1.0,0.5 0.5 104.150161233 58.0 1.0 2.5 9.0
0.5 0.5 104.150161233 58.0 1.0 2.5 9.0,3,1.0,0.5 0.5 117.977562682 57.4444444444 1.0 2.5 9.0
0.5 0.5 117.977562682 57.4444444444 1.0 2.5 9.0,3,1.0,0.5 0.5 110.839630502 56.7777777778 1.0 2.5 9.0
0.5 0.5 110.839630502 56.7777777778 1.0 2.5 9.0,3,1.0,0.5 0.5 115.414504329 57.3333333333 1.0 2.5 9.0
0.5 0.5 115.414504329 57.3333333333 1.0 2.5 9.0,3,1.0,0.5 0.5 113.7325673 58.8888888889 1.0 2.5 9.0
0.5 0.5 113.7325673 58.8888888889 1.0 2.5 9.0,3,1.0,0.5 0.5 101.177977979 55.5555555556 1.0 2.5 9.0
0.5 0.5 101.177977979 55.5555555556 1.0 2.5 9.0,1,-1.0,1.0 1.0 81.5834599548 54.4444444444 1.0 2.0 9.0
1.0 1.0 81.5834599548 54.4444444444 1.0 2.0 9.0,0,1.0,0.5 0.5 121.63110864 57.7777777778 1.0 2.5 9.0
0.5 0.5 121.63110864 57.7777777778 1.0 2.5 9.0,3,1.0,0.5 0.5 118.351460752 58.0 1.0 2.5 9.0
0.5 0.5 118.351460752 58.0 1.0 2.5 9.0,3,1.0,0.5 0.5 105.848173839 56.1111111111 1.0 2.5 9.0
0.5 0.5 105.848173839 56.1111111111 1.0 2.5 9.0,3,1.0,0.5 0.5 111.30193677 56.6666666667 1.0 2.5 9.0
0.5 0.5 111.30193677 56.6666666667 1.0 2.5 9.0,3,1.0,0.5 0.5 102.504307889 56.6666666667 1.0 2.5 9.0
0.5 0.5 102.504307889 56.6666666667 1.0 2.5 9.0,3,1.0,0.5 0.5 114.629795521 65.2222222222 1.0 2.5 9.0
0.5 0.5 114.629795521 65.2222222222 1.0 2.5 9.0,3,1.0,0.5 0.5 126.616445932 56.3333333333 1.0 2.5 9.0
1.0 1.0 103.468355432 54.5555555556 1.0 1.5 9.0,0,1.0,1.0 1.0 87.3286207833 53.8888888889 1.0 2.0 9.0
1.0 1.0 87.3286207833 53.8888888889 1.0 2.0 9.0,0,1.0,0.5 0.5 122.4329209 58.0 1.0 2.5 9.0
0.5 0.5 122.4329209 58.0 1.0 2.5 9.0,3,1.0,0.5 0.5 125.920534465 58.7777777778 1.0 2.5 9.0
0.5 0.5 125.920534465 58.7777777778 1.0 2.5 9.0,3,1.0,0.5 0.5 91.4345629545 56.1111111111 1.0 2.5 9.0
0.5 0.5 91.4345629545 56.1111111111 1.0 2.5 9.0,3,1.0,0.5 0.5 138.876969641 58.8888888889 1.0 2.5 9.0
0.5 0.5 138.876969641 58.8888888889 1.0 2.5 9.0,3,1.0,0.5 0.5 105.905219773 55.5555555556 1.0 2.5 9.0
0.5 0.5 105.905219773 55.5555555556 1.0 2.5 9.0,3,1.0,0.5 0.5 98.7821282121 58.1111111111 1.0 2.5 9.0
0.5 0.5 98.7821282121 58.1111111111 1.0 2.5 9.0,3,1.0,0.5 0.5 103.46650402 56.0 1.0 2.5 9.0
0.5 0.5 103.46650402 56.0 1.0 2.5 9.0,3,1.0,0.5 0.5 106.572758659 56.3333333333 1.0 2.5 9.0
0.5 0.5 106.572758659 56.3333333333 1.0 2.5 9.0,3,1.0,0.5 0.5 100.755522252 55.8888888889 1.0 2.5 9.0
0.5 0.5 100.755522252 55.8888888889 1.0 2.5 9.0,3,1.0,0.5 0.5 105.84832863 57.0 1.0 2.5 9.0
0.5 0.5 105.84832863 57.0 1.0 2.5 9.0,3,1.0,0.5 0.5 129.004662594 57.1111111111 1.0 2.5 9.0
0.5 0.5 129.004662594 57.1111111111 1.0 2.5 9.0,3,1.0,0.5 0.5 104.807474456 57.8888888889 1.0 2.5 9.0
0.5 0.5 104.807474456 57.8888888889 1.0 2.5 9.0,3,1.0,0.5 0.5 119.921953233 57.2222222222 1.0 2.5 9.0
0.5 0.5 119.921953233 57.2222222222 1.0 2.5 9.0,3,1.0,0.5 0.5 114.310741475 59.1111111111 1.0 2.5 9.0
0.0 0.0 250.0 150.0 0.0 3.0 9.0,1,1.0,0.5 0.5 125.771306666 58.3333333333 1.0 2.5 9.0
0.5 0.5 125.771306666 58.3333333333 1.0 2.5 9.0,3,1.0,0.5 0.5 96.8166632704 56.6666666667 1.0 2.5 9.0
0.5 0.5 96.8166632704 56.6666666667 1.0 2.5 9.0,3,1.0,0.5 0.5 89.7628247856 54.2222222222 1.0 2.5 9.0
0.5 0.5 89.7628247856 54.2222222222 1.0 2.5 9.0,3,1.0,0.5 0.5 107.95030271 77.2222222222 1.0 2.5 9.0
0.5 0.5 107.95030271 77.2222222222 1.0 2.5 9.0,3,1.0,0.5 0.5 123.188880517 57.5555555556 1.0 2.5 9.0
0.5 0.5 123.188880517 57.5555555556 1.0 2.5 9.0,3,1.0,0.5 0.5 92.8548891194 54.8888888889 1.0 2.5 9.0
0.5 0.5 92.8548891194 54.8888888889 1.0 2.5 9.0,3,1.0,0.5 0.5 95.7976382369 55.1111111111 1.0 2.5 9.0
0.5 0.5 95.7976382369 55.1111111111 1.0 2.5 9.0,3,1.0,0.5 0.5 139.332037592 59.0 1.0 2.5 9.0
0.5 0.5 139.332037592 59.0 1.0 2.5 9.0,3,1.0,0.5 0.5 124.123807973 58.3333333333 1.0 2.5 9.0
0.5 0.5 124.123807973 58.3333333333 1.0 2.5 9.0,3,1.0,0.5 0.5 78.9733675831 55.1111111111 1.0 2.5 9.0
0.5 0.5 78.9733675831 55.1111111111 1.0 2.5 9.0,3,1.0,0.5 0.5 129.506061547 60.2222222222 1.0 2.5 9.0
0.5 0.5 129.506061547 60.2222222222 1.0 2.5 9.0,3,1.0,0.5 0.5 115.191018596 56.4444444444 1.0 2.5 9.0
0.5 0.5 115.191018596 56.4444444444 1.0 2.5 9.0,2,1.0,0.5 0.5 102.120817398 53.7777777778 1.0 2.5 9.0
0.5 0.5 102.120817398 53.7777777778 1.0 2.5 9.0,3,1.0,0.5 0.5 139.475804257 60.5555555556 1.0 2.5 9.0
0.5 0.5 139.475804257 60.5555555556 1.0 2.5 9.0,3,1.0,0.5 0.5 114.45936783 55.2222222222 1.0 2.5 9.0
0.0 0.0 250.0 150.0 0.0 3.5 6.0,1,-1.0,0.0 0.0 250.0 150.0 0.0 3.0 6.0
0.0 0.0 250.0 150.0 0.0 3.0 6.0,1,1.0,0.5 0.5 79.5227316614 50.1666666667 0.666666666667 2.5 6.0
0.5 0.5 79.5227316614 50.1666666667 0.666666666667 2.5 6.0,3,1.0,0.5 0.5 97.8020250702 52.7142857143 0.777777777778 2.5 7.0
0.5 0.5 97.8020250702 52.7142857143 0.777777777778 2.5 7.0,3,1.0,0.5 0.5 92.6929081355 54.25 0.888888888889 2.5 8.0
0.5 0.5 92.6929081355 54.25 0.888888888889 2.5 8.0,3,1.0,0.5 0.5 105.002337061 58.1111111111 1.0 2.5 9.0
0.5 0.5 105.002337061 58.1111111111 1.0 2.5 9.0,3,1.0,0.5 0.5 94.6896296997 56.0 1.0 2.5 9.0
0.5 0.5 94.6896296997 56.0 1.0 2.5 9.0,3,1.0,0.5 0.5 97.921675403 57.5555555556 1.0 2.5 9.0
0.5 0.5 97.921675403 57.5555555556 1.0 2.5 9.0,3,1.0,0.5 0.5 111.097768575 55.4444444444 1.0 2.5 9.0
0.5 0.5 111.097768575 55.4444444444 1.0 2.5 9.0,3,1.0,0.5 0.5 114.942116484 61.0 1.0 2.5 9.0
0.5 0.5 114.942116484 61.0 1.0 2.5 9.0,3,1.0,0.5 0.5 123.339241772 58.2222222222 1.0 2.5 9.0
0.5 0.5 123.339241772 58.2222222222 1.0 2.5 9.0,3,1.0,0.5 0.5 108.856086576 56.6666666667 1.0 2.5 9.0
0.5 0.5 108.856086576 56.6666666667 1.0 2.5 9.0,3,1.0,0.5 0.5 110.232715669 58.8888888889 1.0 2.5 9.0
0.5 0.5 110.232715669 58.8888888889 1.0 2.5 9.0,3,1.0,0.5 0.5 97.1889517403 55.3333333333 1.0 2.5 9.0
0.5 0.5 97.1889517403 55.3333333333 1.0 2.5 9.0,3,1.0,0.5 0.5 108.329446949 56.0 1.0 2.5 9.0
0.5 0.5 108.329446949 56.0 1.0 2.5 9.0,3,1.0,0.5 0.5 108.256027035 57.0 1.0 2.5 9.0
1.0 1.0 88.399609239 52.25 0.888888888889 1.5 8.0,0,1.0,1.0 1.0 88.261623058 53.0 0.888888888889 2.0 8.0
1.0 1.0 88.261623058 53.0 0.888888888889 2.0 8.0,3,1.0,1.0 1.0 87.2059664002 54.3333333333 1.0 2.0 9.0
1.0 1.0 87.2059664002 54.3333333333 1.0 2.0 9.0,0,1.0,0.5 0.5 103.847195542 57.1111111111 1.0 2.5 9.0
0.5 0.5 103.847195542 57.1111111111 1.0 2.5 9.0,3,1.0,0.5 0.5 105.781890346 55.3333333333 1.0 2.5 9.0
0.5 0.5 105.781890346 55.3333333333 1.0 2.5 9.0,3,1.0,0.5 0.5 113.371721577 57.1111111111 1.0 2.5 9.0
0.5 0.5 113.371721577 57.1111111111 1.0 2.5 9.0,3,1.0,0.5 0.5 107.442023867 55.8888888889 1.0 2.5 9.0
0.5 0.5 107.442023867 55.8888888889 1.0 2.5 9.0,3,1.0,0.5 0.5 101.520537148 55.3333333333 1.0 2.5 9.0
0.5 0.5 101.520537148 55.3333333333 1.0 2.5 9.0,3,1.0,0.5 0.5 94.6458789735 55.8888888889 1.0 2.5 9.0
0.5 0.5 94.6458789735 55.8888888889 1.0 2.5 9.0,3,1.0,0.5 0.5 127.245686973 56.8888888889 1.0 2.5 9.0
0.5 0.5 127.245686973 56.8888888889 1.0 2.5 9.0,3,1.0,0.5 0.5 114.487944886 58.7777777778 1.0 2.5 9.0
0.5 0.5 114.487944886 58.7777777778 1.0 2.5 9.0,3,1.0,0.5 0.5 112.691495447 61.3333333333 1.0 2.5 9.0
0.5 0.5 112.691495447 61.3333333333 1.0 2.5 9.0,3,1.0,0.5 0.5 105.000497421 57.5555555556 1.0 2.5 9.0
0.5 0.5 105.000497421 57.5555555556 1.0 2.5 9.0,3,1.0,0.5 0.5 136.617761499 60.6666666667 1.0 2.5 9.0
0.5 0.5 136.617761499 60.6666666667 1.0 2.5 9.0,3,1.0,0.5 0.5 111.525918195 55.4444444444 1.0 2.5 9.0
0.5 0.5 111.525918195 55.4444444444 1.0 2.5 9.0,3,1.0,0.5 0.5 116.279813727 56.2222222222 1.0 2.5 9.0
1.0 1.0 97.4564266628 54.8888888889 1.0 1.0 9.0,0,1.0,1.0 1.0 87.3286207833 54.0 1.0 1.5 9.0
1.0 1.0 87.3286207833 54.0 1.0 1.5 9.0,0,1.0,1.0 1.0 87.3286207833 54.6666666667 1.0 2.0 9.0
1.0 1.0 87.3286207833 54.6666666667 1.0 2.0 9.0,0,1.0,0.5 0.5 117.394390729 57.5555555556 1.0 2.5 9.0
0.5 0.5 117.394390729 57.5555555556 1.0 2.5 9.0,3,1.0,0.5 0.5 122.759578139 58.2222222222 1.0 2.5 9.0
0.5 0.5 122.759578139 58.2222222222 1.0 2.5 9.0,3,1.0,0.5 0.5 112.776827895 57.0 1.0 2.5 9.0
0.5 0.5 112.776827895 57.0 1.0 2.5 9.0,2,1.0,0.5 0.5 90.5851352159 57.1111111111 1.0 2.5 9.0
0.5 0.5 90.5851352159 57.1111111111 1.0 2.5 9.0,3,1.0,0.5 0.5 95.886101537 55.4444444444 1.0 2.5 9.0
0.5 0.5 95.886101537 55.4444444444 1.0 2.5 9.0,3,1.0,0.5 0.5 111.886517533 56.8888888889 1.0 2.5 9.0
0.5 0.5 111.886517533 56.8888888889 1.0 2.5 9.0,3,1.0,0.5 0.5 114.936073385 61.8888888889 1.0 2.5 9.0
0.5 0.5 114.936073385 61.8888888889 1.0 2.5 9.0,3,1.0,0.5 0.5 121.150158724 57.7777777778 1.0 2.5 9.0
0.5 0.5 121.150158724 57.7777777778 1.0 2.5 9.0,3,1.0,0.5 0.5 102.420794683 57.3333333333 1.0 2.5 9.0
0.5 0.5 102.420794683 57.3333333333 1.0 2.5 9.0,3,1.0,0.5 0.5 92.6549005402 55.4444444444 1.0 2.5 9.0
0.5 0.5 92.6549005402 55.4444444444 1.0 2.5 9.0,2,1.0,0.5 0.5 103.196141319 54.8888888889 1.0 2.5 9.0
0.5 0.5 103.196141319 54.8888888889 1.0 2.5 9.0,3,1.0,0.5 0.5 116.132010062 57.3333333333 1.0 2.5 9.0
0.5 0.5 116.132010062 57.3333333333 1.0 2.5 9.0,3,1.0,0.5 0.5 102.091801154 56.4444444444 1.0 2.5 9.0
0.5 0.5 127.654523688 57.5555555556 1.0 2.5 9.0,3,1.0,0.5 0.5 91.3709853989 56.4444444444 1.0 2.5 9.0
0.5 0.5 91.3709853989 56.4444444444 1.0 2.5 9.0,3,1.0,0.5 0.5 114.778029264 56.4444444444 1.0 2.5 9.0
0.5 0.5 114.778029264 56.4444444444 1.0 2.5 9.0,3,1.0,0.5 0.5 113.453402339 56.2222222222 1.0 2.5 9.0
0.5 0.5 113.453402339 56.2222222222 1.0 2.5 9.0,3,1.0,0.5 0.5 126.07497051 57.5555555556 1.0 2.5 9.0
0.5 0.5 126.07497051 57.5555555556 1.0 2.5 9.0,3,1.0,0.5 0.5 105.161246207 57.7777777778 1.0 2.5 9.0
0.5 0.5 105.161246207 57.7777777778 1.0 2.5 9.0,3,1.0,0.5 0.5 98.1724768625 56.2222222222 1.0 2.5 9.0
0.5 0.5 98.1724768625 56.2222222222 1.0 2.5 9.0,3,1.0,0.5 0.5 102.762158286 55.2222222222 1.0 2.5 9.0
0.5 0.5 102.762158286 55.2222222222 1.0 2.5 9.0,3,1.0,0.5 0.5 132.147065506 57.0 1.0 2.5 9.0
0.5 0.5 132.147065506 57.0 1.0 2.5 9.0,3,1.0,0.5 0.5 120.742219341 57.3333333333 1.0 2.5 9.0
0.5 0.5 120.742219341 57.3333333333 1.0 2.5 9.0,3,1.0,0.5 0.5 105.397961695 57.5555555556 1.0 2.5 9.0
0.5 0.5 105.397961695 57.5555555556 1.0 2.5 9.0,3,1.0,0.5 0.5 103.190208258 55.7777777778 1.0 2.5 9.0
0.5 0.5 103.190208258 55.7777777778 1.0 2.5 9.0,3,1.0,0.5 0.5 134.453839132 60.2222222222 1.0 2.5 9.0
0.5 0.5 134.453839132 60.2222222222 1.0 2.5 9.0,3,1.0,0.5 0.5 109.002359477 57.2222222222 1.0 2.5 9.0
0.5 0.5 109.002359477 57.2222222222 1.0 2.5 9.0,3,1.0,0.5 0.5 89.1445950561 55.3333333333 1.0 2.5 9.0
0.5 0.5 89.1445950561 55.3333333333 1.0 2.5 9.0,3,1.0,0.5 0.5 108.310922116 55.5555555556 1.0 2.5 9.0
0.0 0.0 250.0 150.0 0.0 4.0 8.0,3,-1.0,0.0 0.0 250.0 150.0 0.0 4.0 9.0
0.0 0.0 250.0 150.0 0.0 4.0 9.0,1,-1.0,0.0 0.0 250.0 150.0 0.0 3.5 9.0
0.0 0.0 250.0 150.0 0.0 3.5 9.0,1,-1.0,0.0 0.0 250.0 150.0 0.0 3.0 9.0
0.0 0.0 250.0 150.0 0.0 3.0 9.0,1,1.0,0.5 0.5 88.2168643113 55.7777777778 1.0 2.5 9.0
0.5 0.5 88.2168643113 55.7777777778 1.0 2.5 9.0,3,1.0,0.5 0.5 98.9512628312 56.1111111111 1.0 2.5 9.0
0.5 0.5 98.9512628312 56.1111111111 1.0 2.5 9.0,3,1.0,0.5 0.5 118.806059261 57.1111111111 1.0 2.5 9.0
0.5 0.5 118.806059261 57.1111111111 1.0 2.5 9.0,3,1.0,0.5 0.5 116.785196614 55.0 1.0 2.5 9.0
0.5 0.5 116.785196614 55.0 1.0 2.5 9.0,3,1.0,0.5 0.5 83.5052462021 55.7777777778 1.0 2.5 9.0
0.5 0.5 83.5052462021 55.7777777778 1.0 2.5 9.0,3,1.0,0.5 0.5 98.1155535328 56.4444444444 1.0 2.5 9.0
0.5 0.5 98.1155535328 56.4444444444 1.0 2.5 9.0,3,1.0,0.5 0.5 89.6900455518 54.2222222222 1.0 2.5 9.0
0.5 0.5 89.6900455518 54.2222222222 1.0 2.5 9.0,3,1.0,0.5 0.5 108.108880377 57.8888888889 1.0 2.5 9.0
0.5 0.5 108.108880377 57.8888888889 1.0 2.5 9.0,3,1.0,0.5 0.5 84.6575437447 54.4444444444 1.0 2.5 9.0
0.5 0.5 84.6575437447 54.4444444444 1.0 2.5 9.0,3,1.0,0.5 0.5 95.4605223673 56.1111111111 1.0 2.5 9.0
0.5 0.5 95.4605223673 56.1111111111 1.0 2.5 9.0,3,1.0,0.5 0.5 101.354540177 56.3333333333 1.0 2.5 9.0
0.5 0.5 101.354540177 56.3333333333 1.0 2.5 9.0,3,1.0,0.5 0.5 124.404581459 57.4444444444 1.0 2.5 9.0
1.0 1.0 74.4032913494 46.6 0.555555555556 1.0 5.0,3,1.0,1.0 1.0 76.9916846393 48.8333333333 0.666666666667 1.0 6.0
1.0 1.0 76.9916846393 48.8333333333 0.666666666667 1.0 6.0,0,1.0,1.0 1.0 76.9916846393 48.6666666667 0.666666666667 1.5 6.0
1.0 1.0 76.9916846393 48.6666666667 0.666666666667 1.5 6.0,3,1.0,1.0 1.0 79.6046346728 51.2857142857 0.777777777778 1.5 7.0
1.0 1.0 79.6046346728 51.2857142857 0.777777777778 1.5 7.0,3,1.0,1.0 1.0 88.399609239 52.5 0.888888888889 1.5 8.0
1.0 1.0 88.399609239 52.5 0.888888888889 1.5 8.0,0,1.0,1.0 1.0 88.261623058 53.125 0.888888888889 2.0 8.0
1.0 1.0 88.261623058 53.125 0.888888888889 2.0 8.0,0,1.0,0.5 0.5 119.313646947 54.75 0.888888888889 2.5 8.0
0.5 0.5 119.313646947 54.75 0.888888888889 2.5 8.0,3,1.0,0.5 0.5 97.1227079957 56.6666666667 1.0 2.5 9.0
0.5 0.5 97.1227079957 56.6666666667 1.0 2.5 9.0,3,1.0,0.5 0.5 101.470757576 57.4444444444 1.0 2.5 9.0
0.5 0.5 101.470757576 57.4444444444 1.0 2.5 9.0,3,1.0,0.5 0.5 109.232925948 55.3333333333 1.0 2.5 9.0
0.5 0.5 109.232925948 55.3333333333 1.0 2.5 9.0,3,1.0,0.5 0.5 103.852060066 56.5555555556 1.0 2.5 9.0
0.5 0.5 103.852060066 56.5555555556 1.0 2.5 9.0,3,1.0,0.5 0.5 110.700988274 55.8888888889 1.0 2.5 9.0
0.5 0.5 110.700988274 55.8888888889 1.0 2.5 9.0,3,1.0,0.5 0.5 111.329899255 56.4444444444 1.0 2.5 9.0
0.5 0.5 111.329899255 56.4444444444 1.0 2.5 9.0,3,1.0,0.5 0.5 110.564141781 56.7777777778 1.0 2.5 9.0
0.5 0.5 110.564141781 56.7777777778 1.0 2.5 9.0,3,1.0,0.5 0.5 119.34301036 58.4444444444 1.0 2.5 9.0
0.5 0.5 119.34301036 58.4444444444 1.0 2.5 9.0,3,1.0,0.5 0.5 109.203987835 57.6666666667 1.0 2.5 9.0
1.0 1.0 81.5807763595 54.0 1.0 1.0 9.0,0,1.0,1.0 1.0 87.2059664002 54.2222222222 1.0 1.5 9.0
1.0 1.0 87.2059664002 54.2222222222 1.0 1.5 9.0,0,1.0,1.0 1.0 87.2059664002 54.2222222222 1.0 2.0 9.0
1.0 1.0 87.2059664002 54.2222222222 1.0 2.0 9.0,0,1.0,0.5 0.5 98.040301201 54.8888888889 1.0 2.5 9.0
0.5 0.5 98.040301201 54.8888888889 1.0 2.5 9.0,3,1.0,0.5 0.5 122.348267471 56.4444444444 1.0 2.5 9.0
0.5 0.5 122.348267471 56.4444444444 1.0 2.5 9.0,3,1.0,0.5 0.5 96.9608331997 56.0 1.0 2.5 9.0
0.5 0.5 96.9608331997 56.0 1.0 2.5 9.0,3,1.0,0.5 0.5 122.701816735 55.5555555556 1.0 2.5 9.0
0.5 0.5 122.701816735 55.5555555556 1.0 2.5 9.0,3,1.0,0.5 0.5 136.525407602 58.6666666667 1.0 2.5 9.0
0.5 0.5 136.525407602 58.6666666667 1.0 2.5 9.0,3,1.0,0.5 0.5 120.770853684 61.2222222222 1.0 2.5 9.0
0.5 0.5 120.770853684 61.2222222222 1.0 2.5 9.0,3,1.0,0.5 0.5 107.148660796 56.3333333333 1.0 2.5 9.0
0.5 0.5 107.148660796 56.3333333333 1.0 2.5 9.0,3,1.0,0.5 0.5 118.114479675 55.7777777778 1.0 2.5 9.0
0.5 0.5 118.114479675 55.7777777778 1.0 2.5 9.0,3,1.0,0.5 0.5 96.1663921857 54.7777777778 1.0 2.5 9.0
0.5 0.5 96.1663921857 54.7777777778 1.0 2.5 9.0,3,1.0,0.5 0.5 112.009234047 54.8888888889 1.0 2.5 9.0
0.5 0.5 112.009234047 54.8888888889 1.0 2.5 9.0,3,1.0,0.5 0.5 99.6339160213 56.4444444444 1.0 2.5 9.0
0.5 0.5 99.6339160213 56.4444444444 1.0 2.5 9.0,2,1.0,0.5 0.5 117.113963243 57.5555555556 1.0 2.5 9.0
0.5 0.5 117.113963243 57.5555555556 1.0 2.5 9.0,3,1.0,0.5 0.5 121.764311701 59.1111111111 1.0 2.5 9.0
1.0 1.0 84.756697195 54.6666666667 1.0 1.0 9.0,0,1.0,1.0 1.0 87.3286207833 54.4444444444 1.0 1.5 9.0
1.0 1.0 87.3286207833 54.4444444444 1.0 1.5 9.0,0,1.0,1.0 1.0 87.3286207833 54.0 1.0 2.0 9.0
1.0 1.0 87.3286207833 54.0 1.0 2.0 9.0,0,1.0,0.5 0.5 94.1302211536 55.5555555556 1.0 2.5 9.0
0.5 0.5 94.1302211536 55.5555555556 1.0 2.5 9.0,3,1.0,0.5 0.5 86.6553997309 55.5555555556 1.0 2.5 9.0
0.5 0.5 86.6553997309 55.5555555556 1.0 2.5 9.0,3,1.0,0.5 0.5 111.255507852 54.8888888889 1.0 2.5 9.0
0.5 0.5 111.255507852 54.8888888889 1.0 2.5 9.0,3,1.0,0.5 0.5 110.910881925 57.5555555556 1.0 2.5 9.0
0.5 0.5 110.910881925 57.5555555556 1.0 2.5 9.0,3,1.0,0.5 0.5 113.97604072 59.5555555556 1.0 2.5 9.0
0.5 0.5 113.97604072 59.5555555556 1.0 2.5 9.0,3,1.0,0.5 0.5 110.557925121 56.5555555556 1.0 2.5 9.0
0.5 0.5 110.557925121 56.5555555556 1.0 2.5 9.0,2,1.0,0.5 0.5 106.66188623 57.3333333333 1.0 2.5 9.0
0.5 0.5 106.66188623 57.3333333333 1.0 2.5 9.0,3,1.0,0.5 0.5 112.057231909 55.8888888889 1.0 2.5 9.0
0.5 0.5 112.057231909 55.8888888889 1.0 2.5 9.0,3,1.0,0.5 0.5 109.218344475 56.2222222222 1.0 2.5 9.0
0.5 0.5 109.218344475 56.2222222222 1.0 2.5 9.0,3,1.0,0.5 0.5 81.31713218 54.1111111111 1.0 2.5 9.0
0.5 0.5 81.31713218 54.1111111111 1.0 2.5 9.0,3,1.0,0.5 0.5 130.189073384 58.1111111111 1.0 2.5 9.0
0.5 0.5 130.189073384 58.1111111111 1.0 2.5 9.0,3,1.0,0.5 0.5 105.550675858 57.5555555556 1.0 2.5 9.0
0.5 0.5 105.550675858 57.5555555556 1.0 2.5 9.0,3,1.0,0.5 0.5 116.876419045 57.1111111111 1.0 2.5 9.0
1.0 1.0 97.6509658213 54.5555555556 1.0 1.5 9.0,0,1.0,1.0 1.0 87.5284527686 54.1111111111 1.0 2.0 9.0
1.0 1.0 87.5284527686 54.1111111111 1.0 2.0 9.0,0,1.0,0.5 0.5 104.26895177 57.0 1.0 2.5 9.0
0.5 0.5 104.26895177 57.0 1.0 2.5 9.0,3,1.0,0.5 0.5 93.4335802173 53.6666666667 1.0 2.5 9.0
0.5 0.5 93.4335802173 53.6666666667 1.0 2.5 9.0,3,1.0,0.5 0.5 115.539444902 56.8888888889 1.0 2.5 9.0
0.5 0.5 115.539444902 56.8888888889 1.0 2.5 9.0,3,1.0,0.5 0.5 113.116887494 56.5555555556 1.0 2.5 9.0
0.5 0.5 113.116887494 56.5555555556 1.0 2.5 9.0,3,1.0,0.5 0.5 129.464281202 59.4444444444 1.0 2.5 9.0
0.5 0.5 129.464281202 59.4444444444 1.0 2.5 9.0,3,1.0,0.5 0.5 113.166194507 55.3333333333 1.0 2.5 9.0
0.5 0.5 113.166194507 55.3333333333 1.0 2.5 9.0,3,1.0,0.5 0.5 108.732666325 55.0 1.0 2.5 9.0
0.5 0.5 108.732666325 55.0 1.0 2.5 9.0,3,1.0,0.5 0.5 104.305569551 56.3333333333 1.0 2.5 9.0
0.5 0.5 104.305569551 56.3333333333 1.0 2.5 9.0,3,1.0,0.5 0.5 134.156796448 61.4444444444 1.0 2.5 9.0
0.5 0.5 134.156796448 61.4444444444 1.0 2.5 9.0,3,1.0,0.5 0.5 118.524104618 57.0 1.0 2.5 9.0
0.5 0.5 118.524104618 57.0 1.0 2.5 9.0,3,1.0,0.5 0.5 118.755790223 57.3333333333 1.0 2.5 9.0
0.5 0.5 118.755790223 57.3333333333 1.0 2.5 9.0,3,1.0,0.5 0.5 98.717318745 59.3333333333 1.0 2.5 9.0
0.5 0.5 98.717318745 59.3333333333 1.0 2.5 9.0,3,1.0,0.5 0.5 109.85322511 57.2222222222 1.0 2.5 9.0
0.5 0.5 109.85322511 57.2222222222 1.0 2.5 9.0,3,1.0,0.5 0.5 114.240258067 58.5555555556 1.0 2.5 9.0
1.0 1.0 87.3286207833 54.0 1.0 0.5 9.0,0,1.0,1.0 1.0 87.3286207833 54.1111111111 1.0 1.0 9.0
1.0 1.0 87.3286207833 54.1111111111 1.0 1.0 9.0,0,1.0,1.0 1.0 87.3286207833 54.1111111111 1.0 1.5 9.0
1.0 1.0 87.3286207833 54.1111111111 1.0 1.5 9.0,0,1.0,1.0 1.0 87.2519136156 54.0 1.0 2.0 9.0
1.0 1.0 87.2519136156 54.0 1.0 2.0 9.0,0,1.0,0.5 0.5 114.857475921 56.6666666667 1.0 2.5 9.0
0.5 0.5 114.857475921 56.6666666667 1.0 2.5 9.0,3,1.0,0.5 0.5 111.478057384 57.1111111111 1.0 2.5 9.0
0.5 0.5 111.478057384 57.1111111111 1.0 2.5 9.0,3,1.0,0.5 0.5 86.3496985852 55.4444444444 1.0 2.5 9.0
0.5 0.5 86.3496985852 55.4444444444 1.0 2.5 9.0,3,1.0,0.5 0.5 99.6504858543 55.3333333333 1.0 2.5 9.0
0.5 0.5 99.6504858543 55.3333333333 1.0 2.5 9.0,3,1.0,0.5 0.5 112.891488083 55.4444444444 1.0 2.5 9.0
0.5 0.5 112.891488083 55.4444444444 1.0 2.5 9.0,3,1.0,0.5 0.5 95.8836876732 56.5555555556 1.0 2.5 9.0
0.5 0.5 95.8836876732 56.5555555556 1.0 2.5 9.0,3,1.0,0.5 0.5 124.72291779 57.7777777778 1.0 2.5 9.0
0.5 0.5 124.72291779 57.7777777778 1.0 2.5 9.0,3,1.0,0.5 0.5 115.619522151 54.5555555556 1.0 2.5 9.0
0.5 0.5 115.619522151 54.5555555556 1.0 2.5 9.0,3,1.0,0.5 0.5 101.257084064 55.7777777778 1.0 2.5 9.0
0.5 0.5 101.257084064 55.7777777778 1.0 2.5 9.0,3,1.0,0.5 0.5 82.5341739777 55.7777777778 1.0 2.5 9.0
0.5 0.5 82.5341739777 55.7777777778 1.0 2.5 9.0,3,1.0,0.5 0.5 119.54674431 56.1111111111 1.0 2.5 9.0
0.5 0.5 119.54674431 56.1111111111 1.0 2.5 9.0,3,1.0,0.5 0.5 119.907128031 58.8888888889 1.0 2.5 9.0
1.0 1.0 76.9916846393 48.5 0.666666666667 1.5 6.0,0,1.0,1.0 1.0 76.9916846393 48.8333333333 0.666666666667 2.0 6.0
1.0 1.0 76.9916846393 48.8333333333 0.666666666667 2.0 6.0,3,1.0,1.0 1.0 79.6046346728 51.2857142857 0.777777777778 2.0 7.0
1.0 1.0 79.6046346728 51.2857142857 0.777777777778 2.0 7.0,3,1.0,1.0 1.0 88.399609239 52.75 0.888888888889 2.0 8.0
1.0 1.0 88.399609239 52.75 0.888888888889 2.0 8.0,0,1.0,0.5 0.5 109.747634147 55.875 0.888888888889 2.5 8.0
0.5 0.5 109.747634147 55.875 0.888888888889 2.5 8.0,3,1.0,0.5 0.5 118.181649145 55.5555555556 1.0 2.5 9.0
0.5 0.5 118.181649145 55.5555555556 1.0 2.5 9.0,3,1.0,0.5 0.5 116.813141333 56.7777777778 1.0 2.5 9.0
0.5 0.5 116.813141333 56.7777777778 1.0 2.5 9.0,4,-1.0,0.5 0.5 92.4806469439 53.75 0.888888888889 2.5 8.0
0.5 0.5 92.4806469439 53.75 0.888888888889 2.5 8.0,3,1.0,0.5 0.5 137.408805013 61.1111111111 1.0 2.5 9.0
0.5 0.5 137.408805013 61.1111111111 1.0 2.5 9.0,3,1.0,0.5 0.5 107.003320856 55.3333333333 1.0 2.5 9.0
0.5 0.5 107.003320856 55.3333333333 1.0 2.5 9.0,3,1.0,0.5 0.5 96.1701425155 56.0 1.0 2.5 9.0
0.5 0.5 96.1701425155 56.0 1.0 2.5 9.0,3,1.0,0.5 0.5 100.132055941 57.6666666667 1.0 2.5 9.0
0.5 0.5 100.132055941 57.6666666667 1.0 2.5 9.0,3,1.0,0.5 0.5 105.55295714 62.1111111111 1.0 2.5 9.0
0.5 0.5 105.55295714 62.1111111111 1.0 2.5 9.0,3,1.0,0.5 0.5 100.171883817 55.0 1.0 2.5 9.0
0.5 0.5 100.171883817 55.0 1.0 2.5 9.0,3,1.0,0.5 0.5 114.068913268 56.8888888889 1.0 2.5 9.0
0.5 0.5 114.068913268 56.8888888889 1.0 2.5 9.0,2,1.0,0.5 0.5 144.021090231 61.2222222222 1.0 2.5 9.0
1.0 1.0 76.9916846393 48.5 0.666666666667 1.5 6.0,3,1.0,1.0 1.0 79.6046346728 51.0 0.777777777778 1.5 7.0
1.0 1.0 79.6046346728 51.0 0.777777777778 1.5 7.0,0,1.0,1.0 1.0 80.17413868 51.4285714286 0.777777777778 2.0 7.0
1.0 1.0 80.17413868 51.4285714286 0.777777777778 2.0 7.0,3,1.0,1.0 1.0 88.3466296537 52.75 0.888888888889 2.0 8.0
1.0 1.0 88.3466296537 52.75 0.888888888889 2.0 8.0,0,1.0,0.5 0.5 109.042994537 55.75 0.888888888889 2.5 8.0
0.5 0.5 109.042994537 55.75 0.888888888889 2.5 8.0,3,1.0,0.5 0.5 122.801607128 56.4444444444 1.0 2.5 9.0
0.5 0.5 122.801607128 56.4444444444 1.0 2.5 9.0,3,1.0,0.5 0.5 104.49273366 56.0 1.0 2.5 9.0
0.5 0.5 104.49273366 56.0 1.0 2.5 9.0,3,1.0,0.5 0.5 103.043482955 57.0 1.0 2.5 9.0
0.5 0.5 103.043482955 57.0 1.0 2.5 9.0,3,1.0,0.5 0.5 106.48939008 57.2222222222 1.0 2.5 9.0
0.5 0.5 106.48939008 57.2222222222 1.0 2.5 9.0,3,1.0,0.5 0.5 102.696430058 54.8888888889 1.0 2.5 9.0
0.5 0.5 102.696430058 54.8888888889 1.0 2.5 9.0,3,1.0,0.5 0.5 91.2272522089 56.2222222222 1.0 2.5 9.0
0.5 0.5 91.2272522089 56.2222222222 1.0 2.5 9.0,3,1.0,0.5 0.5 108.592375334 57.3333333333 1.0 2.5 9.0
0.5 0.5 108.592375334 57.3333333333 1.0 2.5 9.0,3,1.0,0.5 0.5 111.306808731 55.5555555556 1.0 2.5 9.0
0.5 0.5 111.306808731 55.5555555556 1.0 2.5 9.0,2,1.0,0.5 0.5 106.865619817 56.8888888889 1.0 2.5 9.0
0.5 0.5 106.865619817 56.8888888889 1.0 2.5 9.0,3,1.0,0.5 0.5 106.171733639 58.8888888889 1.0 2.5 9.0
0.5 0.5 106.171733639 58.8888888889 1.0 2.5 9.0,3,1.0,0.5 0.5 117.479562186 58.7777777778 1.0 2.5 9.0
0.0 0.0 250.0 150.0 0.0 4.0 5.0,1,-1.0,0.0 0.0 250.0 150.0 0.0 3.5 5.0
0.0 0.0 250.0 150.0 0.0 3.5 5.0,1,-1.0,0.0 0.0 250.0 150.0 0.0 3.0 5.0
0.0 0.0 250.0 150.0 0.0 3.0 5.0,1,1.0,0.5 0.5 110.227197311 49.8 0.555555555556 2.5 5.0
0.5 0.5 110.227197311 49.8 0.555555555556 2.5 5.0,3,1.0,0.5 0.5 108.543466938 56.1666666667 0.666666666667 2.5 6.0
0.5 0.5 108.543466938 56.1666666667 0.666666666667 2.5 6.0,3,1.0,0.5 0.5 143.006298274 59.0 0.777777777778 2.5 7.0
0.5 0.5 143.006298274 59.0 0.777777777778 2.5 7.0,3,1.0,0.5 0.5 119.106893166 55.875 0.888888888889 2.5 8.0
0.5 0.5 119.106893166 55.875 0.888888888889 2.5 8.0,3,1.0,0.5 0.5 99.0352834588 55.3333333333 1.0 2.5 9.0
0.5 0.5 99.0352834588 55.3333333333 1.0 2.5 9.0,3,1.0,0.5 0.5 85.5834362462 55.4444444444 1.0 2.5 9.0
0.5 0.5 85.5834362462 55.4444444444 1.0 2.5 9.0,3,1.0,0.5 0.5 111.48462712 56.1111111111 1.0 2.5 9.0
0.5 0.5 111.48462712 56.1111111111 1.0 2.5 9.0,3,1.0,0.5 0.5 114.265893585 55.3333333333 1.0 2.5 9.0
0.5 0.5 114.265893585 55.3333333333 1.0 2.5 9.0,3,1.0,0.5 0.5 115.367353245 56.5555555556 1.0 2.5 9.0
0.5 0.5 115.367353245 56.5555555556 1.0 2.5 9.0,3,1.0,0.5 0.5 115.277161055 57.4444444444 1.0 2.5 9.0
0.5 0.5 115.277161055 57.4444444444 1.0 2.5 9.0,3,1.0,0.5 0.5 106.992064788 56.2222222222 1.0 2.5 9.0
0.5 0.5 106.992064788 56.2222222222 1.0 2.5 9.0,3,1.0,0.5 0.5 112.539515567 56.6666666667 1.0 2.5 9.0
0.5 0.5 112.539515567 56.6666666667 1.0 2.5 9.0,3,1.0,0.5 0.5 86.6239923852 54.7777777778 1.0 2.5 9.0
0.0 0.0 250.0 150.0 0.0 3.0 9.0,1,1.0,0.5 0.5 109.186945215 56.1111111111 1.0 2.5 9.0
0.5 0.5 109.186945215 56.1111111111 1.0 2.5 9.0,3,1.0,0.5 0.5 93.7916532524 57.8888888889 1.0 2.5 9.0
0.5 0.5 93.7916532524 57.8888888889 1.0 2.5 9.0,3,1.0,0.5 0.5 135.822942265 58.3333333333 1.0 2.5 9.0
0.5 0.5 135.822942265 58.3333333333 1.0 2.5 9.0,3,1.0,0.5 0.5 100.055923065 55.7777777778 1.0 2.5 9.0
0.5 0.5 100.055923065 55.7777777778 1.0 2.5 9.0,3,1.0,0.5 0.5 96.6890357204 54.0 1.0 2.5 9.0
0.5 0.5 96.6890357204 54.0 1.0 2.5 9.0,3,1.0,0.5 0.5 110.77467654 56.1111111111 1.0 2.5 9.0
0.5 0.5 110.77467654 56.1111111111 1.0 2.5 9.0,3,1.0,0.5 0.5 84.1600286941 54.6666666667 1.0 2.5 9.0
0.5 0.5 84.1600286941 54.6666666667 1.0 2.5 9.0,3,1.0,0.5 0.5 92.7709047521 54.3333333333 1.0 2.5 9.0
0.5 0.5 92.7709047521 54.3333333333 1.0 2.5 9.0,3,1.0,0.5 0.5 114.711231851 57.4444444444 1.0 2.5 9.0
0.5 0.5 114.711231851 57.4444444444 1.0 2.5 9.0,1,-1.0,1.0 1.0 84.756697195 54.3333333333 1.0 2.0 9.0
1.0 1.0 84.756697195 54.3333333333 1.0 2.0 9.0,0,1.0,0.5 0.5 82.4938912449 54.5555555556 1.0 2.5 9.0
0.5 0.5 82.4938912449 54.5555555556 1.0 2.5 9.0,3,1.0,0.5 0.5 97.5490838937 56.0 1.0 2.5 9.0
0.5 0.5 97.5490838937 56.0 1.0 2.5 9.0,3,1.0,0.5 0.5 87.2803414657 54.2222222222 1.0 2.5 9.0
0.5 0.5 87.2803414657 54.2222222222 1.0 2.5 9.0,3,1.0,0.5 0.5 127.242153835 57.6666666667 1.0 2.5 9.0
0.5 0.5 127.242153835 57.6666666667 1.0 2.5 9.0,3,1.0,0.5 0.5 124.062635307 59.5555555556 1.0 2.5 9.0
1.0 1.0 79.6046346728 50.8571428571 0.777777777778 1.5 7.0,0,1.0,1.0 1.0 79.6046346728 51.0 0.777777777778 2.0 7.0
1.0 1.0 79.6046346728 51.0 0.777777777778 2.0 7.0,3,1.0,1.0 1.0 88.399609239 52.875 0.888888888889 2.0 8.0
1.0 1.0 88.399609239 52.875 0.888888888889 2.0 8.0,0,1.0,0.5 0.5 89.2861952795 53.0 0.888888888889 2.5 8.0
0.5 0.5 89.2861952795 53.0 0.888888888889 2.5 8.0,3,1.0,0.5 0.5 112.166422672 56.6666666667 1.0 2.5 9.0
0.5 0.5 112.166422672 56.6666666667 1.0 2.5 9.0,3,1.0,0.5 0.5 103.561326492 54.8888888889 1.0 2.5 9.0
0.5 0.5 103.561326492 54.8888888889 1.0 2.5 9.0,3,1.0,0.5 0.5 109.474266252 54.3333333333 1.0 2.5 9.0
0.5 0.5 109.474266252 54.3333333333 1.0 2.5 9.0,3,1.0,0.5 0.5 85.3598167488 53.1111111111 1.0 2.5 9.0
0.5 0.5 85.3598167488 53.1111111111 1.0 2.5 9.0,3,1.0,0.5 0.5 116.40074379 58.7777777778 1.0 2.5 9.0
0.5 0.5 116.40074379 58.7777777778 1.0 2.5 9.0,3,1.0,0.5 0.5 107.953627691 56.3333333333 1.0 2.5 9.0
0.5 0.5 107.953627691 56.3333333333 1.0 2.5 9.0,3,1.0,0.5 0.5 90.966062194 54.5555555556 1.0 2.5 9.0
0.5 0.5 90.966062194 54.5555555556 1.0 2.5 9.0,3,1.0,0.5 0.5 100.295318447 54.2222222222 1.0 2.5 9.0
0.5 0.5 100.295318447 54.2222222222 1.0 2.5 9.0,3,1.0,0.5 0.5 135.193320511 61.3333333333 1.0 2.5 9.0
0.5 0.5 135.193320511 61.3333333333 1.0 2.5 9.0,3,1.0,0.5 0.5 109.947597025 61.4444444444 1.0 2.5 9.0
0.5 0.5 109.947597025 61.4444444444 1.0 2.5 9.0,3,1.0,0.5 0.5 107.190774345 58.4444444444 1.0 2.5 9.0
0.5 0.5 107.190774345 58.4444444444 1.0 2.5 9.0,3,1.0,0.5 0.5 113.585568175 56.3333333333 1.0 2.5 9.0
1.0 1.0 87.4813598038 54.6666666667 1.0 0.5 9.0,0,1.0,1.0 1.0 87.3286207833 54.2222222222 1.0 1.0 9.0
1.0 1.0 87.3286207833 54.2222222222 1.0 1.0 9.0,0,1.0,1.0 1.0 87.3286207833 54.2222222222 1.0 1.5 9.0
1.0 1.0 87.3286207833 54.2222222222 1.0 1.5 9.0,0,1.0,1.0 1.0 87.2059664002 54.2222222222 1.0 2.0 9.0
1.0 1.0 87.2059664002 54.2222222222 1.0 2.0 9.0,0,1.0,0.5 0.5 107.589629856 55.6666666667 1.0 2.5 9.0
0.5 0.5 107.589629856 55.6666666667 1.0 2.5 9.0,3,1.0,0.5 0.5 109.839776744 56.1111111111 1.0 2.5 9.0
0.5 0.5 109.839776744 56.1111111111 1.0 2.5 9.0,2,1.0,0.5 0.5 82.2945750707 53.7777777778 1.0 2.5 9.0
0.5 0.5 82.2945750707 53.7777777778 1.0 2.5 9.0,3,1.0,0.5 0.5 128.154077884 58.1111111111 1.0 2.5 9.0
0.5 0.5 128.154077884 58.1111111111 1.0 2.5 9.0,3,1.0,0.5 0.5 99.6406084201 73.3333333333 1.0 2.5 9.0
0.5 0.5 99.6406084201 73.3333333333 1.0 2.5 9.0,3,1.0,0.5 0.5 106.008592342 56.8888888889 1.0 2.5 9.0
0.5 0.5 106.008592342 56.8888888889 1.0 2.5 9.0,3,1.0,0.5 0.5 127.167879452 59.3333333333 1.0 2.5 9.0
0.5 0.5 127.167879452 59.3333333333 1.0 2.5 9.0,3,1.0,0.5 0.5 124.523099989 59.2222222222 1.0 2.5 9.0
0.5 0.5 124.523099989 59.2222222222 1.0 2.5 9.0,3,1.0,0.5 0.5 117.60912003 56.4444444444 1.0 2.5 9.0
0.5 0.5 117.60912003 56.4444444444 1.0 2.5 9.0,3,1.0,0.5 0.5 117.162834164 56.3333333333 1.0 2.5 9.0
0.5 0.5 117.162834164 56.3333333333 1.0 2.5 9.0,3,1.0,0.5 0.5 106.419761841 55.6666666667 1.0 2.5 9.0
0.5 0.5 106.419761841 55.6666666667 1.0 2.5 9.0,3,1.0,0.5 0.5 97.5391169991 54.4444444444 1.0 2.5 9.0
0.5 0.5 104.414046756 57.1111111111 1.0 2.5 9.0,3,1.0,0.5 0.5 112.792117585 57.2222222222 1.0 2.5 9.0
0.5 0.5 112.792117585 57.2222222222 1.0 2.5 9.0,3,1.0,0.5 0.5 90.3507301001 55.5555555556 1.0 2.5 9.0
0.5 0.5 90.3507301001 55.5555555556 1.0 2.5 9.0,3,1.0,0.5 0.5 95.8163775785 55.6666666667 1.0 2.5 9.0
0.5 0.5 95.8163775785 55.6666666667 1.0 2.5 9.0,3,1.0,0.5 0.5 130.035545757 59.2222222222 1.0 2.5 9.0
0.5 0.5 130.035545757 59.2222222222 1.0 2.5 9.0,2,1.0,0.5 0.5 121.12510574 56.5555555556 1.0 2.5 9.0
0.5 0.5 121.12510574 56.5555555556 1.0 2.5 9.0,3,1.0,0.5 0.5 83.3368233993 54.2222222222 1.0 2.5 9.0
0.5 0.5 83.3368233993 54.2222222222 1.0 2.5 9.0,3,1.0,0.5 0.5 90.8900659895 55.2222222222 1.0 2.5 9.0
0.5 0.5 90.8900659895 55.2222222222 1.0 2.5 9.0,3,1.0,0.5 0.5 107.283100362 55.6666666667 1.0 2.5 9.0
0.5 0.5 107.283100362 55.6666666667 1.0 2.5 9.0,3,1.0,0.5 0.5 120.469168136 56.8888888889 1.0 2.5 9.0
0.5 0.5 120.469168136 56.8888888889 1.0 2.5 9.0,3,1.0,0.5 0.5 163.8815234 59.3333333333 1.0 2.5 9.0
0.5 0.5 163.8815234 59.3333333333 1.0 2.5 9.0,3,1.0,0.5 0.5 95.4181920965 56.2222222222 1.0 2.5 9.0
0.5 0.5 95.4181920965 56.2222222222 1.0 2.5 9.0,3,1.0,0.5 0.5 103.44198794 55.8888888889 1.0 2.5 9.0
0.5 0.5 103.44198794 55.8888888889 1.0 2.5 9.0,3,1.0,0.5 0.5 83.9664198493 55.1111111111 1.0 2.5 9.0
0.5 0.5 83.9664198493 55.1111111111 1.0 2.5 9.0,3,1.0,0.5 0.5 101.566604831 55.3333333333 1.0 2.5 9.0
0.5 0.5 101.566604831 55.3333333333 1.0 2.5 9.0,2,1.0,0.5 0.5 110.896644309 58.3333333333 1.0 2.5 9.0
1.0 1.0 74.4032913494 45.4 0.555555555556 0.5 5.0,0,1.0,1.0 1.0 74.4032913494 46.2 0.555555555556 1.0 5.0
1.0 1.0 74.4032913494 46.2 0.555555555556 1.0 5.0,3,1.0,1.0 1.0 76.9916846393 49.0 0.666666666667 1.0 6.0
1.0 1.0 76.9916846393 49.0 0.666666666667 1.0 6.0,0,1.0,1.0 1.0 76.9916846393 48.5 0.666666666667 1.5 6.0
1.0 1.0 76.9916846393 48.5 0.666666666667 1.5 6.0,0,1.0,1.0 1.0 76.9916846393 48.8333333333 0.666666666667 2.0 6.0
1.0 1.0 76.9916846393 48.8333333333 0.666666666667 2.0 6.0,3,1.0,1.0 1.0 79.6046346728 51.4285714286 0.777777777778 2.0 7.0
1.0 1.0 79.6046346728 51.4285714286 0.777777777778 2.0 7.0,0,1.0,0.5 0.5 137.874979723 57.8571428571 0.777777777778 2.5 7.0
0.5 0.5 137.874979723 57.8571428571 0.777777777778 2.5 7.0,3,1.0,0.5 0.5 112.844692295 54.375 0.888888888889 2.5 8.0
0.5 0.5 112.844692295 54.375 0.888888888889 2.5 8.0,3,1.0,0.5 0.5 115.590878528 57.2222222222 1.0 2.5 9.0
0.5 0.5 115.590878528 57.2222222222 1.0 2.5 9.0,3,1.0,0.5 0.5 100.793625154 56.4444444444 1.0 2.5 9.0
0.5 0.5 100.793625154 56.4444444444 1.0 2.5 9.0,3,1.0,0.5 0.5 124.557513988 57.4444444444 1.0 2.5 9.0
0.5 0.5 124.557513988 57.4444444444 1.0 2.5 9.0,3,1.0,0.5 0.5 96.4098429961 55.4444444444 1.0 2.5 9.0
0.5 0.5 96.4098429961 55.4444444444 1.0 2.5 9.0,3,1.0,0.5 0.5 118.88748483 60.0 1.0 2.5 9.0
0.5 0.5 118.88748483 60.0 1.0 2.5 9.0,3,1.0,0.5 0.5 107.21036536 56.2222222222 1.0 2.5 9.0
0.5 0.5 107.21036536 56.2222222222 1.0 2.5 9.0,3,1.0,0.5 0.5 95.0898450139 55.2222222222 1.0 2.5 9.0
0.5 0.5 95.0898450139 55.2222222222 1.0 2.5 9.0,3,1.0,0.5 0.5 115.208410002 56.6666666667 1.0 2.5 9.0
0.0 0.0 250.0 150.0 0.0 4.0 9.0,1,-1.0,0.0 0.0 250.0 150.0 0.0 3.5 9.0
0.0 0.0 250.0 150.0 0.0 3.5 9.0,1,-1.0,0.0 0.0 250.0 150.0 0.0 3.0 9.0
0.0 0.0 250.0 150.0 0.0 3.0 9.0,1,1.0,0.5 0.5 118.366271561 60.2222222222 1.0 2.5 9.0
0.5 0.5 118.366271561 60.2222222222 1.0 2.5 9.0,3,1.0,0.5 0.5 122.603364749 58.0 1.0 2.5 9.0
0.5 0.5 122.603364749 58.0 1.0 2.5 9.0,3,1.0,0.5 0.5 100.215595808 54.7777777778 1.0 2.5 9.0
0.5 0.5 100.215595808 54.7777777778 1.0 2.5 9.0,3,1.0,0.5 0.5 128.985903749 57.8888888889 1.0 2.5 9.0
0.5 0.5 128.985903749 57.8888888889 1.0 2.5 9.0,2,1.0,0.5 0.5 104.373855203 56.8888888889 1.0 2.5 9.0
0.5 0.5 104.373855203 56.8888888889 1.0 2.5 9.0,3,1.0,0.5 0.5 113.669075626 56.2222222222 1.0 2.5 9.0
0.5 0.5 113.669075626 56.2222222222 1.0 2.5 9.0,3,1.0,0.5 0.5 98.7977096081 54.2222222222 1.0 2.5 9.0
0.5 0.5 98.7977096081 54.2222222222 1.0 2.5 9.0,3,1.0,0.5 0.5 120.011309641 59.5555555556 1.0 2.5 9.0
0.5 0.5 120.011309641 59.5555555556 1.0 2.5 9.0,3,1.0,0.5 0.5 121.57059865 56.7777777778 1.0 2.5 9.0
0.5 0.5 121.57059865 56.7777777778 1.0 2.5 9.0,3,1.0,0.5 0.5 104.601191398 58.8888888889 1.0 2.5 9.0
0.5 0.5 104.601191398 58.8888888889 1.0 2.5 9.0,3,1.0,0.5 0.5 105.540687841 55.1111111111 1.0 2.5 9.0
0.5 0.5 105.540687841 55.1111111111 1.0 2.5 9.0,3,1.0,0.5 0.5 85.532984373 54.7777777778 1.0 2.5 9.0
0.5 0.5 85.532984373 54.7777777778 1.0 2.5 9.0,3,1.0,0.5 0.5 123.547920898 56.3333333333 1.0 2.5 9.0
1.0 1.0 87.243179442 52.0 0.777777777778 1.0 7.0,0,1.0,1.0 1.0 79.6046346728 51.4285714286 0.777777777778 1.5 7.0
1.0 1.0 79.6046346728 51.4285714286 0.777777777778 1.5 7.0,0,1.0,1.0 1.0 79.6046346728 51.0 0.777777777778 2.0 7.0
1.0 1.0 79.6046346728 51.0 0.777777777778 2.0 7.0,0,1.0,0.5 0.5 96.2869139584 53.0 0.777777777778 2.5 7.0
0.5 0.5 96.2869139584 53.0 0.777777777778 2.5 7.0,3,1.0,0.5 0.5 114.249340475 56.75 0.888888888889 2.5 8.0
0.5 0.5 114.249340475 56.75 0.888888888889 2.5 8.0,3,1.0,0.5 0.5 117.791994328 56.2222222222 1.0 2.5 9.0
0.5 0.5 117.791994328 56.2222222222 1.0 2.5 9.0,3,1.0,0.5 0.5 99.7449424008 55.5555555556 1.0 2.5 9.0
0.5 0.5 99.7449424008 55.5555555556 1.0 2.5 9.0,3,1.0,0.5 0.5 108.267660649 56.4444444444 1.0 2.5 9.0
0.5 0.5 108.267660649 56.4444444444 1.0 2.5 9.0,3,1.0,0.5 0.5 99.6786823489 55.8888888889 1.0 2.5 9.0
0.5 0.5 99.6786823489 55.8888888889 1.0 2.5 9.0,3,1.0,0.5 0.5 126.489168858 59.1111111111 1.0 2.5 9.0
0.5 0.5 126.489168858 59.1111111111 1.0 2.5 9.0,3,1.0,0.5 0.5 78.6897514456 54.4444444444 1.0 2.5 9.0
0.5 0.5 78.6897514456 54.4444444444 1.0 2.5 9.0,3,1.0,0.5 0.5 124.741801413 58.6666666667 1.0 2.5 9.0
0.5 0.5 124.741801413 58.6666666667 1.0 2.5 9.0,3,1.0,0.5 0.5 101.870462552 55.1111111111 1.0 2.5 9.0
0.5 0.5 101.870462552 55.1111111111 1.0 2.5 9.0,2,1.0,0.5 0.5 105.120678652 58.6666666667 1.0 2.5 9.0
0.5 0.5 105.120678652 58.6666666667 1.0 2.5 9.0,3,1.0,0.5 0.5 98.6743694112 55.1111111111 1.0 2.5 9.0
0.5 0.5 98.6743694112 55.1111111111 1.0 2.5 9.0,3,1.0,0.5 0.5 145.267571232 59.1111111111 1.0 2.5 9.0
0.0 0.0 250.0 150.0 0.0 3.0 9.0,1,1.0,0.5 0.5 98.8611808356 55.8888888889 1.0 2.5 9.0
0.5 0.5 98.8611808356 55.8888888889 1.0 2.5 9.0,2,1.0,0.5 0.5 104.566835363 56.4444444444 1.0 2.5 9.0
0.5 0.5 104.566835363 56.4444444444 1.0 2.5 9.0,3,1.0,0.5 0.5 104.076963109 56.1111111111 1.0 2.5 9.0
0.5 0.5 104.076963109 56.1111111111 1.0 2.5 9.0,3,1.0,0.5 0.5 114.265738786 54.1111111111 1.0 2.5 9.0
0.5 0.5 114.265738786 54.1111111111 1.0 2.5 9.0,2,1.0,0.5 0.5 134.906337101 59.0 1.0 2.5 9.0
0.5 0.5 134.906337101 59.0 1.0 2.5 9.0,3,1.0,0.5 0.5 88.5220308539 54.8888888889 1.0 2.5 9.0
0.5 0.5 88.5220308539 54.8888888889 1.0 2.5 9.0,3,1.0,0.5 0.5 109.200631582 55.6666666667 1.0 2.5 9.0
0.5 0.5 109.200631582 55.6666666667 1.0 2.5 9.0,3,1.0,0.5 0.5 101.806257921 55.4444444444 1.0 2.5 9.0
0.5 0.5 101.806257921 55.4444444444 1.0 2.5 9.0,2,1.0,0.5 0.5 133.312453766 56.0 1.0 2.5 9.0
0.5 0.5 133.312453766 56.0 1.0 2.5 9.0,2,1.0,0.5 0.5 109.959965594 56.6666666667 1.0 2.5 9.0
0.5 0.5 109.959965594 56.6666666667 1.0 2.5 9.0,3,1.0,0.5 0.5 144.201250681 60.4444444444 1.0 2.5 9.0
0.5 0.5 144.201250681 60.4444444444 1.0 2.5 9.0,3,1.0,0.5 0.5 121.405201485 56.2222222222 1.0 2.5 9.0
0.5 0.5 121.405201485 56.2222222222 1.0 2.5 9.0,2,1.0,0.5 0.5 100.033303693 56.6666666667 1.0 2.5 9.0
0.5 0.5 100.033303693 56.6666666667 1.0 2.5 9.0,3,1.0,0.5 0.5 110.205370381 57.0 1.0 2.5 9.0
0.5 0.5 110.205370381 57.0 1.0 2.5 9.0,3,1.0,0.5 0.5 100.002862081 56.4444444444 1.0 2.5 9.0
0.5 0.5 98.5511287012 56.4444444444 1.0 2.5 9.0,3,1.0,0.5 0.5 108.044121872 55.2222222222 1.0 2.5 9.0
0.5 0.5 108.044121872 55.2222222222 1.0 2.5 9.0,3,1.0,0.5 0.5 97.4062246179 55.7777777778 1.0 2.5 9.0
0.5 0.5 97.4062246179 55.7777777778 1.0 2.5 9.0,3,1.0,0.5 0.5 99.9115041465 55.5555555556 1.0 2.5 9.0
0.5 0.5 99.9115041465 55.5555555556 1.0 2.5 9.0,2,1.0,0.5 0.5 96.4812438642 55.7777777778 1.0 2.5 9.0
0.5 0.5 96.4812438642 55.7777777778 1.0 2.5 9.0,3,1.0,0.5 0.5 109.279563485 55.8888888889 1.0 2.5 9.0
0.5 0.5 109.279563485 55.8888888889 1.0 2.5 9.0,3,1.0,0.5 0.5 93.705847525 54.4444444444 1.0 2.5 9.0
0.5 0.5 93.705847525 54.4444444444 1.0 2.5 9.0,3,1.0,0.5 0.5 95.4199644071 55.2222222222 1.0 2.5 9.0
0.5 0.5 95.4199644071 55.2222222222 1.0 2.5 9.0,3,1.0,0.5 0.5 112.916728633 56.2222222222 1.0 2.5 9.0
0.5 0.5 112.916728633 56.2222222222 1.0 2.5 9.0,3,1.0,0.5 0.5 108.968806227 56.2222222222 1.0 2.5 9.0
0.5 0.5 108.968806227 56.2222222222 1.0 2.5 9.0,3,1.0,0.5 0.5 87.5405789563 54.7777777778 1.0 2.5 9.0
0.5 0.5 87.5405789563 54.7777777778 1.0 2.5 9.0,3,1.0,0.5 0.5 103.077923366 56.8888888889 1.0 2.5 9.0
0.5 0.5 103.077923366 56.8888888889 1.0 2.5 9.0,3,1.0,0.5 0.5 103.908864422 54.3333333333 1.0 2.5 9.0
0.5 0.5 103.908864422 54.3333333333 1.0 2.5 9.0,3,1.0,0.5 0.5 96.1933481958 56.0 1.0 2.5 9.0
0.5 0.5 96.1933481958 56.0 1.0 2.5 9.0,3,1.0,0.5 0.5 93.5249042888 55.2222222222 1.0 2.5 9.0
0.5 0.5 93.5249042888 55.2222222222 1.0 2.5 9.0,3,1.0,0.5 0.5 101.657797484 56.5555555556 1.0 2.5 9.0
1.0 1.0 76.9916846393 48.8333333333 0.666666666667 0.5 6.0,0,1.0,1.0 1.0 76.9916846393 48.6666666667 0.666666666667 1.0 6.0
1.0 1.0 76.9916846393 48.6666666667 0.666666666667 1.0 6.0,0,1.0,1.0 1.0 76.9916846393 48.6666666667 0.666666666667 1.5 6.0
1.0 1.0 76.9916846393 48.6666666667 0.666666666667 1.5 6.0,3,1.0,1.0 1.0 79.6046346728 50.8571428571 0.777777777778 1.5 7.0
1.0 1.0 79.6046346728 50.8571428571 0.777777777778 1.5 7.0,0,1.0,1.0 1.0 79.6046346728 51.2857142857 0.777777777778 2.0 7.0
1.0 1.0 79.6046346728 51.2857142857 0.777777777778 2.0 7.0,0,1.0,0.5 0.5 150.860516065 57.0 0.777777777778 2.5 7.0
0.5 0.5 150.860516065 57.0 0.777777777778 2.5 7.0,3,1.0,0.5 0.5 107.623374427 58.25 0.888888888889 2.5 8.0
0.5 0.5 107.623374427 58.25 0.888888888889 2.5 8.0,3,1.0,0.5 0.5 86.1694412737 55.1111111111 1.0 2.5 9.0
0.5 0.5 86.1694412737 55.1111111111 1.0 2.5 9.0,3,1.0,0.5 0.5 97.8616137656 55.6666666667 1.0 2.5 9.0
0.5 0.5 97.8616137656 55.6666666667 1.0 2.5 9.0,3,1.0,0.5 0.5 118.300147551 57.8888888889 1.0 2.5 9.0
0.5 0.5 118.300147551 57.8888888889 1.0 2.5 9.0,2,1.0,0.5 0.5 109.64852584 57.8888888889 1.0 2.5 9.0
0.5 0.5 109.64852584 57.8888888889 1.0 2.5 9.0,3,1.0,0.5 0.5 99.8521395309 55.8888888889 1.0 2.5 9.0
0.5 0.5 99.8521395309 55.8888888889 1.0 2.5 9.0,3,1.0,0.5 0.5 110.810694175 57.1111111111 1.0 2.5 9.0
0.5 0.5 110.810694175 57.1111111111 1.0 2.5 9.0,3,1.0,0.5 0.5 110.083089626 54.8888888889 1.0 2.5 9.0
0.5 0.5 110.083089626 54.8888888889 1.0 2.5 9.0,3,1.0,0.5 0.5 120.728280518 56.2222222222 1.0 2.5 9.0
0.5 0.5 120.728280518 56.2222222222 1.0 2.5 9.0,2,1.0,0.5 0.5 120.290028553 58.3333333333 1.0 2.5 9.0
0.5 0.5 94.2480206342 53.875 0.888888888889 2.5 8.0,3,1.0,0.5 0.5 113.166735414 57.1111111111 1.0 2.5 9.0
0.5 0.5 113.166735414 57.1111111111 1.0 2.5 9.0,3,1.0,0.5 0.5 106.704985648 55.1111111111 1.0 2.5 9.0
0.5 0.5 106.704985648 55.1111111111 1.0 2.5 9.0,3,1.0,0.5 0.5 129.54875137 58.6666666667 1.0 2.5 9.0
0.5 0.5 129.54875137 58.6666666667 1.0 2.5 9.0,3,1.0,0.5 0.5 111.185095133 56.7777777778 1.0 2.5 9.0
0.5 0.5 111.185095133 56.7777777778 1.0 2.5 9.0,3,1.0,0.5 0.5 128.709855464 57.7777777778 1.0 2.5 9.0
0.5 0.5 128.709855464 57.7777777778 1.0 2.5 9.0,3,1.0,0.5 0.5 118.270848049 58.7777777778 1.0 2.5 9.0
0.5 0.5 118.270848049 58.7777777778 1.0 2.5 9.0,3,1.0,0.5 0.5 124.977071295 57.3333333333 1.0 2.5 9.0
0.5 0.5 124.977071295 57.3333333333 1.0 2.5 9.0,3,1.0,0.5 0.5 89.2719937475 54.4444444444 1.0 2.5 9.0
0.5 0.5 89.2719937475 54.4444444444 1.0 2.5 9.0,3,1.0,0.5 0.5 114.814304652 55.6666666667 1.0 2.5 9.0
0.5 0.5 114.814304652 55.6666666667 1.0 2.5 9.0,3,1.0,0.5 0.5 93.2091831829 55.1111111111 1.0 2.5 9.0
0.5 0.5 93.2091831829 55.1111111111 1.0 2.5 9.0,3,1.0,0.5 0.5 106.145587338 55.4444444444 1.0 2.5 9.0
0.5 0.5 106.145587338 55.4444444444 1.0 2.5 9.0,3,1.0,0.5 0.5 124.436290737 58.1111111111 1.0 2.5 9.0
0.5 0.5 124.436290737 58.1111111111 1.0 2.5 9.0,3,1.0,0.5 0.5 118.839299138 57.2222222222 1.0 2.5 9.0
0.5 0.5 118.839299138 57.2222222222 1.0 2.5 9.0,3,1.0,0.5 0.5 97.37179548 55.8888888889 1.0 2.5 9.0
0.5 0.5 97.37179548 55.8888888889 1.0 2.5 9.0,2,1.0,0.5 0.5 100.893470069 56.8888888889 1.0 2.5 9.0
1.0 1.0 84.2859013131 54.2222222222 1.0 2.0 9.0,0,1.0,0.5 0.5 117.111586488 57.3333333333 1.0 2.5 9.0
0.5 0.5 117.111586488 57.3333333333 1.0 2.5 9.0,3,1.0,0.5 0.5 106.055747112 58.6666666667 1.0 2.5 9.0
0.5 0.5 106.055747112 58.6666666667 1.0 2.5 9.0,3,1.0,0.5 0.5 96.2258631811 58.4444444444 1.0 2.5 9.0
0.5 0.5 96.2258631811 58.4444444444 1.0 2.5 9.0,3,1.0,0.5 0.5 103.782675708 55.8888888889 1.0 2.5 9.0
0.5 0.5 103.782675708 55.8888888889 1.0 2.5 9.0,2,1.0,0.5 0.5 112.82457096 61.7777777778 1.0 2.5 9.0
0.5 0.5 112.82457096 61.7777777778 1.0 2.5 9.0,3,1.0,0.5 0.5 110.523794294 56.3333333333 1.0 2.5 9.0
0.5 0.5 110.523794294 56.3333333333 1.0 2.5 9.0,3,1.0,0.5 0.5 104.021435361 56.2222222222 1.0 2.5 9.0
0.5 0.5 104.021435361 56.2222222222 1.0 2.5 9.0,2,1.0,0.5 0.5 104.216460302 56.5555555556 1.0 2.5 9.0
0.5 0.5 104.216460302 56.5555555556 1.0 2.5 9.0,3,1.0,0.5 0.5 112.960728936 56.1111111111 1.0 2.5 9.0
0.5 0.5 112.960728936 56.1111111111 1.0 2.5 9.0,3,1.0,0.5 0.5 110.55407388 58.4444444444 1.0 2.5 9.0
0.5 0.5 110.55407388 58.4444444444 1.0 2.5 9.0,2,1.0,0.5 0.5 108.643904569 55.4444444444 1.0 2.5 9.0
0.5 0.5 108.643904569 55.4444444444 1.0 2.5 9.0,3,1.0,0.5 0.5 111.28413515 56.8888888889 1.0 2.5 9.0
0.5 0.5 111.28413515 56.8888888889 1.0 2.5 9.0,3,1.0,0.5 0.5 108.199454179 55.7777777778 1.0 2.5 9.0
0.5 0.5 108.199454179 55.7777777778 1.0 2.5 9.0,3,1.0,0.5 0.5 129.652008609 58.0 1.0 2.5 9.0
0.5 0.5 129.652008609 58.0 1.0 2.5 9.0,3,1.0,0.5 0.5 110.157024582 57.0 1.0 2.5 9.0
0.0 0.0 250.0 150.0 0.0 4.0 9.0,1,-1.0,0.0 0.0 250.0 150.0 0.0 3.5 9.0
0.0 0.0 250.0 150.0 0.0 3.5 9.0,1,-1.0,0.0 0.0 250.0 150.0 0.0 3.0 9.0
0.0 0.0 250.0 150.0 0.0 3.0 9.0,1,1.0,0.5 0.5 119.096842633 60.6666666667 1.0 2.5 9.0
0.5 0.5 119.096842633 60.6666666667 1.0 2.5 9.0,3,1.0,0.5 0.5 100.223145379 58.0 1.0 2.5 9.0
0.5 0.5 100.223145379 58.0 1.0 2.5 9.0,3,1.0,0.5 0.5 124.012152053 59.3333333333 1.0 2.5 9.0
0.5 0.5 124.012152053 59.3333333333 1.0 2.5 9.0,2,1.0,0.5 0.5 88.2117268164 54.1111111111 1.0 2.5 9.0
0.5 0.5 88.2117268164 54.1111111111 1.0 2.5 9.0,3,1.0,0.5 0.5 115.61798085 60.2222222222 1.0 2.5 9.0
0.5 0.5 115.61798085 60.2222222222 1.0 2.5 9.0,3,1.0,0.5 0.5 102.610824779 54.8888888889 1.0 2.5 9.0
0.5 0.5 102.610824779 54.8888888889 1.0 2.5 9.0,3,1.0,0.5 0.5 100.376111827 55.2222222222 1.0 2.5 9.0
0.5 0.5 100.376111827 55.2222222222 1.0 2.5 9.0,3,1.0,0.5 0.5 138.766210815 59.1111111111 1.0 2.5 9.0
0.5 0.5 138.766210815 59.1111111111 1.0 2.5 9.0,3,1.0,0.5 0.5 124.951914115 57.0 1.0 2.5 9.0
0.5 0.5 124.951914115 57.0 1.0 2.5 9.0,2,1.0,0.5 0.5 132.304227706 58.6666666667 1.0 2.5 9.0
0.5 0.5 132.304227706 58.6666666667 1.0 2.5 9.0,3,1.0,0.5 0.5 108.154577237 56.1111111111 1.0 2.5 9.0
0.5 0.5 108.154577237 56.1111111111 1.0 2.5 9.0,3,1.0,0.5 0.5 125.411352343 57.2222222222 1.0 2.5 9.0
0.5 0.5 125.411352343 57.2222222222 1.0 2.5 9.0,2,1.0,0.5 0.5 99.7991023329 56.0 1.0 2.5 9.0
0.0 0.0 250.0 150.0 0.0 4.0 9.0,1,-1.0,0.0 0.0 250.0 150.0 0.0 3.5 9.0
0.0 0.0 250.0 150.0 0.0 3.5 9.0,1,-1.0,0.0 0.0 250.0 150.0 0.0 3.0 9.0
0.0 0.0 250.0 150.0 0.0 3.0 9.0,1,1.0,0.5 0.5 94.7847164927 72.8888888889 1.0 2.5 9.0
0.5 0.5 94.7847164927 72.8888888889 1.0 2.5 9.0,3,1.0,0.5 0.5 116.746519364 57.3333333333 1.0 2.5 9.0
0.5 0.5 116.746519364 57.3333333333 1.0 2.5 9.0,3,1.0,0.5 0.5 104.95063037 57.6666666667 1.0 2.5 9.0
0.5 0.5 104.95063037 57.6666666667 1.0 2.5 9.0,3,1.0,0.5 0.5 105.621664174 56.6666666667 1.0 2.5 9.0
0.5 0.5 105.621664174 56.6666666667 1.0 2.5 9.0,2,1.0,0.5 0.5 129.990372316 59.7777777778 1.0 2.5 9.0
0.5 0.5 129.990372316 59.7777777778 1.0 2.5 9.0,2,1.0,0.5 0.5 98.2069113707 57.0 1.0 2.5 9.0
0.5 0.5 98.2069113707 57.0 1.0 2.5 9.0,3,1.0,0.5 0.5 94.3264646428 54.8888888889 1.0 2.5 9.0
0.5 0.5 94.3264646428 54.8888888889 1.0 2.5 9.0,3,1.0,0.5 0.5 98.8708730888 55.5555555556 1.0 2.5 9.0
0.5 0.5 98.8708730888 55.5555555556 1.0 2.5 9.0,3,1.0,0.5 0.5 106.266980551 55.1111111111 1.0 2.5 9.0
0.5 0.5 106.266980551 55.1111111111 1.0 2.5 9.0,3,1.0,0.5 0.5 105.538025004 56.0 1.0 2.5 9.0
0.5 0.5 105.538025004 56.0 1.0 2.5 9.0,3,1.0,0.5 0.5 99.5717352109 56.2222222222 1.0 2.5 9.0
0.5 0.5 99.5717352109 56.2222222222 1.0 2.5 9.0,3,1.0,0.5 0.5 88.69070608 54.5555555556 1.0 2.5 9.0
0.5 0.5 88.69070608 54.5555555556 1.0 2.5 9.0,3,1.0,0.5 0.5 116.704600725 56.6666666667 1.0 2.5 9.0
0.0 0.0 250.0 150.0 0.0 3.5 7.0,1,-1.0,0.0 0.0 250.0 150.0 0.0 3.0 7.0
0.0 0.0 250.0 150.0 0.0 3.0 7.0,1,1.0,0.5 0.5 86.9264434331 51.5714285714 0.777777777778 2.5 7.0
0.5 0.5 86.9264434331 51.5714285714 0.777777777778 2.5 7.0,3,1.0,0.5 0.5 78.6758668184 54.25 0.888888888889 2.5 8.0
0.5 0.5 78.6758668184 54.25 0.888888888889 2.5 8.0,3,1.0,0.5 0.5 113.060625945 56.6666666667 1.0 2.5 9.0
0.5 0.5 113.060625945 56.6666666667 1.0 2.5 9.0,3,1.0,0.5 0.5 118.00880525 56.4444444444 1.0 2.5 9.0
0.5 0.5 118.00880525 56.4444444444 1.0 2.5 9.0,3,1.0,0.5 0.5 93.818213727 55.7777777778 1.0 2.5 9.0
0.5 0.5 93.818213727 55.7777777778 1.0 2.5 9.0,3,1.0,0.5 0.5 102.613587501 55.2222222222 1.0 2.5 9.0
0.5 0.5 102.613587501 55.2222222222 1.0 2.5 9.0,3,1.0,0.5 0.5 112.5846236 58.2222222222 1.0 2.5 9.0
0.5 0.5 112.5846236 58.2222222222 1.0 2.5 9.0,3,1.0,0.5 0.5 131.717300026 60.1111111111 1.0 2.5 9.0
0.5 0.5 131.717300026 60.1111111111 1.0 2.5 9.0,3,1.0,0.5 0.5 124.32313589 57.3333333333 1.0 2.5 9.0
0.5 0.5 124.32313589 57.3333333333 1.0 2.5 9.0,3,1.0,0.5 0.5 96.6679202487 55.0 1.0 2.5 9.0
0.5 0.5 96.6679202487 55.0 1.0 2.5 9.0,3,1.0,0.5 0.5 104.619286022 55.0 1.0 2.5 9.0
0.5 0.5 104.619286022 55.0 1.0 2.5 9.0,3,1.0,0.5 0.5 118.881045841 57.4444444444 1.0 2.5 9.0
0.5 0.5 118.881045841 57.4444444444 1.0 2.5 9.0,3,1.0,0.5 0.5 127.977794692 58.3333333333 1.0 2.5 9.0
0.5 0.5 127.977794692 58.3333333333 1.0 2.5 9.0,3,1.0,0.5 0.5 99.7759086265 55.3333333333 1.0 2.5 9.0
1.0 1.0 87.7244753797 54.3333333333 1.0 2.0 9.0,0,1.0,0.5 0.5 103.40935758 55.4444444444 1.0 2.5 9.0
0.5 0.5 103.40935758 55.4444444444 1.0 2.5 9.0,3,1.0,0.5 0.5 108.658718137 55.1111111111 1.0 2.5 9.0
0.5 0.5 108.658718137 55.1111111111 1.0 2.5 9.0,3,1.0,0.5 0.5 121.752092401 56.6666666667 1.0 2.5 9.0
0.5 0.5 121.752092401 56.6666666667 1.0 2.5 9.0,3,1.0,0.5 0.5 125.466478852 58.7777777778 1.0 2.5 9.0
0.5 0.5 125.466478852 58.7777777778 1.0 2.5 9.0,2,1.0,0.5 0.5 110.920666802 57.7777777778 1.0 2.5 9.0
0.5 0.5 110.920666802 57.7777777778 1.0 2.5 9.0,3,1.0,0.5 0.5 105.430513831 54.5555555556 1.0 2.5 9.0
0.5 0.5 105.430513831 54.5555555556 1.0 2.5 9.0,3,1.0,0.5 0.5 122.222326956 58.5555555556 1.0 2.5 9.0
0.5 0.5 122.222326956 58.5555555556 1.0 2.5 9.0,3,1.0,0.5 0.5 100.083639572 55.8888888889 1.0 2.5 9.0
0.5 0.5 100.083639572 55.8888888889 1.0 2.5 9.0,3,1.0,0.5 0.5 117.403626744 57.2222222222 1.0 2.5 9.0
0.5 0.5 117.403626744 57.2222222222 1.0 2.5 9.0,3,1.0,0.5 0.5 100.70322822 56.6666666667 1.0 2.5 9.0
0.5 0.5 100.70322822 56.6666666667 1.0 2.5 9.0,3,1.0,0.5 0.5 79.404819933 54.5555555556 1.0 2.5 9.0
0.5 0.5 79.404819933 54.5555555556 1.0 2.5 9.0,3,1.0,0.5 0.5 119.366042934 57.0 1.0 2.5 9.0
0.5 0.5 119.366042934 57.0 1.0 2.5 9.0,3,1.0,0.5 0.5 97.9725433322 55.3333333333 1.0 2.5 9.0
0.5 0.5 97.9725433322 55.3333333333 1.0 2.5 9.0,3,1.0,0.5 0.5 95.9048873013 55.4444444444 1.0 2.5 9.0
0.5 0.5 95.9048873013 55.4444444444 1.0 2.5 9.0,3,1.0,0.5 0.5 92.1736656302 57.3333333333 1.0 2.5 9.0
0.5 0.5 113.407378672 57.2222222222 1.0 2.5 9.0,3,1.0,0.5 0.5 122.041447426 57.2222222222 1.0 2.5 9.0
0.5 0.5 122.041447426 57.2222222222 1.0 2.5 9.0,3,1.0,0.5 0.5 134.623640193 60.8888888889 1.0 2.5 9.0
0.5 0.5 134.623640193 60.8888888889 1.0 2.5 9.0,3,1.0,0.5 0.5 101.075149456 56.0 1.0 2.5 9.0
0.5 0.5 101.075149456 56.0 1.0 2.5 9.0,3,1.0,0.5 0.5 88.365079251 54.5555555556 1.0 2.5 9.0
0.5 0.5 88.365079251 54.5555555556 1.0 2.5 9.0,3,1.0,0.5 0.5 103.062623766 55.7777777778 1.0 2.5 9.0
0.5 0.5 103.062623766 55.7777777778 1.0 2.5 9.0,3,1.0,0.5 0.5 104.017377664 56.4444444444 1.0 2.5 9.0
0.5 0.5 104.017377664 56.4444444444 1.0 2.5 9.0,3,1.0,0.5 0.5 116.527855592 58.8888888889 1.0 2.5 9.0
0.5 0.5 116.527855592 58.8888888889 1.0 2.5 9.0,3,1.0,0.5 0.5 111.881253647 57.3333333333 1.0 2.5 9.0
0.5 0.5 111.881253647 57.3333333333 1.0 2.5 9.0,3,1.0,0.5 0.5 128.694948805 57.7777777778 1.0 2.5 9.0
0.5 0.5 128.694948805 57.7777777778 1.0 2.5 9.0,2,1.0,0.5 0.5 89.2418436824 55.5555555556 1.0 2.5 9.0
0.5 0.5 89.2418436824 55.5555555556 1.0 2.5 9.0,3,1.0,0.5 0.5 115.422290379 58.1111111111 1.0 2.5 9.0
0.5 0.5 115.422290379 58.1111111111 1.0 2.5 9.0,2,1.0,0.5 0.5 84.2840429457 53.3333333333 1.0 2.5 9.0
0.5 0.5 84.2840429457 53.3333333333 1.0 2.5 9.0,3,1.0,0.5 0.5 96.7648201075 56.4444444444 1.0 2.5 9.0
0.5 0.5 96.7648201075 56.4444444444 1.0 2.5 9.0,3,1.0,0.5 0.5 126.311086319 56.5555555556 1.0 2.5 9.0
0.5 0.5 126.311086319 56.5555555556 1.0 2.5 9.0,3,1.0,0.5 0.5 99.6063311943 55.6666666667 1.0 2.5 9.0
0.0 0.0 250.0 150.0 0.0 4.0 9.0,1,-1.0,0.0 0.0 250.0 150.0 0.0 3.5 9.0
0.0 0.0 250.0 150.0 0.0 3.5 9.0,1,-1.0,0.0 0.0 250.0 150.0 0.0 3.0 9.0
0.0 0.0 250.0 150.0 0.0 3.0 9.0,1,1.0,0.5 0.5 132.853934126 59.6666666667 1.0 2.5 9.0
0.5 0.5 132.853934126 59.6666666667 1.0 2.5 9.0,3,1.0,0.5 0.5 102.010725301 56.7777777778 1.0 2.5 9.0
0.5 0.5 102.010725301 56.7777777778 1.0 2.5 9.0,3,1.0,0.5 0.5 107.393844845 55.2222222222 1.0 2.5 9.0
0.5 0.5 107.393844845 55.2222222222 1.0 2.5 9.0,3,1.0,0.5 0.5 91.5430804447 57.0 1.0 2.5 9.0
0.5 0.5 91.5430804447 57.0 1.0 2.5 9.0,2,1.0,0.5 0.5 104.266332147 57.2222222222 1.0 2.5 9.0
0.5 0.5 104.266332147 57.2222222222 1.0 2.5 9.0,3,1.0,0.5 0.5 138.519690683 58.2222222222 1.0 2.5 9.0
0.5 0.5 138.519690683 58.2222222222 1.0 2.5 9.0,2,1.0,0.5 0.5 108.926225275 54.8888888889 1.0 2.5 9.0
0.5 0.5 108.926225275 54.8888888889 1.0 2.5 9.0,3,1.0,0.5 0.5 105.238332804 58.3333333333 1.0 2.5 9.0
0.5 0.5 105.238332804 58.3333333333 1.0 2.5 9.0,3,1.0,0.5 0.5 107.147833411 55.6666666667 1.0 2.5 9.0
0.5 0.5 107.147833411 55.6666666667 1.0 2.5 9.0,3,1.0,0.5 0.5 116.459203674 55.3333333333 1.0 2.5 9.0
0.5 0.5 116.459203674 55.3333333333 1.0 2.5 9.0,2,1.0,0.5 0.5 118.249686925 55.6666666667 1.0 2.5 9.0
0.5 0.5 118.249686925 55.6666666667 1.0 2.5 9.0,3,1.0,0.5 0.5 114.397783784 57.5555555556 1.0 2.5 9.0
0.5 0.5 114.397783784 57.5555555556 1.0 2.5 9.0,2,1.0,0.5 0.5 97.6249484298 56.3333333333 1.0 2.5 9.0
1.0 1.0 87.9610089893 46.4 0.555555555556 0.5 5.0,0,1.0,1.0 1.0 74.1825134598 46.4 0.555555555556 1.0 5.0
1.0 1.0 74.1825134598 46.4 0.555555555556 1.0 5.0,3,1.0,1.0 1.0 76.9916846393 48.8333333333 0.666666666667 1.0 6.0
1.0 1.0 76.9916846393 48.8333333333 0.666666666667 1.0 6.0,0,1.0,1.0 1.0 76.9916846393 48.6666666667 0.666666666667 1.5 6.0
1.0 1.0 76.9916846393 48.6666666667 0.666666666667 1.5 6.0,0,1.0,1.0 1.0 76.9916846393 49.1666666667 0.666666666667 2.0 6.0
1.0 1.0 76.9916846393 49.1666666667 0.666666666667 2.0 6.0,3,1.0,1.0 1.0 79.6046346728 50.8571428571 0.777777777778 2.0 7.0
1.0 1.0 79.6046346728 50.8571428571 0.777777777778 2.0 7.0,3,1.0,1.0 1.0 88.399609239 52.5 0.888888888889 2.0 8.0
1.0 1.0 88.399609239 52.5 0.888888888889 2.0 8.0,0,1.0,0.5 0.5 92.4292055124 54.875 0.888888888889 2.5 8.0
0.5 0.5 92.4292055124 54.875 0.888888888889 2.5 8.0,3,1.0,0.5 0.5 102.459721492 55.6666666667 1.0 2.5 9.0
0.5 0.5 102.459721492 55.6666666667 1.0 2.5 9.0,3,1.0,0.5 0.5 112.80020924 56.3333333333 1.0 2.5 9.0
0.5 0.5 112.80020924 56.3333333333 1.0 2.5 9.0,3,1.0,0.5 0.5 104.950062274 56.5555555556 1.0 2.5 9.0
0.5 0.5 104.950062274 56.5555555556 1.0 2.5 9.0,3,1.0,0.5 0.5 108.804471292 54.4444444444 1.0 2.5 9.0
0.5 0.5 108.804471292 54.4444444444 1.0 2.5 9.0,3,1.0,0.5 0.5 111.809573438 57.5555555556 1.0 2.5 9.0
0.5 0.5 111.809573438 57.5555555556 1.0 2.5 9.0,3,1.0,0.5 0.5 94.4184179687 55.2222222222 1.0 2.5 9.0
0.5 0.5 94.4184179687 55.2222222222 1.0 2.5 9.0,3,1.0,0.5 0.5 148.000591734 58.8888888889 1.0 2.5 9.0
0.5 0.5 148.000591734 58.8888888889 1.0 2.5 9.0,3,1.0,0.5 0.5 118.114284655 57.7777777778 1.0 2.5 9.0
1.0 1.0 87.2059664002 54.6666666667 1.0 1.5 9.0,0,1.0,1.0 1.0 87.3286207833 54.0 1.0 2.0 9.0
1.0 1.0 87.3286207833 54.0 1.0 2.0 9.0,0,1.0,0.5 0.5 108.756228408 56.2222222222 1.0 2.5 9.0
0.5 0.5 108.756228408 56.2222222222 1.0 2.5 9.0,3,1.0,0.5 0.5 110.881845806 56.3333333333 1.0 2.5 9.0
0.5 0.5 110.881845806 56.3333333333 1.0 2.5 9.0,2,1.0,0.5 0.5 104.106594027 56.6666666667 1.0 2.5 9.0
0.5 0.5 104.106594027 56.6666666667 1.0 2.5 9.0,3,1.0,0.5 0.5 88.5880608753 56.6666666667 1.0 2.5 9.0
0.5 0.5 88.5880608753 56.6666666667 1.0 2.5 9.0,3,1.0,0.5 0.5 119.248368061 57.2222222222 1.0 2.5 9.0
0.5 0.5 119.248368061 57.2222222222 1.0 2.5 9.0,3,1.0,0.5 0.5 108.153349086 55.8888888889 1.0 2.5 9.0
