1.0 1.0 29.468709987 24.6666666667 1.0 0.5 9.0,2,1.0,1.0 1.0 29.468709987 24.6666666667 1.0 0.5 9.0
1.0 1.0 29.468709987 24.6666666667 1.0 0.5 9.0,3,1.0,1.0 1.0 52.5045861143 14.1111111111 1.0 0.5 9.0
1.0 1.0 52.5045861143 14.1111111111 1.0 0.5 9.0,4,-1.0,1.0 1.0 38.8800666501 10.25 0.888888888889 0.5 8.0
1.0 1.0 38.8800666501 10.25 0.888888888889 0.5 8.0,2,-1.0,1.0 1.0 38.8800666501 10.0 0.888888888889 0.5 8.0
1.0 1.0 38.8800666501 10.0 0.888888888889 0.5 8.0,4,-1.0,1.0 1.0 28.2651290319 6.57142857143 0.777777777778 0.5 7.0
1.0 1.0 28.2651290319 6.57142857143 0.777777777778 0.5 7.0,3,1.0,1.0 1.0 38.8800666501 10.25 0.888888888889 0.5 8.0
1.0 1.0 38.8800666501 10.25 0.888888888889 0.5 8.0,3,1.0,1.0 1.0 52.5045861143 13.8888888889 1.0 0.5 9.0
1.0 1.0 52.5045861143 13.8888888889 1.0 0.5 9.0,2,1.0,1.0 1.0 47.5404834427 22.4444444444 1.0 0.5 9.0
1.0 1.0 47.5404834427 22.4444444444 1.0 0.5 9.0,4,-1.0,1.0 1.0 38.8800666501 10.125 0.888888888889 0.5 8.0
1.0 1.0 38.8800666501 10.125 0.888888888889 0.5 8.0,2,-1.0,1.0 1.0 38.8800666501 10.375 0.888888888889 0.5 8.0
1.0 1.0 38.8800666501 10.375 0.888888888889 0.5 8.0,4,-1.0,1.0 1.0 28.2651290319 6.71428571429 0.777777777778 0.5 7.0
1.0 1.0 28.2651290319 6.71428571429 0.777777777778 0.5 7.0,4,-1.0,1.0 1.0 31.2913463045 7.5 0.666666666667 0.5 6.0
1.0 1.0 31.2913463045 7.5 0.666666666667 0.5 6.0,2,-1.0,1.0 1.0 31.2913463045 6.83333333333 0.666666666667 0.5 6.0
1.0 1.0 31.2913463045 6.83333333333 0.666666666667 0.5 6.0,1,-1.0,1.0 1.0 31.2913463045 6.5 0.666666666667 0.5 6.0
1.0 1.0 31.2913463045 6.5 0.666666666667 0.5 6.0,3,1.0,1.0 1.0 28.2651290319 6.42857142857 0.777777777778 0.5 7.0
1.0 1.0 42.2251548873 4.0 0.444444444444 0.5 4.0,2,-1.0,1.0 1.0 42.2251548873 4.25 0.444444444444 0.5 4.0
1.0 1.0 42.2251548873 4.25 0.444444444444 0.5 4.0,4,-1.0,1.0 1.0 26.2534093158 5.0 0.333333333333 0.5 3.0
1.0 1.0 26.2534093158 5.0 0.333333333333 0.5 3.0,4,-1.0,1.0 1.0 66.8074399165 0.0 0.222222222222 0.5 2.0
1.0 1.0 66.8074399165 0.0 0.222222222222 0.5 2.0,2,-1.0,1.0 1.0 28.9680949229 0.0 0.222222222222 0.5 2.0
1.0 1.0 28.9680949229 0.0 0.222222222222 0.5 2.0,3,1.0,1.0 1.0 51.4796393115 1.0 0.333333333333 0.5 3.0
1.0 1.0 51.4796393115 1.0 0.333333333333 0.5 3.0,0,1.0,1.0 1.0 51.4796393115 0.666666666667 0.333333333333 1.0 3.0
1.0 1.0 51.4796393115 0.666666666667 0.333333333333 1.0 3.0,2,-1.0,1.0 1.0 51.4796393115 0.333333333333 0.333333333333 1.0 3.0
1.0 1.0 51.4796393115 0.333333333333 0.333333333333 1.0 3.0,4,-1.0,1.0 1.0 66.8074399165 0.0 0.222222222222 1.0 2.0
1.0 1.0 66.8074399165 0.0 0.222222222222 1.0 2.0,2,-1.0,1.0 1.0 66.8074399165 0.0 0.222222222222 1.0 2.0
1.0 1.0 66.8074399165 0.0 0.222222222222 1.0 2.0,4,-1.0,1.0 1.0 108.222898324 0.0 0.111111111111 1.0 1.0
1.0 1.0 108.222898324 0.0 0.111111111111 1.0 1.0,3,1.0,1.0 1.0 93.7709244225 0.0 0.222222222222 1.0 2.0
1.0 1.0 93.7709244225 0.0 0.222222222222 1.0 2.0,0,1.0,1.0 1.0 66.8074399165 0.0 0.222222222222 1.5 2.0
1.0 1.0 66.8074399165 0.0 0.222222222222 1.5 2.0,4,-1.0,1.0 1.0 108.222898324 0.0 0.111111111111 1.5 1.0
1.0 1.0 108.222898324 0.0 0.111111111111 1.5 1.0,0,1.0,1.0 1.0 108.222898324 0.0 0.111111111111 2.0 1.0
1.0 1.0 108.222898324 0.0 0.111111111111 2.0 1.0,0,1.0,0.5 0.5 108.222898324 0.0 0.111111111111 2.5 1.0
1.0 1.0 42.2251548873 5.5 0.444444444444 1.0 4.0,2,-1.0,1.0 1.0 42.2251548873 5.75 0.444444444444 1.0 4.0
1.0 1.0 42.2251548873 5.75 0.444444444444 1.0 4.0,4,-1.0,1.0 1.0 51.4796393115 0.333333333333 0.333333333333 1.0 3.0
1.0 1.0 51.4796393115 0.333333333333 0.333333333333 1.0 3.0,0,1.0,1.0 1.0 51.4796393115 0.333333333333 0.333333333333 1.5 3.0
1.0 1.0 51.4796393115 0.333333333333 0.333333333333 1.5 3.0,0,1.0,1.0 1.0 51.4796393115 0.666666666667 0.333333333333 2.0 3.0
1.0 1.0 51.4796393115 0.666666666667 0.333333333333 2.0 3.0,3,1.0,1.0 1.0 42.2251548873 5.75 0.444444444444 2.0 4.0
1.0 1.0 42.2251548873 5.75 0.444444444444 2.0 4.0,4,-1.0,1.0 1.0 51.4796393115 2.66666666667 0.333333333333 2.0 3.0
1.0 1.0 51.4796393115 2.66666666667 0.333333333333 2.0 3.0,4,-1.0,1.0 1.0 66.8074399165 0.0 0.222222222222 2.0 2.0
1.0 1.0 66.8074399165 0.0 0.222222222222 2.0 2.0,3,1.0,1.0 1.0 51.4796393115 0.333333333333 0.333333333333 2.0 3.0
1.0 1.0 51.4796393115 0.333333333333 0.333333333333 2.0 3.0,1,-1.0,1.0 1.0 26.2534093158 5.0 0.333333333333 1.5 3.0
1.0 1.0 26.2534093158 5.0 0.333333333333 1.5 3.0,4,-1.0,1.0 1.0 66.8074399165 0.0 0.222222222222 1.5 2.0
1.0 1.0 66.8074399165 0.0 0.222222222222 1.5 2.0,4,-1.0,1.0 1.0 108.222898324 0.0 0.111111111111 1.5 1.0
1.0 1.0 108.222898324 0.0 0.111111111111 1.5 1.0,2,-1.0,1.0 1.0 108.222898324 0.0 0.111111111111 1.5 1.0
1.0 1.0 108.222898324 0.0 0.111111111111 1.5 1.0,1,-1.0,1.0 1.0 78.3259384493 0.0 0.111111111111 1.0 1.0
1.0 1.0 78.3259384493 0.0 0.111111111111 1.0 1.0,4,-1.0,1.0 1.0 108.222898324 0.0 0.111111111111 1.0 1.0
1.0 1.0 108.222898324 0.0 0.111111111111 1.0 1.0,4,-1.0,1.0 1.0 108.222898324 0.0 0.111111111111 1.0 1.0
0.0 0.0 250.0 150.0 0.0 3.5 1.0,2,-1.0,0.0 0.0 250.0 150.0 0.0 3.5 1.0
0.0 0.0 250.0 150.0 0.0 3.5 1.0,2,-1.0,0.0 0.0 250.0 150.0 0.0 3.5 1.0
0.0 0.0 250.0 150.0 0.0 3.5 1.0,2,-1.0,0.0 0.0 250.0 150.0 0.0 3.5 1.0
0.0 0.0 250.0 150.0 0.0 3.5 1.0,3,-1.0,0.0 0.0 250.0 150.0 0.0 3.5 2.0
0.0 0.0 250.0 150.0 0.0 3.5 2.0,4,-1.0,0.0 0.0 250.0 150.0 0.0 3.5 1.0
0.0 0.0 250.0 150.0 0.0 3.5 1.0,2,-1.0,0.0 0.0 250.0 150.0 0.0 3.5 1.0
0.0 0.0 250.0 150.0 0.0 3.5 1.0,3,-1.0,0.0 0.0 250.0 150.0 0.0 3.5 2.0
0.0 0.0 250.0 150.0 0.0 3.5 2.0,2,-1.0,0.0 0.0 250.0 150.0 0.0 3.5 2.0
0.0 0.0 250.0 150.0 0.0 3.5 2.0,0,-1.0,0.0 0.0 250.0 150.0 0.0 4.0 2.0
0.0 0.0 250.0 150.0 0.0 4.0 2.0,3,-1.0,0.0 0.0 250.0 150.0 0.0 4.0 3.0
0.0 0.0 250.0 150.0 0.0 4.0 3.0,2,-1.0,0.0 0.0 250.0 150.0 0.0 4.0 3.0
0.0 0.0 250.0 150.0 0.0 4.0 3.0,0,-1.0,0.0 0.0 250.0 150.0 0.0 4.0 3.0
0.0 0.0 250.0 150.0 0.0 4.0 3.0,0,-1.0,0.0 0.0 250.0 150.0 0.0 4.0 3.0
0.0 0.0 250.0 150.0 0.0 4.0 3.0,0,-1.0,0.0 0.0 250.0 150.0 0.0 4.0 3.0
0.0 0.0 250.0 150.0 0.0 4.0 3.0,2,-1.0,0.0 0.0 250.0 150.0 0.0 4.0 3.0
1.0 1.0 64.9372602785 2.33333333333 0.333333333333 1.0 3.0,0,1.0,1.0 1.0 51.4796393115 2.66666666667 0.333333333333 1.5 3.0
1.0 1.0 51.4796393115 2.66666666667 0.333333333333 1.5 3.0,1,-1.0,1.0 1.0 51.4796393115 0.666666666667 0.333333333333 1.0 3.0
1.0 1.0 51.4796393115 0.666666666667 0.333333333333 1.0 3.0,2,-1.0,1.0 1.0 51.4796393115 1.0 0.333333333333 1.0 3.0
1.0 1.0 51.4796393115 1.0 0.333333333333 1.0 3.0,2,-1.0,1.0 1.0 51.4796393115 2.66666666667 0.333333333333 1.0 3.0
1.0 1.0 51.4796393115 2.66666666667 0.333333333333 1.0 3.0,0,1.0,1.0 1.0 51.4796393115 2.66666666667 0.333333333333 1.5 3.0
1.0 1.0 51.4796393115 2.66666666667 0.333333333333 1.5 3.0,4,-1.0,1.0 1.0 66.8074399165 0.0 0.222222222222 1.5 2.0
1.0 1.0 66.8074399165 0.0 0.222222222222 1.5 2.0,0,1.0,1.0 1.0 66.8074399165 0.0 0.222222222222 2.0 2.0
1.0 1.0 66.8074399165 0.0 0.222222222222 2.0 2.0,0,1.0,0.5 0.5 106.108563751 18.5 0.222222222222 2.5 2.0
0.5 0.5 106.108563751 18.5 0.222222222222 2.5 2.0,0,-1.0,0.0 0.0 250.0 150.0 0.0 3.0 2.0
0.0 0.0 250.0 150.0 0.0 3.0 2.0,1,1.0,0.5 0.5 117.449354802 18.5 0.222222222222 2.5 2.0
0.5 0.5 117.449354802 18.5 0.222222222222 2.5 2.0,3,1.0,0.5 0.5 74.9266719447 5.0 0.333333333333 2.5 3.0
0.5 0.5 74.9266719447 5.0 0.333333333333 2.5 3.0,0,-1.0,0.0 0.0 250.0 150.0 0.0 3.0 3.0
0.0 0.0 250.0 150.0 0.0 3.0 3.0,1,1.0,0.5 0.5 70.1674895938 11.3333333333 0.333333333333 2.5 3.0
0.5 0.5 70.1674895938 11.3333333333 0.333333333333 2.5 3.0,4,-1.0,0.5 0.5 51.7277075947 0.0 0.222222222222 2.5 2.0
0.5 0.5 51.7277075947 0.0 0.222222222222 2.5 2.0,0,-1.0,0.0 0.0 250.0 150.0 0.0 3.0 2.0
0.0 0.0 250.0 150.0 0.0 3.5 1.0,3,-1.0,0.0 0.0 250.0 150.0 0.0 3.5 2.0
0.0 0.0 250.0 150.0 0.0 3.5 2.0,1,-1.0,0.0 0.0 250.0 150.0 0.0 3.0 2.0
0.0 0.0 250.0 150.0 0.0 3.0 2.0,3,-1.0,0.0 0.0 250.0 150.0 0.0 3.0 3.0
0.0 0.0 250.0 150.0 0.0 3.0 3.0,1,1.0,0.5 0.5 56.5675678244 2.33333333333 0.333333333333 2.5 3.0
0.5 0.5 56.5675678244 2.33333333333 0.333333333333 2.5 3.0,1,-1.0,1.0 1.0 49.3712035631 2.33333333333 0.333333333333 2.0 3.0
1.0 1.0 49.3712035631 2.33333333333 0.333333333333 2.0 3.0,4,-1.0,1.0 1.0 28.9680949229 0.0 0.222222222222 2.0 2.0
1.0 1.0 28.9680949229 0.0 0.222222222222 2.0 2.0,0,1.0,0.5 0.5 113.015229121 37.0 0.222222222222 2.5 2.0
0.5 0.5 113.015229121 37.0 0.222222222222 2.5 2.0,3,1.0,0.5 0.5 60.2018363023 11.0 0.333333333333 2.5 3.0
0.5 0.5 60.2018363023 11.0 0.333333333333 2.5 3.0,3,1.0,0.5 0.5 36.7872246435 3.5 0.444444444444 2.5 4.0
0.5 0.5 36.7872246435 3.5 0.444444444444 2.5 4.0,1,-1.0,1.0 1.0 23.3054823905 5.5 0.444444444444 2.0 4.0
1.0 1.0 23.3054823905 5.5 0.444444444444 2.0 4.0,0,1.0,0.5 0.5 52.3183706125 5.5 0.444444444444 2.5 4.0
0.5 0.5 52.3183706125 5.5 0.444444444444 2.5 4.0,0,-1.0,0.0 0.0 250.0 150.0 0.0 3.0 4.0
0.0 0.0 250.0 150.0 0.0 3.0 4.0,4,-1.0,0.0 0.0 250.0 150.0 0.0 3.0 3.0
0.0 0.0 250.0 150.0 0.0 3.0 3.0,2,-1.0,0.0 0.0 250.0 150.0 0.0 3.0 3.0
0.0 0.0 250.0 150.0 0.0 3.0 3.0,0,-1.0,0.0 0.0 250.0 150.0 0.0 3.5 3.0
0.0 0.0 250.0 150.0 0.0 4.0 4.0,2,-1.0,0.0 0.0 250.0 150.0 0.0 4.0 4.0
0.0 0.0 250.0 150.0 0.0 4.0 4.0,1,-1.0,0.0 0.0 250.0 150.0 0.0 3.5 4.0
0.0 0.0 250.0 150.0 0.0 3.5 4.0,1,-1.0,0.0 0.0 250.0 150.0 0.0 3.0 4.0
0.0 0.0 250.0 150.0 0.0 3.0 4.0,3,-1.0,0.0 0.0 250.0 150.0 0.0 3.0 5.0
0.0 0.0 250.0 150.0 0.0 3.0 5.0,2,-1.0,0.0 0.0 250.0 150.0 0.0 3.0 5.0
0.0 0.0 250.0 150.0 0.0 3.0 5.0,1,1.0,0.5 0.5 58.6870468523 21.0 0.555555555556 2.5 5.0
0.5 0.5 58.6870468523 21.0 0.555555555556 2.5 5.0,4,-1.0,0.5 0.5 55.5984474638 14.75 0.444444444444 2.5 4.0
0.5 0.5 55.5984474638 14.75 0.444444444444 2.5 4.0,3,1.0,0.5 0.5 42.8446199978 5.6 0.555555555556 2.5 5.0
0.5 0.5 42.8446199978 5.6 0.555555555556 2.5 5.0,3,1.0,0.5 0.5 70.2630783914 14.6666666667 0.666666666667 2.5 6.0
0.5 0.5 70.2630783914 14.6666666667 0.666666666667 2.5 6.0,2,1.0,0.5 0.5 48.3754144685 12.8333333333 0.666666666667 2.5 6.0
0.5 0.5 48.3754144685 12.8333333333 0.666666666667 2.5 6.0,1,-1.0,1.0 1.0 18.6782313066 7.16666666667 0.666666666667 2.0 6.0
1.0 1.0 18.6782313066 7.16666666667 0.666666666667 2.0 6.0,1,-1.0,1.0 1.0 18.6782313066 7.66666666667 0.666666666667 1.5 6.0
1.0 1.0 18.6782313066 7.66666666667 0.666666666667 1.5 6.0,1,-1.0,1.0 1.0 27.6660594753 6.33333333333 0.666666666667 1.0 6.0
1.0 1.0 27.6660594753 6.33333333333 0.666666666667 1.0 6.0,4,-1.0,1.0 1.0 35.8908156835 6.0 0.555555555556 1.0 5.0
1.0 1.0 35.8908156835 6.0 0.555555555556 1.0 5.0,2,-1.0,1.0 1.0 35.8908156835 5.0 0.555555555556 1.0 5.0
0.5 0.5 84.3807013492 144.555555556 1.0 2.5 9.0,3,1.0,0.5 0.5 62.4866823177 47.5555555556 1.0 2.5 9.0
0.5 0.5 62.4866823177 47.5555555556 1.0 2.5 9.0,2,1.0,0.5 0.5 96.1755649703 65.0 1.0 2.5 9.0
0.5 0.5 96.1755649703 65.0 1.0 2.5 9.0,3,1.0,0.5 0.5 76.3855745139 29.7777777778 1.0 2.5 9.0
0.5 0.5 76.3855745139 29.7777777778 1.0 2.5 9.0,4,-1.0,0.5 0.5 44.0972081804 25.0 0.888888888889 2.5 8.0
0.5 0.5 44.0972081804 25.0 0.888888888889 2.5 8.0,1,-1.0,1.0 1.0 38.8800666501 10.25 0.888888888889 2.0 8.0
1.0 1.0 38.8800666501 10.25 0.888888888889 2.0 8.0,1,-1.0,1.0 1.0 38.8800666501 10.625 0.888888888889 1.5 8.0
1.0 1.0 38.8800666501 10.625 0.888888888889 1.5 8.0,3,1.0,1.0 1.0 52.5045861143 13.5555555556 1.0 1.5 9.0
1.0 1.0 52.5045861143 13.5555555556 1.0 1.5 9.0,4,-1.0,1.0 1.0 38.8800666501 10.0 0.888888888889 1.5 8.0
1.0 1.0 38.8800666501 10.0 0.888888888889 1.5 8.0,4,-1.0,1.0 1.0 28.2651290319 6.85714285714 0.777777777778 1.5 7.0
1.0 1.0 28.2651290319 6.85714285714 0.777777777778 1.5 7.0,1,-1.0,1.0 1.0 28.2651290319 6.42857142857 0.777777777778 1.0 7.0
1.0 1.0 28.2651290319 6.42857142857 0.777777777778 1.0 7.0,3,1.0,1.0 1.0 38.8800666501 10.875 0.888888888889 1.0 8.0
1.0 1.0 38.8800666501 10.875 0.888888888889 1.0 8.0,0,1.0,1.0 1.0 38.8800666501 10.25 0.888888888889 1.5 8.0
1.0 1.0 38.8800666501 10.25 0.888888888889 1.5 8.0,2,-1.0,1.0 1.0 38.8800666501 10.125 0.888888888889 1.5 8.0
1.0 1.0 38.8800666501 10.125 0.888888888889 1.5 8.0,3,1.0,1.0 1.0 52.5045861143 14.2222222222 1.0 1.5 9.0
1.0 1.0 52.5045861143 14.2222222222 1.0 1.5 9.0,2,-1.0,1.0 1.0 52.5045861143 13.4444444444 1.0 1.5 9.0
0.0 0.0 250.0 150.0 0.0 3.5 8.0,2,-1.0,0.0 0.0 250.0 150.0 0.0 3.5 8.0
0.0 0.0 250.0 150.0 0.0 3.5 8.0,1,-1.0,0.0 0.0 250.0 150.0 0.0 3.0 8.0
0.0 0.0 250.0 150.0 0.0 3.0 8.0,1,1.0,0.5 0.5 31.2074918214 26.0 0.888888888889 2.5 8.0
0.5 0.5 31.2074918214 26.0 0.888888888889 2.5 8.0,3,1.0,0.5 0.5 73.6633698438 62.2222222222 1.0 2.5 9.0
0.5 0.5 73.6633698438 62.2222222222 1.0 2.5 9.0,3,1.0,0.5 0.5 56.2340929356 61.0 1.0 2.5 9.0
0.5 0.5 56.2340929356 61.0 1.0 2.5 9.0,3,1.0,0.5 0.5 77.2713956083 63.7777777778 1.0 2.5 9.0
0.5 0.5 77.2713956083 63.7777777778 1.0 2.5 9.0,4,-1.0,0.5 0.5 65.2020109757 15.75 0.888888888889 2.5 8.0
0.5 0.5 65.2020109757 15.75 0.888888888889 2.5 8.0,1,-1.0,1.0 1.0 33.376746413 7.25 0.888888888889 2.0 8.0
1.0 1.0 33.376746413 7.25 0.888888888889 2.0 8.0,3,1.0,1.0 1.0 52.5045861143 13.4444444444 1.0 2.0 9.0
1.0 1.0 52.5045861143 13.4444444444 1.0 2.0 9.0,2,-1.0,1.0 1.0 52.5045861143 14.0 1.0 2.0 9.0
1.0 1.0 52.5045861143 14.0 1.0 2.0 9.0,3,-1.0,1.0 1.0 47.5404834427 22.5555555556 1.0 2.0 9.0
1.0 1.0 47.5404834427 22.5555555556 1.0 2.0 9.0,2,-1.0,1.0 1.0 47.5404834427 22.7777777778 1.0 2.0 9.0
1.0 1.0 47.5404834427 22.7777777778 1.0 2.0 9.0,3,-1.0,1.0 1.0 47.5404834427 22.7777777778 1.0 2.0 9.0
1.0 1.0 47.5404834427 22.7777777778 1.0 2.0 9.0,3,-1.0,1.0 1.0 47.5404834427 22.1111111111 1.0 2.0 9.0
1.0 1.0 47.5404834427 22.1111111111 1.0 2.0 9.0,0,1.0,0.5 0.5 56.0725131025 75.8888888889 1.0 2.5 9.0
1.0 1.0 50.0877282282 14.0 1.0 1.0 9.0,3,-1.0,1.0 1.0 52.5045861143 13.3333333333 1.0 1.0 9.0
1.0 1.0 52.5045861143 13.3333333333 1.0 1.0 9.0,0,1.0,1.0 1.0 52.5045861143 14.2222222222 1.0 1.5 9.0
1.0 1.0 52.5045861143 14.2222222222 1.0 1.5 9.0,3,-1.0,1.0 1.0 52.5045861143 13.6666666667 1.0 1.5 9.0
1.0 1.0 52.5045861143 13.6666666667 1.0 1.5 9.0,3,-1.0,1.0 1.0 52.5045861143 13.8888888889 1.0 1.5 9.0
1.0 1.0 52.5045861143 13.8888888889 1.0 1.5 9.0,3,-1.0,1.0 1.0 52.5045861143 14.0 1.0 1.5 9.0
1.0 1.0 52.5045861143 14.0 1.0 1.5 9.0,2,-1.0,1.0 1.0 52.5045861143 13.6666666667 1.0 1.5 9.0
1.0 1.0 52.5045861143 13.6666666667 1.0 1.5 9.0,2,-1.0,1.0 1.0 52.5045861143 13.5555555556 1.0 1.5 9.0
1.0 1.0 52.5045861143 13.5555555556 1.0 1.5 9.0,3,-1.0,1.0 1.0 52.5045861143 14.2222222222 1.0 1.5 9.0
1.0 1.0 52.5045861143 14.2222222222 1.0 1.5 9.0,3,-1.0,1.0 1.0 52.3664711664 23.0 1.0 1.5 9.0
1.0 1.0 52.3664711664 23.0 1.0 1.5 9.0,3,-1.0,1.0 1.0 52.5045861143 13.5555555556 1.0 1.5 9.0
1.0 1.0 52.5045861143 13.5555555556 1.0 1.5 9.0,3,-1.0,1.0 1.0 52.5045861143 13.4444444444 1.0 1.5 9.0
1.0 1.0 52.5045861143 13.4444444444 1.0 1.5 9.0,3,-1.0,1.0 1.0 52.5045861143 13.2222222222 1.0 1.5 9.0
1.0 1.0 52.5045861143 13.2222222222 1.0 1.5 9.0,3,-1.0,1.0 1.0 52.5045861143 13.3333333333 1.0 1.5 9.0
1.0 1.0 52.5045861143 13.3333333333 1.0 1.5 9.0,2,-1.0,1.0 1.0 52.5045861143 13.4444444444 1.0 1.5 9.0
1.0 1.0 52.5045861143 13.4444444444 1.0 1.5 9.0,3,-1.0,1.0 1.0 47.5404834427 22.5555555556 1.0 1.5 9.0
0.5 0.5 59.9396620551 81.25 0.888888888889 2.5 8.0,1,-1.0,1.0 1.0 38.8800666501 10.25 0.888888888889 2.0 8.0
1.0 1.0 38.8800666501 10.25 0.888888888889 2.0 8.0,0,1.0,0.5 0.5 65.7147235197 29.5 0.888888888889 2.5 8.0
0.5 0.5 65.7147235197 29.5 0.888888888889 2.5 8.0,1,-1.0,1.0 1.0 38.8800666501 10.375 0.888888888889 2.0 8.0
1.0 1.0 38.8800666501 10.375 0.888888888889 2.0 8.0,0,1.0,0.5 0.5 73.7705320264 56.5 0.888888888889 2.5 8.0
0.5 0.5 73.7705320264 56.5 0.888888888889 2.5 8.0,3,1.0,0.5 0.5 68.1535836842 41.7777777778 1.0 2.5 9.0
0.5 0.5 68.1535836842 41.7777777778 1.0 2.5 9.0,3,1.0,0.5 0.5 75.5978959316 64.2222222222 1.0 2.5 9.0
0.5 0.5 75.5978959316 64.2222222222 1.0 2.5 9.0,1,-1.0,1.0 1.0 52.5045861143 13.5555555556 1.0 2.0 9.0
1.0 1.0 52.5045861143 13.5555555556 1.0 2.0 9.0,0,1.0,0.5 0.5 76.8010190147 57.7777777778 1.0 2.5 9.0
0.5 0.5 76.8010190147 57.7777777778 1.0 2.5 9.0,1,-1.0,1.0 1.0 50.0877282282 14.2222222222 1.0 2.0 9.0
1.0 1.0 50.0877282282 14.2222222222 1.0 2.0 9.0,0,1.0,0.5 0.5 79.7650542825 68.3333333333 1.0 2.5 9.0
0.5 0.5 79.7650542825 68.3333333333 1.0 2.5 9.0,2,1.0,0.5 0.5 71.8398538223 51.6666666667 1.0 2.5 9.0
0.5 0.5 71.8398538223 51.6666666667 1.0 2.5 9.0,2,1.0,0.5 0.5 89.7778715223 56.3333333333 1.0 2.5 9.0
0.5 0.5 89.7778715223 56.3333333333 1.0 2.5 9.0,3,1.0,0.5 0.5 57.3257263747 62.3333333333 1.0 2.5 9.0
0.5 0.5 57.3257263747 62.3333333333 1.0 2.5 9.0,3,1.0,0.5 0.5 71.807253597 52.7777777778 1.0 2.5 9.0
0.5 0.5 71.807253597 52.7777777778 1.0 2.5 9.0,2,1.0,0.5 0.5 48.8268909536 35.5555555556 1.0 2.5 9.0
1.0 1.0 31.2913463045 7.5 0.666666666667 1.0 6.0,0,1.0,1.0 1.0 31.2913463045 7.5 0.666666666667 1.5 6.0
1.0 1.0 31.2913463045 7.5 0.666666666667 1.5 6.0,3,1.0,1.0 1.0 28.2651290319 7.0 0.777777777778 1.5 7.0
1.0 1.0 28.2651290319 7.0 0.777777777778 1.5 7.0,0,1.0,1.0 1.0 28.2651290319 7.71428571429 0.777777777778 2.0 7.0
1.0 1.0 28.2651290319 7.71428571429 0.777777777778 2.0 7.0,3,1.0,1.0 1.0 38.8800666501 10.75 0.888888888889 2.0 8.0
1.0 1.0 38.8800666501 10.75 0.888888888889 2.0 8.0,3,1.0,1.0 1.0 52.5045861143 13.4444444444 1.0 2.0 9.0
1.0 1.0 52.5045861143 13.4444444444 1.0 2.0 9.0,0,1.0,0.5 0.5 75.4279375008 50.1111111111 1.0 2.5 9.0
0.5 0.5 75.4279375008 50.1111111111 1.0 2.5 9.0,3,1.0,0.5 0.5 61.9312589807 54.4444444444 1.0 2.5 9.0
0.5 0.5 61.9312589807 54.4444444444 1.0 2.5 9.0,2,1.0,0.5 0.5 53.5287085625 73.8888888889 1.0 2.5 9.0
0.5 0.5 53.5287085625 73.8888888889 1.0 2.5 9.0,3,1.0,0.5 0.5 60.323237765 41.7777777778 1.0 2.5 9.0
0.5 0.5 60.323237765 41.7777777778 1.0 2.5 9.0,3,1.0,0.5 0.5 66.0817426099 39.7777777778 1.0 2.5 9.0
0.5 0.5 66.0817426099 39.7777777778 1.0 2.5 9.0,2,1.0,0.5 0.5 59.5312430049 64.8888888889 1.0 2.5 9.0
0.5 0.5 59.5312430049 64.8888888889 1.0 2.5 9.0,2,1.0,0.5 0.5 91.5327635266 35.5555555556 1.0 2.5 9.0
0.5 0.5 91.5327635266 35.5555555556 1.0 2.5 9.0,3,1.0,0.5 0.5 71.2348658546 50.4444444444 1.0 2.5 9.0
0.5 0.5 71.2348658546 50.4444444444 1.0 2.5 9.0,2,1.0,0.5 0.5 74.771859302 41.1111111111 1.0 2.5 9.0
0.5 0.5 74.771859302 41.1111111111 1.0 2.5 9.0,3,1.0,0.5 0.5 92.9996391967 33.5555555556 1.0 2.5 9.0
1.0 1.0 48.2805357444 26.8888888889 1.0 0.5 9.0,2,-1.0,1.0 1.0 52.5045861143 14.0 1.0 0.5 9.0
1.0 1.0 52.5045861143 14.0 1.0 0.5 9.0,0,1.0,1.0 1.0 52.5045861143 13.4444444444 1.0 1.0 9.0
1.0 1.0 52.5045861143 13.4444444444 1.0 1.0 9.0,1,-1.0,1.0 1.0 52.5045861143 13.3333333333 1.0 0.5 9.0
1.0 1.0 52.5045861143 13.3333333333 1.0 0.5 9.0,0,1.0,1.0 1.0 47.5404834427 22.6666666667 1.0 1.0 9.0
1.0 1.0 47.5404834427 22.6666666667 1.0 1.0 9.0,0,1.0,1.0 1.0 52.5045861143 13.6666666667 1.0 1.5 9.0
1.0 1.0 52.5045861143 13.6666666667 1.0 1.5 9.0,0,1.0,1.0 1.0 52.5045861143 14.3333333333 1.0 2.0 9.0
1.0 1.0 52.5045861143 14.3333333333 1.0 2.0 9.0,0,1.0,0.5 0.5 65.6693345288 18.6666666667 1.0 2.5 9.0
0.5 0.5 65.6693345288 18.6666666667 1.0 2.5 9.0,3,1.0,0.5 0.5 71.4360283683 72.6666666667 1.0 2.5 9.0
0.5 0.5 71.4360283683 72.6666666667 1.0 2.5 9.0,0,-1.0,0.0 0.0 250.0 150.0 0.0 3.0 9.0
0.0 0.0 250.0 150.0 0.0 3.0 9.0,1,1.0,0.5 0.5 63.8129088281 79.7777777778 1.0 2.5 9.0
0.5 0.5 63.8129088281 79.7777777778 1.0 2.5 9.0,2,1.0,0.5 0.5 50.0012732331 44.8888888889 1.0 2.5 9.0
0.5 0.5 50.0012732331 44.8888888889 1.0 2.5 9.0,3,1.0,0.5 0.5 79.5828740248 84.1111111111 1.0 2.5 9.0
0.5 0.5 79.5828740248 84.1111111111 1.0 2.5 9.0,3,1.0,0.5 0.5 51.8010443995 62.4444444444 1.0 2.5 9.0
0.5 0.5 51.8010443995 62.4444444444 1.0 2.5 9.0,3,1.0,0.5 0.5 68.479800978 53.1111111111 1.0 2.5 9.0
0.5 0.5 68.479800978 53.1111111111 1.0 2.5 9.0,3,1.0,0.5 0.5 67.2088213799 29.5555555556 1.0 2.5 9.0
1.0 1.0 52.5045861143 13.8888888889 1.0 1.5 9.0,0,1.0,1.0 1.0 52.5045861143 13.7777777778 1.0 2.0 9.0
1.0 1.0 52.5045861143 13.7777777778 1.0 2.0 9.0,0,1.0,0.5 0.5 72.0529679507 75.5555555556 1.0 2.5 9.0
0.5 0.5 72.0529679507 75.5555555556 1.0 2.5 9.0,1,-1.0,1.0 1.0 48.2805357444 27.1111111111 1.0 2.0 9.0
1.0 1.0 48.2805357444 27.1111111111 1.0 2.0 9.0,0,1.0,0.5 0.5 62.9411777229 41.7777777778 1.0 2.5 9.0
0.5 0.5 62.9411777229 41.7777777778 1.0 2.5 9.0,4,-1.0,0.5 0.5 70.1299880708 41.625 0.888888888889 2.5 8.0
0.5 0.5 70.1299880708 41.625 0.888888888889 2.5 8.0,3,1.0,0.5 0.5 62.2668902785 48.8888888889 1.0 2.5 9.0
0.5 0.5 62.2668902785 48.8888888889 1.0 2.5 9.0,2,1.0,0.5 0.5 54.8780366322 36.0 1.0 2.5 9.0
0.5 0.5 54.8780366322 36.0 1.0 2.5 9.0,4,-1.0,0.5 0.5 78.911082036 58.25 0.888888888889 2.5 8.0
0.5 0.5 78.911082036 58.25 0.888888888889 2.5 8.0,3,1.0,0.5 0.5 64.303272898 50.8888888889 1.0 2.5 9.0
0.5 0.5 64.303272898 50.8888888889 1.0 2.5 9.0,3,1.0,0.5 0.5 47.6937507916 52.8888888889 1.0 2.5 9.0
0.5 0.5 47.6937507916 52.8888888889 1.0 2.5 9.0,4,-1.0,0.5 0.5 62.5503483986 29.75 0.888888888889 2.5 8.0
0.5 0.5 62.5503483986 29.75 0.888888888889 2.5 8.0,3,1.0,0.5 0.5 64.1992692431 25.2222222222 1.0 2.5 9.0
0.5 0.5 64.1992692431 25.2222222222 1.0 2.5 9.0,1,-1.0,1.0 1.0 52.5045861143 12.8888888889 1.0 2.0 9.0
1.0 1.0 52.5045861143 12.8888888889 1.0 2.0 9.0,0,1.0,0.5 0.5 49.4464334664 26.0 1.0 2.5 9.0
0.5 0.5 49.4464334664 26.0 1.0 2.5 9.0,3,1.0,0.5 0.5 56.8153936713 50.8888888889 1.0 2.5 9.0
1.0 1.0 52.3664711664 23.5555555556 1.0 1.5 9.0,0,1.0,1.0 1.0 52.5045861143 13.1111111111 1.0 2.0 9.0
1.0 1.0 52.5045861143 13.1111111111 1.0 2.0 9.0,0,1.0,0.5 0.5 71.8827378056 66.1111111111 1.0 2.5 9.0
0.5 0.5 71.8827378056 66.1111111111 1.0 2.5 9.0,3,1.0,0.5 0.5 58.7152307519 57.4444444444 1.0 2.5 9.0
0.5 0.5 58.7152307519 57.4444444444 1.0 2.5 9.0,3,1.0,0.5 0.5 65.2085892245 39.1111111111 1.0 2.5 9.0
0.5 0.5 65.2085892245 39.1111111111 1.0 2.5 9.0,3,1.0,0.5 0.5 65.6132876973 53.7777777778 1.0 2.5 9.0
0.5 0.5 65.6132876973 53.7777777778 1.0 2.5 9.0,3,1.0,0.5 0.5 68.0640835254 62.8888888889 1.0 2.5 9.0
0.5 0.5 68.0640835254 62.8888888889 1.0 2.5 9.0,3,1.0,0.5 0.5 51.7028263352 48.8888888889 1.0 2.5 9.0
0.5 0.5 51.7028263352 48.8888888889 1.0 2.5 9.0,0,-1.0,0.0 0.0 250.0 150.0 0.0 3.0 9.0
0.0 0.0 250.0 150.0 0.0 3.0 9.0,1,1.0,0.5 0.5 59.9833961079 63.7777777778 1.0 2.5 9.0
0.5 0.5 59.9833961079 63.7777777778 1.0 2.5 9.0,3,1.0,0.5 0.5 42.7757325303 23.4444444444 1.0 2.5 9.0
0.5 0.5 42.7757325303 23.4444444444 1.0 2.5 9.0,3,1.0,0.5 0.5 52.7980498638 55.6666666667 1.0 2.5 9.0
0.5 0.5 52.7980498638 55.6666666667 1.0 2.5 9.0,3,1.0,0.5 0.5 65.5859756814 59.2222222222 1.0 2.5 9.0
0.5 0.5 65.5859756814 59.2222222222 1.0 2.5 9.0,3,1.0,0.5 0.5 80.0574299908 65.3333333333 1.0 2.5 9.0
0.5 0.5 80.0574299908 65.3333333333 1.0 2.5 9.0,3,1.0,0.5 0.5 61.9400944391 24.3333333333 1.0 2.5 9.0
0.5 0.5 61.9400944391 24.3333333333 1.0 2.5 9.0,4,-1.0,0.5 0.5 74.057479749 55.5 0.888888888889 2.5 8.0
0.0 0.0 250.0 150.0 0.0 4.0 8.0,1,-1.0,0.0 0.0 250.0 150.0 0.0 3.5 8.0
0.0 0.0 250.0 150.0 0.0 3.5 8.0,1,-1.0,0.0 0.0 250.0 150.0 0.0 3.0 8.0
0.0 0.0 250.0 150.0 0.0 3.0 8.0,1,1.0,0.5 0.5 65.2277820295 23.0 0.888888888889 2.5 8.0
0.5 0.5 65.2277820295 23.0 0.888888888889 2.5 8.0,3,1.0,0.5 0.5 45.9753666278 58.6666666667 1.0 2.5 9.0
0.5 0.5 45.9753666278 58.6666666667 1.0 2.5 9.0,3,1.0,0.5 0.5 69.045618745 39.7777777778 1.0 2.5 9.0
0.5 0.5 69.045618745 39.7777777778 1.0 2.5 9.0,3,1.0,0.5 0.5 56.9785271898 88.1111111111 1.0 2.5 9.0
0.5 0.5 56.9785271898 88.1111111111 1.0 2.5 9.0,3,1.0,0.5 0.5 78.2976644773 53.3333333333 1.0 2.5 9.0
0.5 0.5 78.2976644773 53.3333333333 1.0 2.5 9.0,3,1.0,0.5 0.5 70.8538661737 78.1111111111 1.0 2.5 9.0
0.5 0.5 70.8538661737 78.1111111111 1.0 2.5 9.0,3,1.0,0.5 0.5 53.7526416187 66.2222222222 1.0 2.5 9.0
0.5 0.5 53.7526416187 66.2222222222 1.0 2.5 9.0,3,1.0,0.5 0.5 61.9926625362 52.4444444444 1.0 2.5 9.0
0.5 0.5 61.9926625362 52.4444444444 1.0 2.5 9.0,3,1.0,0.5 0.5 72.1133210689 72.2222222222 1.0 2.5 9.0
0.5 0.5 72.1133210689 72.2222222222 1.0 2.5 9.0,3,1.0,0.5 0.5 72.4833015985 51.1111111111 1.0 2.5 9.0
0.5 0.5 72.4833015985 51.1111111111 1.0 2.5 9.0,3,1.0,0.5 0.5 63.2602046912 17.7777777778 1.0 2.5 9.0
0.5 0.5 63.2602046912 17.7777777778 1.0 2.5 9.0,3,1.0,0.5 0.5 92.1006633783 56.6666666667 1.0 2.5 9.0
0.5 0.5 92.1006633783 56.6666666667 1.0 2.5 9.0,3,1.0,0.5 0.5 76.4618272958 51.6666666667 1.0 2.5 9.0
1.0 1.0 38.8800666501 10.875 0.888888888889 2.0 8.0,3,1.0,1.0 1.0 52.5045861143 14.2222222222 1.0 2.0 9.0
1.0 1.0 52.5045861143 14.2222222222 1.0 2.0 9.0,0,1.0,0.5 0.5 53.3524734526 36.6666666667 1.0 2.5 9.0
0.5 0.5 53.3524734526 36.6666666667 1.0 2.5 9.0,3,1.0,0.5 0.5 60.7753438371 105.888888889 1.0 2.5 9.0
0.5 0.5 60.7753438371 105.888888889 1.0 2.5 9.0,3,1.0,0.5 0.5 79.8285436596 65.1111111111 1.0 2.5 9.0
0.5 0.5 79.8285436596 65.1111111111 1.0 2.5 9.0,3,1.0,0.5 0.5 82.7246794277 61.2222222222 1.0 2.5 9.0
0.5 0.5 82.7246794277 61.2222222222 1.0 2.5 9.0,3,1.0,0.5 0.5 73.7552447099 51.2222222222 1.0 2.5 9.0
0.5 0.5 73.7552447099 51.2222222222 1.0 2.5 9.0,3,1.0,0.5 0.5 68.4710630031 26.8888888889 1.0 2.5 9.0
0.5 0.5 68.4710630031 26.8888888889 1.0 2.5 9.0,1,-1.0,1.0 1.0 43.9588750245 10.3333333333 1.0 2.0 9.0
1.0 1.0 43.9588750245 10.3333333333 1.0 2.0 9.0,0,1.0,0.5 0.5 86.2783845592 20.8888888889 1.0 2.5 9.0
0.5 0.5 86.2783845592 20.8888888889 1.0 2.5 9.0,3,1.0,0.5 0.5 60.1811309295 27.6666666667 1.0 2.5 9.0
0.5 0.5 60.1811309295 27.6666666667 1.0 2.5 9.0,3,1.0,0.5 0.5 80.5475532165 48.8888888889 1.0 2.5 9.0
0.5 0.5 80.5475532165 48.8888888889 1.0 2.5 9.0,3,1.0,0.5 0.5 67.614130912 50.5555555556 1.0 2.5 9.0
0.5 0.5 67.614130912 50.5555555556 1.0 2.5 9.0,3,1.0,0.5 0.5 75.0583956663 76.8888888889 1.0 2.5 9.0
0.5 0.5 75.0583956663 76.8888888889 1.0 2.5 9.0,3,1.0,0.5 0.5 59.3923024494 38.7777777778 1.0 2.5 9.0
0.5 0.5 59.3923024494 38.7777777778 1.0 2.5 9.0,3,1.0,0.5 0.5 88.5517791277 52.8888888889 1.0 2.5 9.0
1.0 1.0 50.0877282282 14.6666666667 1.0 1.5 9.0,0,1.0,1.0 1.0 52.5045861143 13.1111111111 1.0 2.0 9.0
1.0 1.0 52.5045861143 13.1111111111 1.0 2.0 9.0,0,1.0,0.5 0.5 55.2754476829 58.7777777778 1.0 2.5 9.0
0.5 0.5 55.2754476829 58.7777777778 1.0 2.5 9.0,3,1.0,0.5 0.5 78.6835771714 56.2222222222 1.0 2.5 9.0
0.5 0.5 78.6835771714 56.2222222222 1.0 2.5 9.0,3,1.0,0.5 0.5 49.0520929057 68.0 1.0 2.5 9.0
0.5 0.5 49.0520929057 68.0 1.0 2.5 9.0,3,1.0,0.5 0.5 80.7063572728 40.6666666667 1.0 2.5 9.0
0.5 0.5 80.7063572728 40.6666666667 1.0 2.5 9.0,3,1.0,0.5 0.5 78.7399940426 61.5555555556 1.0 2.5 9.0
0.5 0.5 78.7399940426 61.5555555556 1.0 2.5 9.0,3,1.0,0.5 0.5 82.0835626798 53.0 1.0 2.5 9.0
0.5 0.5 82.0835626798 53.0 1.0 2.5 9.0,3,1.0,0.5 0.5 76.2904567163 40.4444444444 1.0 2.5 9.0
0.5 0.5 76.2904567163 40.4444444444 1.0 2.5 9.0,3,1.0,0.5 0.5 63.8381747501 48.3333333333 1.0 2.5 9.0
0.5 0.5 63.8381747501 48.3333333333 1.0 2.5 9.0,3,1.0,0.5 0.5 49.2093958366 38.3333333333 1.0 2.5 9.0
0.5 0.5 49.2093958366 38.3333333333 1.0 2.5 9.0,3,1.0,0.5 0.5 69.0184731307 79.7777777778 1.0 2.5 9.0
0.5 0.5 69.0184731307 79.7777777778 1.0 2.5 9.0,3,1.0,0.5 0.5 75.8219247012 70.1111111111 1.0 2.5 9.0
0.5 0.5 75.8219247012 70.1111111111 1.0 2.5 9.0,3,1.0,0.5 0.5 79.3618101506 82.0 1.0 2.5 9.0
0.5 0.5 79.3618101506 82.0 1.0 2.5 9.0,3,1.0,0.5 0.5 68.5753865684 53.1111111111 1.0 2.5 9.0
0.5 0.5 68.5753865684 53.1111111111 1.0 2.5 9.0,3,1.0,0.5 0.5 72.0176963781 47.4444444444 1.0 2.5 9.0
0.0 0.0 250.0 150.0 0.0 3.0 9.0,1,1.0,0.5 0.5 64.6426294742 57.6666666667 1.0 2.5 9.0
0.5 0.5 64.6426294742 57.6666666667 1.0 2.5 9.0,3,1.0,0.5 0.5 51.1916667826 46.5555555556 1.0 2.5 9.0
0.5 0.5 51.1916667826 46.5555555556 1.0 2.5 9.0,3,1.0,0.5 0.5 65.4330641482 42.3333333333 1.0 2.5 9.0
0.5 0.5 65.4330641482 42.3333333333 1.0 2.5 9.0,3,1.0,0.5 0.5 62.0551188101 51.0 1.0 2.5 9.0
0.5 0.5 62.0551188101 51.0 1.0 2.5 9.0,3,1.0,0.5 0.5 65.9851834673 49.1111111111 1.0 2.5 9.0
0.5 0.5 65.9851834673 49.1111111111 1.0 2.5 9.0,3,1.0,0.5 0.5 66.1769145514 42.0 1.0 2.5 9.0
0.5 0.5 66.1769145514 42.0 1.0 2.5 9.0,3,1.0,0.5 0.5 61.5950828807 64.8888888889 1.0 2.5 9.0
0.5 0.5 61.5950828807 64.8888888889 1.0 2.5 9.0,3,1.0,0.5 0.5 77.2639504705 45.4444444444 1.0 2.5 9.0
0.5 0.5 77.2639504705 45.4444444444 1.0 2.5 9.0,3,1.0,0.5 0.5 51.1604794364 26.4444444444 1.0 2.5 9.0
0.5 0.5 51.1604794364 26.4444444444 1.0 2.5 9.0,3,1.0,0.5 0.5 78.9506471278 52.7777777778 1.0 2.5 9.0
0.5 0.5 78.9506471278 52.7777777778 1.0 2.5 9.0,3,1.0,0.5 0.5 66.0590500389 51.5555555556 1.0 2.5 9.0
0.5 0.5 66.0590500389 51.5555555556 1.0 2.5 9.0,3,1.0,0.5 0.5 93.4238994021 56.4444444444 1.0 2.5 9.0
0.5 0.5 93.4238994021 56.4444444444 1.0 2.5 9.0,2,1.0,0.5 0.5 38.6369745347 25.2222222222 1.0 2.5 9.0
0.5 0.5 38.6369745347 25.2222222222 1.0 2.5 9.0,3,1.0,0.5 0.5 65.0113596451 42.0 1.0 2.5 9.0
0.5 0.5 65.0113596451 42.0 1.0 2.5 9.0,3,1.0,0.5 0.5 62.9771166682 64.5555555556 1.0 2.5 9.0
0.0 0.0 250.0 150.0 0.0 3.5 6.0,1,-1.0,0.0 0.0 250.0 150.0 0.0 3.0 6.0
0.0 0.0 250.0 150.0 0.0 3.0 6.0,1,1.0,0.5 0.5 74.3864920464 41.1666666667 0.666666666667 2.5 6.0
0.5 0.5 74.3864920464 41.1666666667 0.666666666667 2.5 6.0,3,1.0,0.5 0.5 69.007167119 18.4285714286 0.777777777778 2.5 7.0
0.5 0.5 69.007167119 18.4285714286 0.777777777778 2.5 7.0,3,1.0,0.5 0.5 62.6973539946 16.875 0.888888888889 2.5 8.0
0.5 0.5 62.6973539946 16.875 0.888888888889 2.5 8.0,3,1.0,0.5 0.5 53.9245062607 46.5555555556 1.0 2.5 9.0
0.5 0.5 53.9245062607 46.5555555556 1.0 2.5 9.0,3,1.0,0.5 0.5 44.6423620925 11.2222222222 1.0 2.5 9.0
0.5 0.5 44.6423620925 11.2222222222 1.0 2.5 9.0,3,1.0,0.5 0.5 80.115445471 74.4444444444 1.0 2.5 9.0
0.5 0.5 80.115445471 74.4444444444 1.0 2.5 9.0,3,1.0,0.5 0.5 68.2129002794 54.0 1.0 2.5 9.0
0.5 0.5 68.2129002794 54.0 1.0 2.5 9.0,3,1.0,0.5 0.5 67.1635079479 50.7777777778 1.0 2.5 9.0
0.5 0.5 67.1635079479 50.7777777778 1.0 2.5 9.0,3,1.0,0.5 0.5 59.5505624347 26.7777777778 1.0 2.5 9.0
0.5 0.5 59.5505624347 26.7777777778 1.0 2.5 9.0,3,1.0,0.5 0.5 69.2022408231 64.1111111111 1.0 2.5 9.0
0.5 0.5 69.2022408231 64.1111111111 1.0 2.5 9.0,3,1.0,0.5 0.5 85.2710204997 74.2222222222 1.0 2.5 9.0
0.5 0.5 85.2710204997 74.2222222222 1.0 2.5 9.0,3,1.0,0.5 0.5 67.3773315166 63.1111111111 1.0 2.5 9.0
0.5 0.5 67.3773315166 63.1111111111 1.0 2.5 9.0,3,1.0,0.5 0.5 66.3180872449 45.5555555556 1.0 2.5 9.0
0.5 0.5 66.3180872449 45.5555555556 1.0 2.5 9.0,3,1.0,0.5 0.5 69.1897157019 73.7777777778 1.0 2.5 9.0
1.0 1.0 38.8800666501 10.75 0.888888888889 1.5 8.0,0,1.0,1.0 1.0 38.8800666501 10.875 0.888888888889 2.0 8.0
1.0 1.0 38.8800666501 10.875 0.888888888889 2.0 8.0,3,1.0,1.0 1.0 52.5045861143 13.2222222222 1.0 2.0 9.0
1.0 1.0 52.5045861143 13.2222222222 1.0 2.0 9.0,0,1.0,0.5 0.5 53.3012849461 22.0 1.0 2.5 9.0
0.5 0.5 53.3012849461 22.0 1.0 2.5 9.0,3,1.0,0.5 0.5 49.4810698055 38.4444444444 1.0 2.5 9.0
0.5 0.5 49.4810698055 38.4444444444 1.0 2.5 9.0,3,1.0,0.5 0.5 65.8783890543 49.7777777778 1.0 2.5 9.0
0.5 0.5 65.8783890543 49.7777777778 1.0 2.5 9.0,3,1.0,0.5 0.5 75.4279375008 51.4444444444 1.0 2.5 9.0
0.5 0.5 75.4279375008 51.4444444444 1.0 2.5 9.0,3,1.0,0.5 0.5 68.3202287743 62.8888888889 1.0 2.5 9.0
0.5 0.5 68.3202287743 62.8888888889 1.0 2.5 9.0,3,1.0,0.5 0.5 53.17163519 36.1111111111 1.0 2.5 9.0
0.5 0.5 53.17163519 36.1111111111 1.0 2.5 9.0,3,1.0,0.5 0.5 66.5617253762 62.2222222222 1.0 2.5 9.0
0.5 0.5 66.5617253762 62.2222222222 1.0 2.5 9.0,3,1.0,0.5 0.5 72.428814095 68.8888888889 1.0 2.5 9.0
0.5 0.5 72.428814095 68.8888888889 1.0 2.5 9.0,3,1.0,0.5 0.5 70.3177809905 48.2222222222 1.0 2.5 9.0
0.5 0.5 70.3177809905 48.2222222222 1.0 2.5 9.0,3,1.0,0.5 0.5 69.1402667808 51.5555555556 1.0 2.5 9.0
0.5 0.5 69.1402667808 51.5555555556 1.0 2.5 9.0,3,1.0,0.5 0.5 90.2500723402 68.5555555556 1.0 2.5 9.0
0.5 0.5 90.2500723402 68.5555555556 1.0 2.5 9.0,3,1.0,0.5 0.5 60.2281648436 59.3333333333 1.0 2.5 9.0
0.5 0.5 60.2281648436 59.3333333333 1.0 2.5 9.0,3,1.0,0.5 0.5 71.6986267647 52.5555555556 1.0 2.5 9.0
1.0 1.0 48.2805357444 26.1111111111 1.0 1.0 9.0,0,1.0,1.0 1.0 47.5404834427 22.7777777778 1.0 1.5 9.0
1.0 1.0 47.5404834427 22.7777777778 1.0 1.5 9.0,0,1.0,1.0 1.0 52.5045861143 13.1111111111 1.0 2.0 9.0
1.0 1.0 52.5045861143 13.1111111111 1.0 2.0 9.0,0,1.0,0.5 0.5 66.477427046 48.3333333333 1.0 2.5 9.0
0.5 0.5 66.477427046 48.3333333333 1.0 2.5 9.0,3,1.0,0.5 0.5 53.9937284769 13.6666666667 1.0 2.5 9.0
0.5 0.5 53.9937284769 13.6666666667 1.0 2.5 9.0,3,1.0,0.5 0.5 69.9658659418 30.0 1.0 2.5 9.0
0.5 0.5 69.9658659418 30.0 1.0 2.5 9.0,2,1.0,0.5 0.5 79.5562377315 54.0 1.0 2.5 9.0
0.5 0.5 79.5562377315 54.0 1.0 2.5 9.0,3,1.0,0.5 0.5 71.351874456 50.3333333333 1.0 2.5 9.0
0.5 0.5 71.351874456 50.3333333333 1.0 2.5 9.0,3,1.0,0.5 0.5 66.4843067946 39.0 1.0 2.5 9.0
0.5 0.5 66.4843067946 39.0 1.0 2.5 9.0,3,1.0,0.5 0.5 63.1524715345 50.1111111111 1.0 2.5 9.0
0.5 0.5 63.1524715345 50.1111111111 1.0 2.5 9.0,3,1.0,0.5 0.5 61.4178108133 38.6666666667 1.0 2.5 9.0
0.5 0.5 61.4178108133 38.6666666667 1.0 2.5 9.0,3,1.0,0.5 0.5 69.8830329527 52.0 1.0 2.5 9.0
0.5 0.5 69.8830329527 52.0 1.0 2.5 9.0,3,1.0,0.5 0.5 78.4030075107 31.2222222222 1.0 2.5 9.0
0.5 0.5 78.4030075107 31.2222222222 1.0 2.5 9.0,2,1.0,0.5 0.5 74.3172978711 48.7777777778 1.0 2.5 9.0
0.5 0.5 74.3172978711 48.7777777778 1.0 2.5 9.0,3,1.0,0.5 0.5 79.3799980275 63.3333333333 1.0 2.5 9.0
0.5 0.5 79.3799980275 63.3333333333 1.0 2.5 9.0,3,1.0,0.5 0.5 48.1447305012 51.6666666667 1.0 2.5 9.0
0.5 0.5 74.0920003705 72.6666666667 1.0 2.5 9.0,3,1.0,0.5 0.5 75.6685189136 50.6666666667 1.0 2.5 9.0
0.5 0.5 75.6685189136 50.6666666667 1.0 2.5 9.0,3,1.0,0.5 0.5 47.9760219293 51.3333333333 1.0 2.5 9.0
0.5 0.5 47.9760219293 51.3333333333 1.0 2.5 9.0,3,1.0,0.5 0.5 71.3530198387 69.2222222222 1.0 2.5 9.0
0.5 0.5 71.3530198387 69.2222222222 1.0 2.5 9.0,3,1.0,0.5 0.5 49.3906619028 36.6666666667 1.0 2.5 9.0
0.5 0.5 49.3906619028 36.6666666667 1.0 2.5 9.0,3,1.0,0.5 0.5 80.1536813353 40.1111111111 1.0 2.5 9.0
0.5 0.5 80.1536813353 40.1111111111 1.0 2.5 9.0,3,1.0,0.5 0.5 66.8944368673 62.5555555556 1.0 2.5 9.0
0.5 0.5 66.8944368673 62.5555555556 1.0 2.5 9.0,3,1.0,0.5 0.5 42.745532788 48.1111111111 1.0 2.5 9.0
0.5 0.5 42.745532788 48.1111111111 1.0 2.5 9.0,3,1.0,0.5 0.5 65.7153669878 38.0 1.0 2.5 9.0
0.5 0.5 65.7153669878 38.0 1.0 2.5 9.0,3,1.0,0.5 0.5 80.9691401381 53.5555555556 1.0 2.5 9.0
0.5 0.5 80.9691401381 53.5555555556 1.0 2.5 9.0,3,1.0,0.5 0.5 65.601520883 64.6666666667 1.0 2.5 9.0
0.5 0.5 65.601520883 64.6666666667 1.0 2.5 9.0,3,1.0,0.5 0.5 61.4823411906 40.1111111111 1.0 2.5 9.0
0.5 0.5 61.4823411906 40.1111111111 1.0 2.5 9.0,3,1.0,0.5 0.5 62.9688829072 53.7777777778 1.0 2.5 9.0
0.5 0.5 62.9688829072 53.7777777778 1.0 2.5 9.0,3,1.0,0.5 0.5 59.6789688969 26.3333333333 1.0 2.5 9.0
0.5 0.5 59.6789688969 26.3333333333 1.0 2.5 9.0,3,1.0,0.5 0.5 72.053655606 28.0 1.0 2.5 9.0
0.5 0.5 72.053655606 28.0 1.0 2.5 9.0,3,1.0,0.5 0.5 91.0615619676 54.2222222222 1.0 2.5 9.0
0.0 0.0 250.0 150.0 0.0 4.0 8.0,3,-1.0,0.0 0.0 250.0 150.0 0.0 4.0 9.0
0.0 0.0 250.0 150.0 0.0 4.0 9.0,1,-1.0,0.0 0.0 250.0 150.0 0.0 3.5 9.0
0.0 0.0 250.0 150.0 0.0 3.5 9.0,1,-1.0,0.0 0.0 250.0 150.0 0.0 3.0 9.0
0.0 0.0 250.0 150.0 0.0 3.0 9.0,1,1.0,0.5 0.5 69.311375819 41.4444444444 1.0 2.5 9.0
0.5 0.5 69.311375819 41.4444444444 1.0 2.5 9.0,3,1.0,0.5 0.5 62.557392775 17.2222222222 1.0 2.5 9.0
0.5 0.5 62.557392775 17.2222222222 1.0 2.5 9.0,3,1.0,0.5 0.5 76.4817430995 68.0 1.0 2.5 9.0
0.5 0.5 76.4817430995 68.0 1.0 2.5 9.0,3,1.0,0.5 0.5 69.0859838686 60.8888888889 1.0 2.5 9.0
0.5 0.5 69.0859838686 60.8888888889 1.0 2.5 9.0,3,1.0,0.5 0.5 75.2533969886 62.7777777778 1.0 2.5 9.0
0.5 0.5 75.2533969886 62.7777777778 1.0 2.5 9.0,3,1.0,0.5 0.5 83.9021227137 29.6666666667 1.0 2.5 9.0
0.5 0.5 83.9021227137 29.6666666667 1.0 2.5 9.0,3,1.0,0.5 0.5 59.6231973333 38.0 1.0 2.5 9.0
0.5 0.5 59.6231973333 38.0 1.0 2.5 9.0,3,1.0,0.5 0.5 64.5222344148 54.1111111111 1.0 2.5 9.0
0.5 0.5 64.5222344148 54.1111111111 1.0 2.5 9.0,3,1.0,0.5 0.5 72.1346066853 32.5555555556 1.0 2.5 9.0
0.5 0.5 72.1346066853 32.5555555556 1.0 2.5 9.0,3,1.0,0.5 0.5 63.5983688454 34.4444444444 1.0 2.5 9.0
0.5 0.5 63.5983688454 34.4444444444 1.0 2.5 9.0,3,1.0,0.5 0.5 68.8613002788 42.2222222222 1.0 2.5 9.0
0.5 0.5 68.8613002788 42.2222222222 1.0 2.5 9.0,3,1.0,0.5 0.5 47.5293135302 46.1111111111 1.0 2.5 9.0
1.0 1.0 34.8232972659 7.4 0.555555555556 1.0 5.0,3,1.0,1.0 1.0 31.2913463045 6.5 0.666666666667 1.0 6.0
1.0 1.0 31.2913463045 6.5 0.666666666667 1.0 6.0,0,1.0,1.0 1.0 31.2913463045 6.5 0.666666666667 1.5 6.0
1.0 1.0 31.2913463045 6.5 0.666666666667 1.5 6.0,3,1.0,1.0 1.0 28.2651290319 7.42857142857 0.777777777778 1.5 7.0
1.0 1.0 28.2651290319 7.42857142857 0.777777777778 1.5 7.0,3,1.0,1.0 1.0 38.8800666501 10.375 0.888888888889 1.5 8.0
1.0 1.0 38.8800666501 10.375 0.888888888889 1.5 8.0,0,1.0,1.0 1.0 38.8800666501 10.875 0.888888888889 2.0 8.0
1.0 1.0 38.8800666501 10.875 0.888888888889 2.0 8.0,0,1.0,0.5 0.5 56.9885348206 41.75 0.888888888889 2.5 8.0
0.5 0.5 56.9885348206 41.75 0.888888888889 2.5 8.0,3,1.0,0.5 0.5 52.2059696345 23.3333333333 1.0 2.5 9.0
0.5 0.5 52.2059696345 23.3333333333 1.0 2.5 9.0,3,1.0,0.5 0.5 71.9794012885 94.5555555556 1.0 2.5 9.0
0.5 0.5 71.9794012885 94.5555555556 1.0 2.5 9.0,3,1.0,0.5 0.5 63.8541762068 51.3333333333 1.0 2.5 9.0
0.5 0.5 63.8541762068 51.3333333333 1.0 2.5 9.0,3,1.0,0.5 0.5 71.062406836 60.5555555556 1.0 2.5 9.0
0.5 0.5 71.062406836 60.5555555556 1.0 2.5 9.0,3,1.0,0.5 0.5 48.6387206605 48.1111111111 1.0 2.5 9.0
0.5 0.5 48.6387206605 48.1111111111 1.0 2.5 9.0,3,1.0,0.5 0.5 51.312248056 58.5555555556 1.0 2.5 9.0
0.5 0.5 51.312248056 58.5555555556 1.0 2.5 9.0,3,1.0,0.5 0.5 67.3357219224 53.4444444444 1.0 2.5 9.0
0.5 0.5 67.3357219224 53.4444444444 1.0 2.5 9.0,3,1.0,0.5 0.5 60.293703693 74.4444444444 1.0 2.5 9.0
0.5 0.5 60.293703693 74.4444444444 1.0 2.5 9.0,3,1.0,0.5 0.5 52.1351423537 50.7777777778 1.0 2.5 9.0
1.0 1.0 43.9588750245 10.4444444444 1.0 1.0 9.0,0,1.0,1.0 1.0 52.5045861143 14.0 1.0 1.5 9.0
1.0 1.0 52.5045861143 14.0 1.0 1.5 9.0,0,1.0,1.0 1.0 52.5045861143 13.3333333333 1.0 2.0 9.0
1.0 1.0 52.5045861143 13.3333333333 1.0 2.0 9.0,0,1.0,0.5 0.5 65.1662307156 71.7777777778 1.0 2.5 9.0
0.5 0.5 65.1662307156 71.7777777778 1.0 2.5 9.0,3,1.0,0.5 0.5 55.7172435219 53.3333333333 1.0 2.5 9.0
0.5 0.5 55.7172435219 53.3333333333 1.0 2.5 9.0,3,1.0,0.5 0.5 57.4756647985 50.6666666667 1.0 2.5 9.0
0.5 0.5 57.4756647985 50.6666666667 1.0 2.5 9.0,3,1.0,0.5 0.5 70.1293735425 70.3333333333 1.0 2.5 9.0
0.5 0.5 70.1293735425 70.3333333333 1.0 2.5 9.0,3,1.0,0.5 0.5 66.507872223 53.5555555556 1.0 2.5 9.0
0.5 0.5 66.507872223 53.5555555556 1.0 2.5 9.0,3,1.0,0.5 0.5 68.7630435198 36.6666666667 1.0 2.5 9.0
0.5 0.5 68.7630435198 36.6666666667 1.0 2.5 9.0,3,1.0,0.5 0.5 61.7448809833 40.0 1.0 2.5 9.0
0.5 0.5 61.7448809833 40.0 1.0 2.5 9.0,3,1.0,0.5 0.5 76.9951080801 42.5555555556 1.0 2.5 9.0
0.5 0.5 76.9951080801 42.5555555556 1.0 2.5 9.0,3,1.0,0.5 0.5 71.4484478623 41.5555555556 1.0 2.5 9.0
0.5 0.5 71.4484478623 41.5555555556 1.0 2.5 9.0,3,1.0,0.5 0.5 85.1497268695 53.5555555556 1.0 2.5 9.0
0.5 0.5 85.1497268695 53.5555555556 1.0 2.5 9.0,3,1.0,0.5 0.5 80.8189566632 53.5555555556 1.0 2.5 9.0
0.5 0.5 80.8189566632 53.5555555556 1.0 2.5 9.0,2,1.0,0.5 0.5 69.8949497924 53.7777777778 1.0 2.5 9.0
0.5 0.5 69.8949497924 53.7777777778 1.0 2.5 9.0,3,1.0,0.5 0.5 67.2217217106 40.6666666667 1.0 2.5 9.0
1.0 1.0 42.8185699939 10.3333333333 1.0 1.0 9.0,0,1.0,1.0 1.0 52.5045861143 13.2222222222 1.0 1.5 9.0
1.0 1.0 52.5045861143 13.2222222222 1.0 1.5 9.0,0,1.0,1.0 1.0 52.5045861143 13.4444444444 1.0 2.0 9.0
1.0 1.0 52.5045861143 13.4444444444 1.0 2.0 9.0,0,1.0,0.5 0.5 68.7633117817 39.7777777778 1.0 2.5 9.0
0.5 0.5 68.7633117817 39.7777777778 1.0 2.5 9.0,3,1.0,0.5 0.5 62.7758139907 67.3333333333 1.0 2.5 9.0
0.5 0.5 62.7758139907 67.3333333333 1.0 2.5 9.0,3,1.0,0.5 0.5 76.4028840867 48.7777777778 1.0 2.5 9.0
0.5 0.5 76.4028840867 48.7777777778 1.0 2.5 9.0,3,1.0,0.5 0.5 59.0869560302 50.8888888889 1.0 2.5 9.0
0.5 0.5 59.0869560302 50.8888888889 1.0 2.5 9.0,3,1.0,0.5 0.5 82.0518110827 88.7777777778 1.0 2.5 9.0
0.5 0.5 82.0518110827 88.7777777778 1.0 2.5 9.0,3,1.0,0.5 0.5 66.2638371226 58.8888888889 1.0 2.5 9.0
0.5 0.5 66.2638371226 58.8888888889 1.0 2.5 9.0,2,1.0,0.5 0.5 51.8209780015 49.5555555556 1.0 2.5 9.0
0.5 0.5 51.8209780015 49.5555555556 1.0 2.5 9.0,3,1.0,0.5 0.5 74.3475411568 61.2222222222 1.0 2.5 9.0
0.5 0.5 74.3475411568 61.2222222222 1.0 2.5 9.0,3,1.0,0.5 0.5 66.3564317289 38.5555555556 1.0 2.5 9.0
0.5 0.5 66.3564317289 38.5555555556 1.0 2.5 9.0,3,1.0,0.5 0.5 60.2331628608 26.3333333333 1.0 2.5 9.0
0.5 0.5 60.2331628608 26.3333333333 1.0 2.5 9.0,3,1.0,0.5 0.5 64.540395006 63.2222222222 1.0 2.5 9.0
0.5 0.5 64.540395006 63.2222222222 1.0 2.5 9.0,3,1.0,0.5 0.5 60.1298431596 37.5555555556 1.0 2.5 9.0
0.5 0.5 60.1298431596 37.5555555556 1.0 2.5 9.0,3,1.0,0.5 0.5 78.7162818081 53.0 1.0 2.5 9.0
1.0 1.0 48.2805357444 26.2222222222 1.0 1.5 9.0,0,1.0,1.0 1.0 47.5404834427 23.4444444444 1.0 2.0 9.0
1.0 1.0 47.5404834427 23.4444444444 1.0 2.0 9.0,0,1.0,0.5 0.5 68.9586135237 77.4444444444 1.0 2.5 9.0
0.5 0.5 68.9586135237 77.4444444444 1.0 2.5 9.0,3,1.0,0.5 0.5 63.1333180428 26.3333333333 1.0 2.5 9.0
0.5 0.5 63.1333180428 26.3333333333 1.0 2.5 9.0,3,1.0,0.5 0.5 67.8533151474 40.0 1.0 2.5 9.0
0.5 0.5 67.8533151474 40.0 1.0 2.5 9.0,3,1.0,0.5 0.5 60.5258441177 64.8888888889 1.0 2.5 9.0
0.5 0.5 60.5258441177 64.8888888889 1.0 2.5 9.0,3,1.0,0.5 0.5 59.1477660385 13.7777777778 1.0 2.5 9.0
0.5 0.5 59.1477660385 13.7777777778 1.0 2.5 9.0,3,1.0,0.5 0.5 52.7181466492 60.7777777778 1.0 2.5 9.0
0.5 0.5 52.7181466492 60.7777777778 1.0 2.5 9.0,3,1.0,0.5 0.5 71.0478219049 62.6666666667 1.0 2.5 9.0
0.5 0.5 71.0478219049 62.6666666667 1.0 2.5 9.0,3,1.0,0.5 0.5 74.1665825039 59.8888888889 1.0 2.5 9.0
0.5 0.5 74.1665825039 59.8888888889 1.0 2.5 9.0,3,1.0,0.5 0.5 72.8283238012 49.6666666667 1.0 2.5 9.0
0.5 0.5 72.8283238012 49.6666666667 1.0 2.5 9.0,3,1.0,0.5 0.5 92.9479445944 96.0 1.0 2.5 9.0
0.5 0.5 92.9479445944 96.0 1.0 2.5 9.0,3,1.0,0.5 0.5 52.2826542786 65.3333333333 1.0 2.5 9.0
0.5 0.5 52.2826542786 65.3333333333 1.0 2.5 9.0,3,1.0,0.5 0.5 74.5537781402 78.5555555556 1.0 2.5 9.0
0.5 0.5 74.5537781402 78.5555555556 1.0 2.5 9.0,3,1.0,0.5 0.5 72.9198668662 60.4444444444 1.0 2.5 9.0
0.5 0.5 72.9198668662 60.4444444444 1.0 2.5 9.0,3,1.0,0.5 0.5 66.1252693569 49.0 1.0 2.5 9.0
1.0 1.0 52.5045861143 13.1111111111 1.0 0.5 9.0,0,1.0,1.0 1.0 52.5045861143 13.5555555556 1.0 1.0 9.0
1.0 1.0 52.5045861143 13.5555555556 1.0 1.0 9.0,0,1.0,1.0 1.0 47.5404834427 23.3333333333 1.0 1.5 9.0
1.0 1.0 47.5404834427 23.3333333333 1.0 1.5 9.0,0,1.0,1.0 1.0 52.5045861143 13.4444444444 1.0 2.0 9.0
1.0 1.0 52.5045861143 13.4444444444 1.0 2.0 9.0,0,1.0,0.5 0.5 71.8995827441 54.2222222222 1.0 2.5 9.0
0.5 0.5 71.8995827441 54.2222222222 1.0 2.5 9.0,3,1.0,0.5 0.5 70.4393546998 51.3333333333 1.0 2.5 9.0
0.5 0.5 70.4393546998 51.3333333333 1.0 2.5 9.0,3,1.0,0.5 0.5 67.2870850061 67.1111111111 1.0 2.5 9.0
0.5 0.5 67.2870850061 67.1111111111 1.0 2.5 9.0,3,1.0,0.5 0.5 71.2837931642 40.5555555556 1.0 2.5 9.0
0.5 0.5 71.2837931642 40.5555555556 1.0 2.5 9.0,3,1.0,0.5 0.5 70.9578468486 27.3333333333 1.0 2.5 9.0
0.5 0.5 70.9578468486 27.3333333333 1.0 2.5 9.0,3,1.0,0.5 0.5 61.1817924342 62.4444444444 1.0 2.5 9.0
0.5 0.5 61.1817924342 62.4444444444 1.0 2.5 9.0,3,1.0,0.5 0.5 80.3755727268 62.2222222222 1.0 2.5 9.0
0.5 0.5 80.3755727268 62.2222222222 1.0 2.5 9.0,3,1.0,0.5 0.5 53.958973447 74.3333333333 1.0 2.5 9.0
0.5 0.5 53.958973447 74.3333333333 1.0 2.5 9.0,3,1.0,0.5 0.5 90.8728245576 78.5555555556 1.0 2.5 9.0
0.5 0.5 90.8728245576 78.5555555556 1.0 2.5 9.0,3,1.0,0.5 0.5 67.951452593 69.6666666667 1.0 2.5 9.0
0.5 0.5 67.951452593 69.6666666667 1.0 2.5 9.0,3,1.0,0.5 0.5 71.1216713445 83.3333333333 1.0 2.5 9.0
0.5 0.5 71.1216713445 83.3333333333 1.0 2.5 9.0,3,1.0,0.5 0.5 55.865326522 52.8888888889 1.0 2.5 9.0
1.0 1.0 31.2913463045 6.66666666667 0.666666666667 1.5 6.0,0,1.0,1.0 1.0 31.2913463045 6.5 0.666666666667 2.0 6.0
1.0 1.0 31.2913463045 6.5 0.666666666667 2.0 6.0,3,1.0,1.0 1.0 28.2651290319 6.57142857143 0.777777777778 2.0 7.0
1.0 1.0 28.2651290319 6.57142857143 0.777777777778 2.0 7.0,3,1.0,1.0 1.0 38.8800666501 10.0 0.888888888889 2.0 8.0
1.0 1.0 38.8800666501 10.0 0.888888888889 2.0 8.0,0,1.0,0.5 0.5 61.3087508932 40.75 0.888888888889 2.5 8.0
0.5 0.5 61.3087508932 40.75 0.888888888889 2.5 8.0,3,1.0,0.5 0.5 55.8235030899 59.1111111111 1.0 2.5 9.0
0.5 0.5 55.8235030899 59.1111111111 1.0 2.5 9.0,3,1.0,0.5 0.5 72.7877391912 38.7777777778 1.0 2.5 9.0
0.5 0.5 72.7877391912 38.7777777778 1.0 2.5 9.0,4,-1.0,0.5 0.5 66.375147282 53.0 0.888888888889 2.5 8.0
0.5 0.5 66.375147282 53.0 0.888888888889 2.5 8.0,3,1.0,0.5 0.5 63.9674038666 49.3333333333 1.0 2.5 9.0
0.5 0.5 63.9674038666 49.3333333333 1.0 2.5 9.0,3,1.0,0.5 0.5 55.5780274483 29.0 1.0 2.5 9.0
0.5 0.5 55.5780274483 29.0 1.0 2.5 9.0,3,1.0,0.5 0.5 81.2725061486 53.4444444444 1.0 2.5 9.0
0.5 0.5 81.2725061486 53.4444444444 1.0 2.5 9.0,3,1.0,0.5 0.5 60.5271568061 40.2222222222 1.0 2.5 9.0
0.5 0.5 60.5271568061 40.2222222222 1.0 2.5 9.0,3,1.0,0.5 0.5 62.4275035591 50.3333333333 1.0 2.5 9.0
0.5 0.5 62.4275035591 50.3333333333 1.0 2.5 9.0,3,1.0,0.5 0.5 82.5008899834 75.7777777778 1.0 2.5 9.0
0.5 0.5 82.5008899834 75.7777777778 1.0 2.5 9.0,3,1.0,0.5 0.5 85.201368912 82.4444444444 1.0 2.5 9.0
0.5 0.5 85.201368912 82.4444444444 1.0 2.5 9.0,2,1.0,0.5 0.5 68.7333102836 57.3333333333 1.0 2.5 9.0
1.0 1.0 31.2913463045 6.33333333333 0.666666666667 1.5 6.0,3,1.0,1.0 1.0 28.2651290319 6.57142857143 0.777777777778 1.5 7.0
1.0 1.0 28.2651290319 6.57142857143 0.777777777778 1.5 7.0,0,1.0,1.0 1.0 28.2651290319 6.42857142857 0.777777777778 2.0 7.0
1.0 1.0 28.2651290319 6.42857142857 0.777777777778 2.0 7.0,3,1.0,1.0 1.0 38.8800666501 10.25 0.888888888889 2.0 8.0
1.0 1.0 38.8800666501 10.25 0.888888888889 2.0 8.0,0,1.0,0.5 0.5 54.6176320858 26.5 0.888888888889 2.5 8.0
0.5 0.5 54.6176320858 26.5 0.888888888889 2.5 8.0,3,1.0,0.5 0.5 77.7631535492 81.0 1.0 2.5 9.0
0.5 0.5 77.7631535492 81.0 1.0 2.5 9.0,3,1.0,0.5 0.5 78.4415204556 43.2222222222 1.0 2.5 9.0
0.5 0.5 78.4415204556 43.2222222222 1.0 2.5 9.0,3,1.0,0.5 0.5 73.1535687751 50.0 1.0 2.5 9.0
0.5 0.5 73.1535687751 50.0 1.0 2.5 9.0,3,1.0,0.5 0.5 55.6716687826 34.8888888889 1.0 2.5 9.0
0.5 0.5 55.6716687826 34.8888888889 1.0 2.5 9.0,3,1.0,0.5 0.5 74.0746883836 40.4444444444 1.0 2.5 9.0
0.5 0.5 74.0746883836 40.4444444444 1.0 2.5 9.0,3,1.0,0.5 0.5 78.3161350909 29.7777777778 1.0 2.5 9.0
0.5 0.5 78.3161350909 29.7777777778 1.0 2.5 9.0,3,1.0,0.5 0.5 50.9434277139 45.3333333333 1.0 2.5 9.0
0.5 0.5 50.9434277139 45.3333333333 1.0 2.5 9.0,3,1.0,0.5 0.5 86.1574622644 47.4444444444 1.0 2.5 9.0
0.5 0.5 86.1574622644 47.4444444444 1.0 2.5 9.0,2,1.0,0.5 0.5 77.6128885581 64.0 1.0 2.5 9.0
0.5 0.5 77.6128885581 64.0 1.0 2.5 9.0,3,1.0,0.5 0.5 71.7619509222 84.5555555556 1.0 2.5 9.0
0.5 0.5 71.7619509222 84.5555555556 1.0 2.5 9.0,3,1.0,0.5 0.5 72.5098659368 19.0 1.0 2.5 9.0
0.0 0.0 250.0 150.0 0.0 4.0 5.0,1,-1.0,0.0 0.0 250.0 150.0 0.0 3.5 5.0
0.0 0.0 250.0 150.0 0.0 3.5 5.0,1,-1.0,0.0 0.0 250.0 150.0 0.0 3.0 5.0
0.0 0.0 250.0 150.0 0.0 3.0 5.0,1,1.0,0.5 0.5 56.1475816379 15.4 0.555555555556 2.5 5.0
0.5 0.5 56.1475816379 15.4 0.555555555556 2.5 5.0,3,1.0,0.5 0.5 72.8190058726 15.8333333333 0.666666666667 2.5 6.0
0.5 0.5 72.8190058726 15.8333333333 0.666666666667 2.5 6.0,3,1.0,0.5 0.5 63.7281471639 14.5714285714 0.777777777778 2.5 7.0
0.5 0.5 63.7281471639 14.5714285714 0.777777777778 2.5 7.0,3,1.0,0.5 0.5 25.8452118808 8.25 0.888888888889 2.5 8.0
0.5 0.5 25.8452118808 8.25 0.888888888889 2.5 8.0,3,1.0,0.5 0.5 80.644623143 66.6666666667 1.0 2.5 9.0
0.5 0.5 80.644623143 66.6666666667 1.0 2.5 9.0,3,1.0,0.5 0.5 57.1715067587 47.4444444444 1.0 2.5 9.0
0.5 0.5 57.1715067587 47.4444444444 1.0 2.5 9.0,3,1.0,0.5 0.5 64.0201799477 48.4444444444 1.0 2.5 9.0
0.5 0.5 64.0201799477 48.4444444444 1.0 2.5 9.0,3,1.0,0.5 0.5 71.5734591236 65.1111111111 1.0 2.5 9.0
0.5 0.5 71.5734591236 65.1111111111 1.0 2.5 9.0,3,1.0,0.5 0.5 74.6613373572 45.3333333333 1.0 2.5 9.0
0.5 0.5 74.6613373572 45.3333333333 1.0 2.5 9.0,3,1.0,0.5 0.5 70.4474618979 53.2222222222 1.0 2.5 9.0
0.5 0.5 70.4474618979 53.2222222222 1.0 2.5 9.0,3,1.0,0.5 0.5 73.6820922224 62.4444444444 1.0 2.5 9.0
0.5 0.5 73.6820922224 62.4444444444 1.0 2.5 9.0,3,1.0,0.5 0.5 86.3881306878 21.2222222222 1.0 2.5 9.0
0.5 0.5 86.3881306878 21.2222222222 1.0 2.5 9.0,3,1.0,0.5 0.5 56.9187076606 37.1111111111 1.0 2.5 9.0
0.0 0.0 250.0 150.0 0.0 3.0 9.0,1,1.0,0.5 0.5 65.9853804648 62.8888888889 1.0 2.5 9.0
0.5 0.5 65.9853804648 62.8888888889 1.0 2.5 9.0,3,1.0,0.5 0.5 52.9988972592 45.8888888889 1.0 2.5 9.0
0.5 0.5 52.9988972592 45.8888888889 1.0 2.5 9.0,3,1.0,0.5 0.5 74.2143094727 38.6666666667 1.0 2.5 9.0
0.5 0.5 74.2143094727 38.6666666667 1.0 2.5 9.0,3,1.0,0.5 0.5 93.6752968861 60.4444444444 1.0 2.5 9.0
0.5 0.5 93.6752968861 60.4444444444 1.0 2.5 9.0,3,1.0,0.5 0.5 48.8912492395 33.7777777778 1.0 2.5 9.0
0.5 0.5 48.8912492395 33.7777777778 1.0 2.5 9.0,3,1.0,0.5 0.5 72.3021467063 43.4444444444 1.0 2.5 9.0
0.5 0.5 72.3021467063 43.4444444444 1.0 2.5 9.0,3,1.0,0.5 0.5 44.779734148 33.4444444444 1.0 2.5 9.0
0.5 0.5 44.779734148 33.4444444444 1.0 2.5 9.0,3,1.0,0.5 0.5 53.879853809 28.7777777778 1.0 2.5 9.0
0.5 0.5 53.879853809 28.7777777778 1.0 2.5 9.0,3,1.0,0.5 0.5 61.3391841104 41.7777777778 1.0 2.5 9.0
0.5 0.5 61.3391841104 41.7777777778 1.0 2.5 9.0,1,-1.0,1.0 1.0 42.8185699939 10.4444444444 1.0 2.0 9.0
1.0 1.0 42.8185699939 10.4444444444 1.0 2.0 9.0,0,1.0,0.5 0.5 49.8300495545 34.1111111111 1.0 2.5 9.0
0.5 0.5 49.8300495545 34.1111111111 1.0 2.5 9.0,3,1.0,0.5 0.5 59.2848290467 50.2222222222 1.0 2.5 9.0
0.5 0.5 59.2848290467 50.2222222222 1.0 2.5 9.0,3,1.0,0.5 0.5 58.4691257821 53.0 1.0 2.5 9.0
0.5 0.5 58.4691257821 53.0 1.0 2.5 9.0,3,1.0,0.5 0.5 73.6195544762 54.1111111111 1.0 2.5 9.0
0.5 0.5 73.6195544762 54.1111111111 1.0 2.5 9.0,3,1.0,0.5 0.5 75.9591118958 60.8888888889 1.0 2.5 9.0
1.0 1.0 28.2651290319 6.57142857143 0.777777777778 1.5 7.0,0,1.0,1.0 1.0 28.2651290319 7.28571428571 0.777777777778 2.0 7.0
1.0 1.0 28.2651290319 7.28571428571 0.777777777778 2.0 7.0,3,1.0,1.0 1.0 38.8800666501 10.875 0.888888888889 2.0 8.0
1.0 1.0 38.8800666501 10.875 0.888888888889 2.0 8.0,0,1.0,0.5 0.5 51.6634791149 24.875 0.888888888889 2.5 8.0
0.5 0.5 51.6634791149 24.875 0.888888888889 2.5 8.0,3,1.0,0.5 0.5 66.4459927822 37.1111111111 1.0 2.5 9.0
0.5 0.5 66.4459927822 37.1111111111 1.0 2.5 9.0,3,1.0,0.5 0.5 75.9414964959 19.0 1.0 2.5 9.0
0.5 0.5 75.9414964959 19.0 1.0 2.5 9.0,3,1.0,0.5 0.5 84.020994789 64.5555555556 1.0 2.5 9.0
0.5 0.5 84.020994789 64.5555555556 1.0 2.5 9.0,3,1.0,0.5 0.5 49.7301559709 50.0 1.0 2.5 9.0
0.5 0.5 49.7301559709 50.0 1.0 2.5 9.0,3,1.0,0.5 0.5 48.9191208871 23.2222222222 1.0 2.5 9.0
0.5 0.5 48.9191208871 23.2222222222 1.0 2.5 9.0,3,1.0,0.5 0.5 59.6345442612 38.1111111111 1.0 2.5 9.0
0.5 0.5 59.6345442612 38.1111111111 1.0 2.5 9.0,3,1.0,0.5 0.5 58.4257807945 36.5555555556 1.0 2.5 9.0
0.5 0.5 58.4257807945 36.5555555556 1.0 2.5 9.0,3,1.0,0.5 0.5 61.3034089941 41.3333333333 1.0 2.5 9.0
0.5 0.5 61.3034089941 41.3333333333 1.0 2.5 9.0,3,1.0,0.5 0.5 64.7980930106 73.5555555556 1.0 2.5 9.0
0.5 0.5 64.7980930106 73.5555555556 1.0 2.5 9.0,3,1.0,0.5 0.5 73.4935991011 64.4444444444 1.0 2.5 9.0
0.5 0.5 73.4935991011 64.4444444444 1.0 2.5 9.0,3,1.0,0.5 0.5 74.1824965881 74.6666666667 1.0 2.5 9.0
0.5 0.5 74.1824965881 74.6666666667 1.0 2.5 9.0,3,1.0,0.5 0.5 75.9449291788 63.8888888889 1.0 2.5 9.0
1.0 1.0 52.5045861143 13.7777777778 1.0 0.5 9.0,0,1.0,1.0 1.0 52.5045861143 13.3333333333 1.0 1.0 9.0
1.0 1.0 52.5045861143 13.3333333333 1.0 1.0 9.0,0,1.0,1.0 1.0 52.5363979284 13.5555555556 1.0 1.5 9.0
1.0 1.0 52.5363979284 13.5555555556 1.0 1.5 9.0,0,1.0,1.0 1.0 52.3664711664 23.5555555556 1.0 2.0 9.0
1.0 1.0 52.3664711664 23.5555555556 1.0 2.0 9.0,0,1.0,0.5 0.5 76.9929195919 63.1111111111 1.0 2.5 9.0
0.5 0.5 76.9929195919 63.1111111111 1.0 2.5 9.0,3,1.0,0.5 0.5 59.1159542245 14.7777777778 1.0 2.5 9.0
0.5 0.5 59.1159542245 14.7777777778 1.0 2.5 9.0,2,1.0,0.5 0.5 60.4015957286 28.0 1.0 2.5 9.0
0.5 0.5 60.4015957286 28.0 1.0 2.5 9.0,3,1.0,0.5 0.5 71.6238232542 30.0 1.0 2.5 9.0
0.5 0.5 71.6238232542 30.0 1.0 2.5 9.0,3,1.0,0.5 0.5 65.3205774394 52.3333333333 1.0 2.5 9.0
0.5 0.5 65.3205774394 52.3333333333 1.0 2.5 9.0,3,1.0,0.5 0.5 51.270225565 26.3333333333 1.0 2.5 9.0
0.5 0.5 51.270225565 26.3333333333 1.0 2.5 9.0,3,1.0,0.5 0.5 77.0219146866 75.0 1.0 2.5 9.0
0.5 0.5 77.0219146866 75.0 1.0 2.5 9.0,3,1.0,0.5 0.5 84.8559317776 64.3333333333 1.0 2.5 9.0
0.5 0.5 84.8559317776 64.3333333333 1.0 2.5 9.0,3,1.0,0.5 0.5 66.0325167285 66.7777777778 1.0 2.5 9.0
0.5 0.5 66.0325167285 66.7777777778 1.0 2.5 9.0,3,1.0,0.5 0.5 43.5515949961 37.2222222222 1.0 2.5 9.0
0.5 0.5 43.5515949961 37.2222222222 1.0 2.5 9.0,3,1.0,0.5 0.5 62.250228204 48.6666666667 1.0 2.5 9.0
0.5 0.5 62.250228204 48.6666666667 1.0 2.5 9.0,3,1.0,0.5 0.5 59.3127981291 44.5555555556 1.0 2.5 9.0
0.5 0.5 69.9938817259 47.8888888889 1.0 2.5 9.0,3,1.0,0.5 0.5 91.6054400807 42.6666666667 1.0 2.5 9.0
0.5 0.5 91.6054400807 42.6666666667 1.0 2.5 9.0,3,1.0,0.5 0.5 57.0886321896 38.7777777778 1.0 2.5 9.0
0.5 0.5 57.0886321896 38.7777777778 1.0 2.5 9.0,3,1.0,0.5 0.5 83.9383392041 59.6666666667 1.0 2.5 9.0
0.5 0.5 83.9383392041 59.6666666667 1.0 2.5 9.0,3,1.0,0.5 0.5 73.5445221448 51.7777777778 1.0 2.5 9.0
0.5 0.5 73.5445221448 51.7777777778 1.0 2.5 9.0,2,1.0,0.5 0.5 79.0196013076 43.4444444444 1.0 2.5 9.0
0.5 0.5 79.0196013076 43.4444444444 1.0 2.5 9.0,3,1.0,0.5 0.5 52.3017531133 37.2222222222 1.0 2.5 9.0
0.5 0.5 52.3017531133 37.2222222222 1.0 2.5 9.0,3,1.0,0.5 0.5 62.3724356841 37.7777777778 1.0 2.5 9.0
0.5 0.5 62.3724356841 37.7777777778 1.0 2.5 9.0,3,1.0,0.5 0.5 58.1490736649 60.5555555556 1.0 2.5 9.0
0.5 0.5 58.1490736649 60.5555555556 1.0 2.5 9.0,3,1.0,0.5 0.5 72.6865477563 112.444444444 1.0 2.5 9.0
0.5 0.5 72.6865477563 112.444444444 1.0 2.5 9.0,3,1.0,0.5 0.5 70.1950686001 61.1111111111 1.0 2.5 9.0
0.5 0.5 70.1950686001 61.1111111111 1.0 2.5 9.0,3,1.0,0.5 0.5 61.150331479 49.7777777778 1.0 2.5 9.0
0.5 0.5 61.150331479 49.7777777778 1.0 2.5 9.0,3,1.0,0.5 0.5 65.1634062341 28.5555555556 1.0 2.5 9.0
0.5 0.5 65.1634062341 28.5555555556 1.0 2.5 9.0,3,1.0,0.5 0.5 66.3514857411 63.0 1.0 2.5 9.0
0.5 0.5 66.3514857411 63.0 1.0 2.5 9.0,3,1.0,0.5 0.5 71.1506766453 49.4444444444 1.0 2.5 9.0
0.5 0.5 71.1506766453 49.4444444444 1.0 2.5 9.0,2,1.0,0.5 0.5 62.6204000242 49.2222222222 1.0 2.5 9.0
1.0 1.0 35.8908156835 6.4 0.555555555556 0.5 5.0,0,1.0,1.0 1.0 35.8908156835 6.6 0.555555555556 1.0 5.0
1.0 1.0 35.8908156835 6.6 0.555555555556 1.0 5.0,3,1.0,1.0 1.0 31.2913463045 7.5 0.666666666667 1.0 6.0
1.0 1.0 31.2913463045 7.5 0.666666666667 1.0 6.0,0,1.0,1.0 1.0 31.2913463045 6.33333333333 0.666666666667 1.5 6.0
1.0 1.0 31.2913463045 6.33333333333 0.666666666667 1.5 6.0,0,1.0,1.0 1.0 31.2913463045 6.5 0.666666666667 2.0 6.0
1.0 1.0 31.2913463045 6.5 0.666666666667 2.0 6.0,3,1.0,1.0 1.0 28.2651290319 6.57142857143 0.777777777778 2.0 7.0
1.0 1.0 28.2651290319 6.57142857143 0.777777777778 2.0 7.0,0,1.0,0.5 0.5 60.129751272 17.2857142857 0.777777777778 2.5 7.0
0.5 0.5 60.129751272 17.2857142857 0.777777777778 2.5 7.0,3,1.0,0.5 0.5 55.4391471479 15.75 0.888888888889 2.5 8.0
0.5 0.5 55.4391471479 15.75 0.888888888889 2.5 8.0,3,1.0,0.5 0.5 68.8643488117 50.8888888889 1.0 2.5 9.0
0.5 0.5 68.8643488117 50.8888888889 1.0 2.5 9.0,3,1.0,0.5 0.5 69.5248184164 77.5555555556 1.0 2.5 9.0
0.5 0.5 69.5248184164 77.5555555556 1.0 2.5 9.0,3,1.0,0.5 0.5 83.4862922766 54.4444444444 1.0 2.5 9.0
0.5 0.5 83.4862922766 54.4444444444 1.0 2.5 9.0,3,1.0,0.5 0.5 78.9884319115 68.0 1.0 2.5 9.0
0.5 0.5 78.9884319115 68.0 1.0 2.5 9.0,3,1.0,0.5 0.5 77.7281720146 40.5555555556 1.0 2.5 9.0
0.5 0.5 77.7281720146 40.5555555556 1.0 2.5 9.0,3,1.0,0.5 0.5 64.7960159596 64.1111111111 1.0 2.5 9.0
0.5 0.5 64.7960159596 64.1111111111 1.0 2.5 9.0,3,1.0,0.5 0.5 56.8573506506 62.1111111111 1.0 2.5 9.0
0.5 0.5 56.8573506506 62.1111111111 1.0 2.5 9.0,3,1.0,0.5 0.5 70.7007702211 46.6666666667 1.0 2.5 9.0
0.0 0.0 250.0 150.0 0.0 4.0 9.0,1,-1.0,0.0 0.0 250.0 150.0 0.0 3.5 9.0
0.0 0.0 250.0 150.0 0.0 3.5 9.0,1,-1.0,0.0 0.0 250.0 150.0 0.0 3.0 9.0
0.0 0.0 250.0 150.0 0.0 3.0 9.0,1,1.0,0.5 0.5 58.6207338443 66.8888888889 1.0 2.5 9.0
0.5 0.5 58.6207338443 66.8888888889 1.0 2.5 9.0,3,1.0,0.5 0.5 69.5163971988 62.7777777778 1.0 2.5 9.0
0.5 0.5 69.5163971988 62.7777777778 1.0 2.5 9.0,3,1.0,0.5 0.5 57.4230472189 38.8888888889 1.0 2.5 9.0
0.5 0.5 57.4230472189 38.8888888889 1.0 2.5 9.0,3,1.0,0.5 0.5 55.2462768022 51.4444444444 1.0 2.5 9.0
0.5 0.5 55.2462768022 51.4444444444 1.0 2.5 9.0,2,1.0,0.5 0.5 44.6789250342 38.8888888889 1.0 2.5 9.0
0.5 0.5 44.6789250342 38.8888888889 1.0 2.5 9.0,3,1.0,0.5 0.5 76.5725483035 82.6666666667 1.0 2.5 9.0
0.5 0.5 76.5725483035 82.6666666667 1.0 2.5 9.0,3,1.0,0.5 0.5 67.6467260656 62.2222222222 1.0 2.5 9.0
0.5 0.5 67.6467260656 62.2222222222 1.0 2.5 9.0,3,1.0,0.5 0.5 69.1961211387 55.8888888889 1.0 2.5 9.0
0.5 0.5 69.1961211387 55.8888888889 1.0 2.5 9.0,3,1.0,0.5 0.5 64.2578891881 40.3333333333 1.0 2.5 9.0
0.5 0.5 64.2578891881 40.3333333333 1.0 2.5 9.0,3,1.0,0.5 0.5 68.1293455224 40.5555555556 1.0 2.5 9.0
0.5 0.5 68.1293455224 40.5555555556 1.0 2.5 9.0,3,1.0,0.5 0.5 73.7875911882 107.444444444 1.0 2.5 9.0
0.5 0.5 73.7875911882 107.444444444 1.0 2.5 9.0,3,1.0,0.5 0.5 55.0648337198 39.2222222222 1.0 2.5 9.0
0.5 0.5 55.0648337198 39.2222222222 1.0 2.5 9.0,3,1.0,0.5 0.5 49.3157662241 22.8888888889 1.0 2.5 9.0
1.0 1.0 25.1577403212 7.42857142857 0.777777777778 1.0 7.0,0,1.0,1.0 1.0 28.2651290319 6.57142857143 0.777777777778 1.5 7.0
1.0 1.0 28.2651290319 6.57142857143 0.777777777778 1.5 7.0,0,1.0,1.0 1.0 28.2651290319 6.28571428571 0.777777777778 2.0 7.0
1.0 1.0 28.2651290319 6.28571428571 0.777777777778 2.0 7.0,0,1.0,0.5 0.5 63.1887387131 14.2857142857 0.777777777778 2.5 7.0
0.5 0.5 63.1887387131 14.2857142857 0.777777777778 2.5 7.0,3,1.0,0.5 0.5 64.8006266811 29.375 0.888888888889 2.5 8.0
0.5 0.5 64.8006266811 29.375 0.888888888889 2.5 8.0,3,1.0,0.5 0.5 54.9204497362 27.3333333333 1.0 2.5 9.0
0.5 0.5 54.9204497362 27.3333333333 1.0 2.5 9.0,3,1.0,0.5 0.5 50.7576473921 26.2222222222 1.0 2.5 9.0
0.5 0.5 50.7576473921 26.2222222222 1.0 2.5 9.0,3,1.0,0.5 0.5 44.9708973947 23.3333333333 1.0 2.5 9.0
0.5 0.5 44.9708973947 23.3333333333 1.0 2.5 9.0,3,1.0,0.5 0.5 63.0021560374 52.3333333333 1.0 2.5 9.0
0.5 0.5 63.0021560374 52.3333333333 1.0 2.5 9.0,3,1.0,0.5 0.5 75.9884743408 78.8888888889 1.0 2.5 9.0
0.5 0.5 75.9884743408 78.8888888889 1.0 2.5 9.0,3,1.0,0.5 0.5 44.7478554246 62.6666666667 1.0 2.5 9.0
0.5 0.5 44.7478554246 62.6666666667 1.0 2.5 9.0,3,1.0,0.5 0.5 78.8331300515 53.6666666667 1.0 2.5 9.0
0.5 0.5 78.8331300515 53.6666666667 1.0 2.5 9.0,3,1.0,0.5 0.5 59.4101810996 36.8888888889 1.0 2.5 9.0
0.5 0.5 59.4101810996 36.8888888889 1.0 2.5 9.0,2,1.0,0.5 0.5 68.935900138 39.4444444444 1.0 2.5 9.0
0.5 0.5 68.935900138 39.4444444444 1.0 2.5 9.0,3,1.0,0.5 0.5 83.7972327231 60.2222222222 1.0 2.5 9.0
0.5 0.5 83.7972327231 60.2222222222 1.0 2.5 9.0,3,1.0,0.5 0.5 45.396855917 37.6666666667 1.0 2.5 9.0
0.0 0.0 250.0 150.0 0.0 3.0 9.0,1,1.0,0.5 0.5 75.3531852546 70.2222222222 1.0 2.5 9.0
0.5 0.5 75.3531852546 70.2222222222 1.0 2.5 9.0,2,1.0,0.5 0.5 66.9852492462 64.3333333333 1.0 2.5 9.0
0.5 0.5 66.9852492462 64.3333333333 1.0 2.5 9.0,3,1.0,0.5 0.5 69.0193967829 79.4444444444 1.0 2.5 9.0
0.5 0.5 69.0193967829 79.4444444444 1.0 2.5 9.0,3,1.0,0.5 0.5 86.7993957122 52.7777777778 1.0 2.5 9.0
0.5 0.5 86.7993957122 52.7777777778 1.0 2.5 9.0,2,1.0,0.5 0.5 83.945276602 53.2222222222 1.0 2.5 9.0
0.5 0.5 83.945276602 53.2222222222 1.0 2.5 9.0,3,1.0,0.5 0.5 60.095086844 38.4444444444 1.0 2.5 9.0
0.5 0.5 60.095086844 38.4444444444 1.0 2.5 9.0,3,1.0,0.5 0.5 53.703701148 36.1111111111 1.0 2.5 9.0
0.5 0.5 53.703701148 36.1111111111 1.0 2.5 9.0,3,1.0,0.5 0.5 54.7571576803 63.0 1.0 2.5 9.0
0.5 0.5 54.7571576803 63.0 1.0 2.5 9.0,2,1.0,0.5 0.5 64.6374213361 25.8888888889 1.0 2.5 9.0
0.5 0.5 64.6374213361 25.8888888889 1.0 2.5 9.0,2,1.0,0.5 0.5 71.5147330602 76.8888888889 1.0 2.5 9.0
0.5 0.5 71.5147330602 76.8888888889 1.0 2.5 9.0,3,1.0,0.5 0.5 61.6443353402 39.4444444444 1.0 2.5 9.0
0.5 0.5 61.6443353402 39.4444444444 1.0 2.5 9.0,3,1.0,0.5 0.5 80.6974930667 83.2222222222 1.0 2.5 9.0
0.5 0.5 80.6974930667 83.2222222222 1.0 2.5 9.0,2,1.0,0.5 0.5 56.8668676478 49.1111111111 1.0 2.5 9.0
0.5 0.5 56.8668676478 49.1111111111 1.0 2.5 9.0,3,1.0,0.5 0.5 47.2931852572 61.2222222222 1.0 2.5 9.0
0.5 0.5 47.2931852572 61.2222222222 1.0 2.5 9.0,3,1.0,0.5 0.5 70.7577814425 79.3333333333 1.0 2.5 9.0
0.5 0.5 63.8031597742 28.6666666667 1.0 2.5 9.0,3,1.0,0.5 0.5 58.3237451623 68.6666666667 1.0 2.5 9.0
0.5 0.5 58.3237451623 68.6666666667 1.0 2.5 9.0,3,1.0,0.5 0.5 51.0324039889 56.6666666667 1.0 2.5 9.0
0.5 0.5 51.0324039889 56.6666666667 1.0 2.5 9.0,3,1.0,0.5 0.5 62.1856349483 55.5555555556 1.0 2.5 9.0
0.5 0.5 62.1856349483 55.5555555556 1.0 2.5 9.0,2,1.0,0.5 0.5 76.0002888159 41.3333333333 1.0 2.5 9.0
0.5 0.5 76.0002888159 41.3333333333 1.0 2.5 9.0,3,1.0,0.5 0.5 52.0214787058 63.7777777778 1.0 2.5 9.0
0.5 0.5 52.0214787058 63.7777777778 1.0 2.5 9.0,3,1.0,0.5 0.5 93.3012388535 47.1111111111 1.0 2.5 9.0
0.5 0.5 93.3012388535 47.1111111111 1.0 2.5 9.0,3,1.0,0.5 0.5 64.4349712387 38.4444444444 1.0 2.5 9.0
0.5 0.5 64.4349712387 38.4444444444 1.0 2.5 9.0,3,1.0,0.5 0.5 36.6575730915 34.8888888889 1.0 2.5 9.0
0.5 0.5 36.6575730915 34.8888888889 1.0 2.5 9.0,3,1.0,0.5 0.5 95.683524104 33.3333333333 1.0 2.5 9.0
0.5 0.5 95.683524104 33.3333333333 1.0 2.5 9.0,3,1.0,0.5 0.5 72.4300687926 47.7777777778 1.0 2.5 9.0
0.5 0.5 72.4300687926 47.7777777778 1.0 2.5 9.0,3,1.0,0.5 0.5 60.065184323 51.1111111111 1.0 2.5 9.0
0.5 0.5 60.065184323 51.1111111111 1.0 2.5 9.0,3,1.0,0.5 0.5 57.0927410697 89.4444444444 1.0 2.5 9.0
0.5 0.5 57.0927410697 89.4444444444 1.0 2.5 9.0,3,1.0,0.5 0.5 59.868490071 58.3333333333 1.0 2.5 9.0
0.5 0.5 59.868490071 58.3333333333 1.0 2.5 9.0,3,1.0,0.5 0.5 47.2451149223 53.0 1.0 2.5 9.0
0.5 0.5 47.2451149223 53.0 1.0 2.5 9.0,3,1.0,0.5 0.5 92.4647501839 70.4444444444 1.0 2.5 9.0
1.0 1.0 31.2913463045 7.33333333333 0.666666666667 0.5 6.0,0,1.0,1.0 1.0 31.2913463045 6.5 0.666666666667 1.0 6.0
1.0 1.0 31.2913463045 6.5 0.666666666667 1.0 6.0,0,1.0,1.0 1.0 31.2913463045 6.5 0.666666666667 1.5 6.0
1.0 1.0 31.2913463045 6.5 0.666666666667 1.5 6.0,3,1.0,1.0 1.0 28.2651290319 7.42857142857 0.777777777778 1.5 7.0
1.0 1.0 28.2651290319 7.42857142857 0.777777777778 1.5 7.0,0,1.0,1.0 1.0 28.2651290319 6.57142857143 0.777777777778 2.0 7.0
1.0 1.0 28.2651290319 6.57142857143 0.777777777778 2.0 7.0,0,1.0,0.5 0.5 52.3774972863 15.2857142857 0.777777777778 2.5 7.0
0.5 0.5 52.3774972863 15.2857142857 0.777777777778 2.5 7.0,3,1.0,0.5 0.5 70.3725370279 43.5 0.888888888889 2.5 8.0
0.5 0.5 70.3725370279 43.5 0.888888888889 2.5 8.0,3,1.0,0.5 0.5 74.4502839027 31.1111111111 1.0 2.5 9.0
0.5 0.5 74.4502839027 31.1111111111 1.0 2.5 9.0,3,1.0,0.5 0.5 74.5885634255 70.0 1.0 2.5 9.0
0.5 0.5 74.5885634255 70.0 1.0 2.5 9.0,3,1.0,0.5 0.5 70.6116498794 38.7777777778 1.0 2.5 9.0
0.5 0.5 70.6116498794 38.7777777778 1.0 2.5 9.0,2,1.0,0.5 0.5 77.2210122065 30.0 1.0 2.5 9.0
0.5 0.5 77.2210122065 30.0 1.0 2.5 9.0,3,1.0,0.5 0.5 62.6797745397 51.7777777778 1.0 2.5 9.0
0.5 0.5 62.6797745397 51.7777777778 1.0 2.5 9.0,3,1.0,0.5 0.5 87.9579263139 46.7777777778 1.0 2.5 9.0
0.5 0.5 87.9579263139 46.7777777778 1.0 2.5 9.0,3,1.0,0.5 0.5 80.9517162337 33.5555555556 1.0 2.5 9.0
0.5 0.5 80.9517162337 33.5555555556 1.0 2.5 9.0,3,1.0,0.5 0.5 66.8904681391 36.1111111111 1.0 2.5 9.0
0.5 0.5 66.8904681391 36.1111111111 1.0 2.5 9.0,2,1.0,0.5 0.5 85.2824758036 43.1111111111 1.0 2.5 9.0
0.5 0.5 55.1841527909 29.25 0.888888888889 2.5 8.0,3,1.0,0.5 0.5 67.2014579418 50.4444444444 1.0 2.5 9.0
0.5 0.5 67.2014579418 50.4444444444 1.0 2.5 9.0,3,1.0,0.5 0.5 57.8295129568 50.3333333333 1.0 2.5 9.0
0.5 0.5 57.8295129568 50.3333333333 1.0 2.5 9.0,3,1.0,0.5 0.5 70.5270933108 62.2222222222 1.0 2.5 9.0
0.5 0.5 70.5270933108 62.2222222222 1.0 2.5 9.0,3,1.0,0.5 0.5 74.2338564483 38.3333333333 1.0 2.5 9.0
0.5 0.5 74.2338564483 38.3333333333 1.0 2.5 9.0,3,1.0,0.5 0.5 75.4645647506 75.2222222222 1.0 2.5 9.0
0.5 0.5 75.4645647506 75.2222222222 1.0 2.5 9.0,3,1.0,0.5 0.5 78.3722547501 30.1111111111 1.0 2.5 9.0
0.5 0.5 78.3722547501 30.1111111111 1.0 2.5 9.0,3,1.0,0.5 0.5 87.0813779117 89.0 1.0 2.5 9.0
0.5 0.5 87.0813779117 89.0 1.0 2.5 9.0,3,1.0,0.5 0.5 76.3584598462 81.8888888889 1.0 2.5 9.0
0.5 0.5 76.3584598462 81.8888888889 1.0 2.5 9.0,3,1.0,0.5 0.5 70.4426052375 51.1111111111 1.0 2.5 9.0
0.5 0.5 70.4426052375 51.1111111111 1.0 2.5 9.0,3,1.0,0.5 0.5 61.8952884194 60.7777777778 1.0 2.5 9.0
0.5 0.5 61.8952884194 60.7777777778 1.0 2.5 9.0,3,1.0,0.5 0.5 55.1305109707 36.6666666667 1.0 2.5 9.0
0.5 0.5 55.1305109707 36.6666666667 1.0 2.5 9.0,3,1.0,0.5 0.5 62.2338117891 60.0 1.0 2.5 9.0
0.5 0.5 62.2338117891 60.0 1.0 2.5 9.0,3,1.0,0.5 0.5 71.4329047199 52.7777777778 1.0 2.5 9.0
0.5 0.5 71.4329047199 52.7777777778 1.0 2.5 9.0,3,1.0,0.5 0.5 71.3935117712 39.1111111111 1.0 2.5 9.0
0.5 0.5 71.3935117712 39.1111111111 1.0 2.5 9.0,2,1.0,0.5 0.5 71.2131016763 34.7777777778 1.0 2.5 9.0
1.0 1.0 42.8185699939 10.3333333333 1.0 2.0 9.0,0,1.0,0.5 0.5 48.2850179423 35.4444444444 1.0 2.5 9.0
0.5 0.5 48.2850179423 35.4444444444 1.0 2.5 9.0,3,1.0,0.5 0.5 57.7823125207 62.5555555556 1.0 2.5 9.0
0.5 0.5 57.7823125207 62.5555555556 1.0 2.5 9.0,3,1.0,0.5 0.5 88.0140003565 112.333333333 1.0 2.5 9.0
0.5 0.5 88.0140003565 112.333333333 1.0 2.5 9.0,3,1.0,0.5 0.5 72.1062224401 39.6666666667 1.0 2.5 9.0
0.5 0.5 72.1062224401 39.6666666667 1.0 2.5 9.0,2,1.0,0.5 0.5 81.0416505387 78.8888888889 1.0 2.5 9.0
0.5 0.5 81.0416505387 78.8888888889 1.0 2.5 9.0,3,1.0,0.5 0.5 75.5876723217 41.8888888889 1.0 2.5 9.0
0.5 0.5 75.5876723217 41.8888888889 1.0 2.5 9.0,3,1.0,0.5 0.5 62.446143498 51.2222222222 1.0 2.5 9.0
0.5 0.5 62.446143498 51.2222222222 1.0 2.5 9.0,2,1.0,0.5 0.5 56.6925957891 39.3333333333 1.0 2.5 9.0
0.5 0.5 56.6925957891 39.3333333333 1.0 2.5 9.0,3,1.0,0.5 0.5 48.4150847403 41.3333333333 1.0 2.5 9.0
0.5 0.5 48.4150847403 41.3333333333 1.0 2.5 9.0,3,1.0,0.5 0.5 87.0986680279 56.4444444444 1.0 2.5 9.0
0.5 0.5 87.0986680279 56.4444444444 1.0 2.5 9.0,2,1.0,0.5 0.5 67.3423654295 72.1111111111 1.0 2.5 9.0
0.5 0.5 67.3423654295 72.1111111111 1.0 2.5 9.0,3,1.0,0.5 0.5 63.6624350663 52.8888888889 1.0 2.5 9.0
0.5 0.5 63.6624350663 52.8888888889 1.0 2.5 9.0,3,1.0,0.5 0.5 72.0704186251 52.3333333333 1.0 2.5 9.0
0.5 0.5 72.0704186251 52.3333333333 1.0 2.5 9.0,3,1.0,0.5 0.5 57.5884136006 36.4444444444 1.0 2.5 9.0
0.5 0.5 57.5884136006 36.4444444444 1.0 2.5 9.0,3,1.0,0.5 0.5 65.6009391537 28.4444444444 1.0 2.5 9.0
0.0 0.0 250.0 150.0 0.0 4.0 9.0,1,-1.0,0.0 0.0 250.0 150.0 0.0 3.5 9.0
0.0 0.0 250.0 150.0 0.0 3.5 9.0,1,-1.0,0.0 0.0 250.0 150.0 0.0 3.0 9.0
0.0 0.0 250.0 150.0 0.0 3.0 9.0,1,1.0,0.5 0.5 73.4761491837 61.2222222222 1.0 2.5 9.0
0.5 0.5 73.4761491837 61.2222222222 1.0 2.5 9.0,3,1.0,0.5 0.5 70.2197239671 52.3333333333 1.0 2.5 9.0
0.5 0.5 70.2197239671 52.3333333333 1.0 2.5 9.0,3,1.0,0.5 0.5 72.8249200269 29.0 1.0 2.5 9.0
0.5 0.5 72.8249200269 29.0 1.0 2.5 9.0,2,1.0,0.5 0.5 80.7251293603 40.2222222222 1.0 2.5 9.0
0.5 0.5 80.7251293603 40.2222222222 1.0 2.5 9.0,3,1.0,0.5 0.5 73.6474846023 58.2222222222 1.0 2.5 9.0
0.5 0.5 73.6474846023 58.2222222222 1.0 2.5 9.0,3,1.0,0.5 0.5 65.8132743251 48.2222222222 1.0 2.5 9.0
0.5 0.5 65.8132743251 48.2222222222 1.0 2.5 9.0,3,1.0,0.5 0.5 65.0237481439 48.1111111111 1.0 2.5 9.0
0.5 0.5 65.0237481439 48.1111111111 1.0 2.5 9.0,3,1.0,0.5 0.5 60.6875492606 37.8888888889 1.0 2.5 9.0
0.5 0.5 60.6875492606 37.8888888889 1.0 2.5 9.0,3,1.0,0.5 0.5 89.5610118519 47.3333333333 1.0 2.5 9.0
0.5 0.5 89.5610118519 47.3333333333 1.0 2.5 9.0,2,1.0,0.5 0.5 60.268369777 47.8888888889 1.0 2.5 9.0
0.5 0.5 60.268369777 47.8888888889 1.0 2.5 9.0,3,1.0,0.5 0.5 69.6781016595 51.8888888889 1.0 2.5 9.0
0.5 0.5 69.6781016595 51.8888888889 1.0 2.5 9.0,3,1.0,0.5 0.5 76.1171793024 52.1111111111 1.0 2.5 9.0
0.5 0.5 76.1171793024 52.1111111111 1.0 2.5 9.0,2,1.0,0.5 0.5 48.5990843886 48.4444444444 1.0 2.5 9.0
0.0 0.0 250.0 150.0 0.0 4.0 9.0,1,-1.0,0.0 0.0 250.0 150.0 0.0 3.5 9.0
0.0 0.0 250.0 150.0 0.0 3.5 9.0,1,-1.0,0.0 0.0 250.0 150.0 0.0 3.0 9.0
0.0 0.0 250.0 150.0 0.0 3.0 9.0,1,1.0,0.5 0.5 58.2996952906 57.0 1.0 2.5 9.0
0.5 0.5 58.2996952906 57.0 1.0 2.5 9.0,3,1.0,0.5 0.5 73.4928499863 39.7777777778 1.0 2.5 9.0
0.5 0.5 73.4928499863 39.7777777778 1.0 2.5 9.0,3,1.0,0.5 0.5 64.7797566847 42.2222222222 1.0 2.5 9.0
0.5 0.5 64.7797566847 42.2222222222 1.0 2.5 9.0,3,1.0,0.5 0.5 54.5950838671 47.6666666667 1.0 2.5 9.0
0.5 0.5 54.5950838671 47.6666666667 1.0 2.5 9.0,2,1.0,0.5 0.5 94.0562698628 44.6666666667 1.0 2.5 9.0
0.5 0.5 94.0562698628 44.6666666667 1.0 2.5 9.0,2,1.0,0.5 0.5 83.6087885528 43.3333333333 1.0 2.5 9.0
0.5 0.5 83.6087885528 43.3333333333 1.0 2.5 9.0,3,1.0,0.5 0.5 75.7610887824 43.1111111111 1.0 2.5 9.0
0.5 0.5 75.7610887824 43.1111111111 1.0 2.5 9.0,3,1.0,0.5 0.5 84.1884677088 64.6666666667 1.0 2.5 9.0
0.5 0.5 84.1884677088 64.6666666667 1.0 2.5 9.0,3,1.0,0.5 0.5 81.8879954628 66.4444444444 1.0 2.5 9.0
0.5 0.5 81.8879954628 66.4444444444 1.0 2.5 9.0,3,1.0,0.5 0.5 71.6334637725 88.2222222222 1.0 2.5 9.0
0.5 0.5 71.6334637725 88.2222222222 1.0 2.5 9.0,3,1.0,0.5 0.5 63.3191107181 63.4444444444 1.0 2.5 9.0
0.5 0.5 63.3191107181 63.4444444444 1.0 2.5 9.0,3,1.0,0.5 0.5 68.3834232805 69.3333333333 1.0 2.5 9.0
0.5 0.5 68.3834232805 69.3333333333 1.0 2.5 9.0,3,1.0,0.5 0.5 64.6239293672 47.7777777778 1.0 2.5 9.0
0.0 0.0 250.0 150.0 0.0 3.5 7.0,1,-1.0,0.0 0.0 250.0 150.0 0.0 3.0 7.0
0.0 0.0 250.0 150.0 0.0 3.0 7.0,1,1.0,0.5 0.5 51.9167639048 20.4285714286 0.777777777778 2.5 7.0
0.5 0.5 51.9167639048 20.4285714286 0.777777777778 2.5 7.0,3,1.0,0.5 0.5 55.1715622885 33.0 0.888888888889 2.5 8.0
0.5 0.5 55.1715622885 33.0 0.888888888889 2.5 8.0,3,1.0,0.5 0.5 78.0851858226 31.6666666667 1.0 2.5 9.0
0.5 0.5 78.0851858226 31.6666666667 1.0 2.5 9.0,3,1.0,0.5 0.5 63.1273138927 41.4444444444 1.0 2.5 9.0
0.5 0.5 63.1273138927 41.4444444444 1.0 2.5 9.0,3,1.0,0.5 0.5 65.1595126861 80.7777777778 1.0 2.5 9.0
0.5 0.5 65.1595126861 80.7777777778 1.0 2.5 9.0,3,1.0,0.5 0.5 42.9357066464 37.2222222222 1.0 2.5 9.0
0.5 0.5 42.9357066464 37.2222222222 1.0 2.5 9.0,3,1.0,0.5 0.5 84.0407552554 33.2222222222 1.0 2.5 9.0
0.5 0.5 84.0407552554 33.2222222222 1.0 2.5 9.0,3,1.0,0.5 0.5 47.9247139948 47.2222222222 1.0 2.5 9.0
0.5 0.5 47.9247139948 47.2222222222 1.0 2.5 9.0,3,1.0,0.5 0.5 57.5906151832 34.7777777778 1.0 2.5 9.0
0.5 0.5 57.5906151832 34.7777777778 1.0 2.5 9.0,3,1.0,0.5 0.5 50.7770359789 22.6666666667 1.0 2.5 9.0
0.5 0.5 50.7770359789 22.6666666667 1.0 2.5 9.0,3,1.0,0.5 0.5 66.5278975109 38.5555555556 1.0 2.5 9.0
0.5 0.5 66.5278975109 38.5555555556 1.0 2.5 9.0,3,1.0,0.5 0.5 59.4904161338 70.3333333333 1.0 2.5 9.0
0.5 0.5 59.4904161338 70.3333333333 1.0 2.5 9.0,3,1.0,0.5 0.5 77.5876638732 50.7777777778 1.0 2.5 9.0
0.5 0.5 77.5876638732 50.7777777778 1.0 2.5 9.0,3,1.0,0.5 0.5 76.7515776824 40.0 1.0 2.5 9.0
1.0 1.0 52.5045861143 13.4444444444 1.0 2.0 9.0,0,1.0,0.5 0.5 50.8464483513 45.1111111111 1.0 2.5 9.0
0.5 0.5 50.8464483513 45.1111111111 1.0 2.5 9.0,3,1.0,0.5 0.5 46.4867759222 13.7777777778 1.0 2.5 9.0
0.5 0.5 46.4867759222 13.7777777778 1.0 2.5 9.0,3,1.0,0.5 0.5 64.4993400015 50.7777777778 1.0 2.5 9.0
0.5 0.5 64.4993400015 50.7777777778 1.0 2.5 9.0,3,1.0,0.5 0.5 68.0422908252 55.3333333333 1.0 2.5 9.0
0.5 0.5 68.0422908252 55.3333333333 1.0 2.5 9.0,2,1.0,0.5 0.5 57.6653764294 48.4444444444 1.0 2.5 9.0
0.5 0.5 57.6653764294 48.4444444444 1.0 2.5 9.0,3,1.0,0.5 0.5 60.095086844 39.6666666667 1.0 2.5 9.0
0.5 0.5 60.095086844 39.6666666667 1.0 2.5 9.0,3,1.0,0.5 0.5 69.4984079777 71.1111111111 1.0 2.5 9.0
0.5 0.5 69.4984079777 71.1111111111 1.0 2.5 9.0,3,1.0,0.5 0.5 68.1192261569 42.0 1.0 2.5 9.0
0.5 0.5 68.1192261569 42.0 1.0 2.5 9.0,3,1.0,0.5 0.5 58.4964715601 14.6666666667 1.0 2.5 9.0
0.5 0.5 58.4964715601 14.6666666667 1.0 2.5 9.0,3,1.0,0.5 0.5 56.2599348814 49.8888888889 1.0 2.5 9.0
0.5 0.5 56.2599348814 49.8888888889 1.0 2.5 9.0,3,1.0,0.5 0.5 45.2111725766 48.4444444444 1.0 2.5 9.0
0.5 0.5 45.2111725766 48.4444444444 1.0 2.5 9.0,3,1.0,0.5 0.5 57.5940896333 14.2222222222 1.0 2.5 9.0
0.5 0.5 57.5940896333 14.2222222222 1.0 2.5 9.0,3,1.0,0.5 0.5 68.5692140018 40.6666666667 1.0 2.5 9.0
0.5 0.5 68.5692140018 40.6666666667 1.0 2.5 9.0,3,1.0,0.5 0.5 83.1894098269 68.3333333333 1.0 2.5 9.0
0.5 0.5 83.1894098269 68.3333333333 1.0 2.5 9.0,3,1.0,0.5 0.5 62.6941094358 38.4444444444 1.0 2.5 9.0
0.5 0.5 85.0204888474 44.2222222222 1.0 2.5 9.0,3,1.0,0.5 0.5 65.1733811894 28.0 1.0 2.5 9.0
0.5 0.5 65.1733811894 28.0 1.0 2.5 9.0,3,1.0,0.5 0.5 88.9288976986 69.6666666667 1.0 2.5 9.0
0.5 0.5 88.9288976986 69.6666666667 1.0 2.5 9.0,3,1.0,0.5 0.5 68.36749382 60.2222222222 1.0 2.5 9.0
0.5 0.5 68.36749382 60.2222222222 1.0 2.5 9.0,3,1.0,0.5 0.5 67.2950723008 63.5555555556 1.0 2.5 9.0
0.5 0.5 67.2950723008 63.5555555556 1.0 2.5 9.0,3,1.0,0.5 0.5 54.3090581239 49.0 1.0 2.5 9.0
0.5 0.5 54.3090581239 49.0 1.0 2.5 9.0,3,1.0,0.5 0.5 71.5634585356 48.4444444444 1.0 2.5 9.0
0.5 0.5 71.5634585356 48.4444444444 1.0 2.5 9.0,3,1.0,0.5 0.5 64.3952104921 27.4444444444 1.0 2.5 9.0
0.5 0.5 64.3952104921 27.4444444444 1.0 2.5 9.0,3,1.0,0.5 0.5 79.0344676007 65.6666666667 1.0 2.5 9.0
0.5 0.5 79.0344676007 65.6666666667 1.0 2.5 9.0,3,1.0,0.5 0.5 62.1133469124 50.3333333333 1.0 2.5 9.0
0.5 0.5 62.1133469124 50.3333333333 1.0 2.5 9.0,2,1.0,0.5 0.5 69.465763408 50.2222222222 1.0 2.5 9.0
0.5 0.5 69.465763408 50.2222222222 1.0 2.5 9.0,3,1.0,0.5 0.5 86.3685398978 60.2222222222 1.0 2.5 9.0
0.5 0.5 86.3685398978 60.2222222222 1.0 2.5 9.0,2,1.0,0.5 0.5 57.5976800451 66.7777777778 1.0 2.5 9.0
0.5 0.5 57.5976800451 66.7777777778 1.0 2.5 9.0,3,1.0,0.5 0.5 56.4388028927 27.0 1.0 2.5 9.0
0.5 0.5 56.4388028927 27.0 1.0 2.5 9.0,3,1.0,0.5 0.5 55.8916523276 24.3333333333 1.0 2.5 9.0
0.5 0.5 55.8916523276 24.3333333333 1.0 2.5 9.0,3,1.0,0.5 0.5 66.3077409368 37.8888888889 1.0 2.5 9.0
0.0 0.0 250.0 150.0 0.0 4.0 9.0,1,-1.0,0.0 0.0 250.0 150.0 0.0 3.5 9.0
0.0 0.0 250.0 150.0 0.0 3.5 9.0,1,-1.0,0.0 0.0 250.0 150.0 0.0 3.0 9.0
0.0 0.0 250.0 150.0 0.0 3.0 9.0,1,1.0,0.5 0.5 55.6959537062 39.1111111111 1.0 2.5 9.0
0.5 0.5 55.6959537062 39.1111111111 1.0 2.5 9.0,3,1.0,0.5 0.5 68.9306630153 54.7777777778 1.0 2.5 9.0
0.5 0.5 68.9306630153 54.7777777778 1.0 2.5 9.0,3,1.0,0.5 0.5 80.9643748018 30.8888888889 1.0 2.5 9.0
0.5 0.5 80.9643748018 30.8888888889 1.0 2.5 9.0,3,1.0,0.5 0.5 72.7272574189 65.1111111111 1.0 2.5 9.0
0.5 0.5 72.7272574189 65.1111111111 1.0 2.5 9.0,2,1.0,0.5 0.5 59.5363084766 73.5555555556 1.0 2.5 9.0
0.5 0.5 59.5363084766 73.5555555556 1.0 2.5 9.0,3,1.0,0.5 0.5 75.3263771701 40.0 1.0 2.5 9.0
0.5 0.5 75.3263771701 40.0 1.0 2.5 9.0,2,1.0,0.5 0.5 60.8087764694 63.8888888889 1.0 2.5 9.0
0.5 0.5 60.8087764694 63.8888888889 1.0 2.5 9.0,3,1.0,0.5 0.5 77.0687708691 55.6666666667 1.0 2.5 9.0
0.5 0.5 77.0687708691 55.6666666667 1.0 2.5 9.0,3,1.0,0.5 0.5 87.9836779562 56.6666666667 1.0 2.5 9.0
0.5 0.5 87.9836779562 56.6666666667 1.0 2.5 9.0,3,1.0,0.5 0.5 91.5840899865 53.1111111111 1.0 2.5 9.0
0.5 0.5 91.5840899865 53.1111111111 1.0 2.5 9.0,2,1.0,0.5 0.5 47.525146286 47.1111111111 1.0 2.5 9.0
0.5 0.5 47.525146286 47.1111111111 1.0 2.5 9.0,3,1.0,0.5 0.5 65.7576886712 49.2222222222 1.0 2.5 9.0
0.5 0.5 65.7576886712 49.2222222222 1.0 2.5 9.0,2,1.0,0.5 0.5 65.4720724094 86.1111111111 1.0 2.5 9.0
1.0 1.0 42.8446199978 6.0 0.555555555556 0.5 5.0,0,1.0,1.0 1.0 20.7550776861 7.4 0.555555555556 1.0 5.0
1.0 1.0 20.7550776861 7.4 0.555555555556 1.0 5.0,3,1.0,1.0 1.0 31.2913463045 6.33333333333 0.666666666667 1.0 6.0
1.0 1.0 31.2913463045 6.33333333333 0.666666666667 1.0 6.0,0,1.0,1.0 1.0 31.2913463045 7.5 0.666666666667 1.5 6.0
1.0 1.0 31.2913463045 7.5 0.666666666667 1.5 6.0,0,1.0,1.0 1.0 31.2913463045 7.0 0.666666666667 2.0 6.0
1.0 1.0 31.2913463045 7.0 0.666666666667 2.0 6.0,3,1.0,1.0 1.0 28.2651290319 6.57142857143 0.777777777778 2.0 7.0
1.0 1.0 28.2651290319 6.57142857143 0.777777777778 2.0 7.0,3,1.0,1.0 1.0 38.8800666501 10.375 0.888888888889 2.0 8.0
1.0 1.0 38.8800666501 10.375 0.888888888889 2.0 8.0,0,1.0,0.5 0.5 77.7880837555 31.75 0.888888888889 2.5 8.0
0.5 0.5 77.7880837555 31.75 0.888888888889 2.5 8.0,3,1.0,0.5 0.5 75.6886366474 39.2222222222 1.0 2.5 9.0
0.5 0.5 75.6886366474 39.2222222222 1.0 2.5 9.0,3,1.0,0.5 0.5 78.0062092288 92.8888888889 1.0 2.5 9.0
0.5 0.5 78.0062092288 92.8888888889 1.0 2.5 9.0,3,1.0,0.5 0.5 65.9913627754 92.6666666667 1.0 2.5 9.0
0.5 0.5 65.9913627754 92.6666666667 1.0 2.5 9.0,3,1.0,0.5 0.5 76.3929027 53.4444444444 1.0 2.5 9.0
0.5 0.5 76.3929027 53.4444444444 1.0 2.5 9.0,3,1.0,0.5 0.5 67.3617595083 57.6666666667 1.0 2.5 9.0
0.5 0.5 67.3617595083 57.6666666667 1.0 2.5 9.0,3,1.0,0.5 0.5 65.5013914211 82.6666666667 1.0 2.5 9.0
0.5 0.5 65.5013914211 82.6666666667 1.0 2.5 9.0,3,1.0,0.5 0.5 76.7144873057 73.5555555556 1.0 2.5 9.0
0.5 0.5 76.7144873057 73.5555555556 1.0 2.5 9.0,3,1.0,0.5 0.5 68.0432291038 39.2222222222 1.0 2.5 9.0
1.0 1.0 52.5045861143 14.1111111111 1.0 1.5 9.0,0,1.0,1.0 1.0 52.5045861143 13.2222222222 1.0 2.0 9.0
1.0 1.0 52.5045861143 13.2222222222 1.0 2.0 9.0,0,1.0,0.5 0.5 75.7234057348 49.6666666667 1.0 2.5 9.0
0.5 0.5 75.7234057348 49.6666666667 1.0 2.5 9.0,3,1.0,0.5 0.5 75.6480744953 43.0 1.0 2.5 9.0
0.5 0.5 75.6480744953 43.0 1.0 2.5 9.0,2,1.0,0.5 0.5 91.0765073285 47.1111111111 1.0 2.5 9.0
0.5 0.5 91.0765073285 47.1111111111 1.0 2.5 9.0,3,1.0,0.5 0.5 60.6625023974 53.5555555556 1.0 2.5 9.0
0.5 0.5 60.6625023974 53.5555555556 1.0 2.5 9.0,3,1.0,0.5 0.5 62.3481431105 64.6666666667 1.0 2.5 9.0
0.5 0.5 62.3481431105 64.6666666667 1.0 2.5 9.0,3,1.0,0.5 0.5 56.8652114938 35.7777777778 1.0 2.5 9.0
