1.0 1.0 123.638678381 28.0 1.0 0.5 3.0,2,1.0,1.0 1.0 123.638678381 28.0 1.0 0.5 3.0
1.0 1.0 123.638678381 28.0 1.0 0.5 3.0,2,1.0,1.0 1.0 123.638678381 25.0 1.0 0.5 3.0
1.0 1.0 123.638678381 25.0 1.0 0.5 3.0,2,1.0,1.0 1.0 184.872721361 28.0 1.0 0.5 3.0
1.0 1.0 184.872721361 28.0 1.0 0.5 3.0,3,1.0,1.0 1.0 184.872721361 28.0 1.0 0.5 3.0
1.0 1.0 184.872721361 28.0 1.0 0.5 3.0,4,-1.0,1.0 1.0 64.1322148106 22.0 0.666666666667 0.5 2.0
1.0 1.0 64.1322148106 22.0 0.666666666667 0.5 2.0,2,-1.0,1.0 1.0 64.1322148106 22.0 0.666666666667 0.5 2.0
1.0 1.0 64.1322148106 22.0 0.666666666667 0.5 2.0,3,1.0,1.0 1.0 184.872721361 28.0 1.0 0.5 3.0
1.0 1.0 184.872721361 28.0 1.0 0.5 3.0,2,1.0,1.0 1.0 184.872721361 28.0 1.0 0.5 3.0
1.0 1.0 184.872721361 28.0 1.0 0.5 3.0,2,1.0,1.0 1.0 184.872721361 28.0 1.0 0.5 3.0
1.0 1.0 184.872721361 28.0 1.0 0.5 3.0,1,1.0,1.0 1.0 184.872721361 28.6666666667 1.0 0.5 3.0
1.0 1.0 184.872721361 28.6666666667 1.0 0.5 3.0,1,1.0,1.0 1.0 184.872721361 28.0 1.0 0.5 3.0
1.0 1.0 184.872721361 28.0 1.0 0.5 3.0,4,-1.0,1.0 1.0 64.1322148106 22.0 0.666666666667 0.5 2.0
1.0 1.0 64.1322148106 22.0 0.666666666667 0.5 2.0,4,-1.0,1.0 1.0 37.8850963195 22.0 0.333333333333 0.5 1.0
1.0 1.0 37.8850963195 22.0 0.333333333333 0.5 1.0,4,-1.0,1.0 1.0 228.510336359 31.0 0.333333333333 0.5 1.0
1.0 1.0 228.510336359 31.0 0.333333333333 0.5 1.0,1,-1.0,1.0 1.0 228.510336359 31.0 0.333333333333 0.5 1.0
1.0 1.0 37.8850963195 22.0 0.333333333333 0.5 1.0,0,1.0,1.0 1.0 37.8850963195 22.0 0.333333333333 1.0 1.0
1.0 1.0 37.8850963195 22.0 0.333333333333 1.0 1.0,2,-1.0,1.0 1.0 37.8850963195 22.0 0.333333333333 1.0 1.0
1.0 1.0 37.8850963195 22.0 0.333333333333 1.0 1.0,0,1.0,1.0 1.0 37.8850963195 22.0 0.333333333333 1.5 1.0
1.0 1.0 37.8850963195 22.0 0.333333333333 1.5 1.0,3,1.0,1.0 1.0 82.1577006924 22.0 0.666666666667 1.5 2.0
1.0 1.0 82.1577006924 22.0 0.666666666667 1.5 2.0,3,1.0,1.0 1.0 110.891923941 25.3333333333 1.0 1.5 3.0
1.0 1.0 110.891923941 25.3333333333 1.0 1.5 3.0,1,-1.0,1.0 1.0 110.891923941 25.3333333333 1.0 1.0 3.0
1.0 1.0 110.891923941 25.3333333333 1.0 1.0 3.0,4,-1.0,1.0 1.0 82.1577006924 22.0 0.666666666667 1.0 2.0
1.0 1.0 82.1577006924 22.0 0.666666666667 1.0 2.0,4,-1.0,1.0 1.0 37.8850963195 22.0 0.333333333333 1.0 1.0
1.0 1.0 37.8850963195 22.0 0.333333333333 1.0 1.0,3,1.0,1.0 1.0 82.1577006924 23.5 0.666666666667 1.0 2.0
1.0 1.0 82.1577006924 23.5 0.666666666667 1.0 2.0,3,1.0,1.0 1.0 110.891923941 25.3333333333 1.0 1.0 3.0
1.0 1.0 110.891923941 25.3333333333 1.0 1.0 3.0,2,-1.0,1.0 1.0 110.891923941 25.3333333333 1.0 1.0 3.0
1.0 1.0 110.891923941 25.3333333333 1.0 1.0 3.0,2,-1.0,1.0 1.0 110.891923941 25.0 1.0 1.0 3.0
1.0 1.0 110.891923941 25.0 1.0 1.0 3.0,4,-1.0,1.0 1.0 82.1577006924 22.0 0.666666666667 1.0 2.0
1.0 1.0 82.1577006924 22.0 0.666666666667 1.0 2.0,2,-1.0,1.0 1.0 82.1577006924 23.0 0.666666666667 1.0 2.0
1.0 1.0 82.1577006924 23.0 0.666666666667 1.0 2.0,2,-1.0,1.0 1.0 82.1577006924 23.5 0.666666666667 1.0 2.0
1.0 1.0 123.670469566 26.0 1.0 1.0 3.0,2,-1.0,1.0 1.0 60.1287228858 22.0 1.0 1.0 3.0
1.0 1.0 60.1287228858 22.0 1.0 1.0 3.0,0,1.0,1.0 1.0 60.1287228858 22.0 1.0 1.5 3.0
1.0 1.0 60.1287228858 22.0 1.0 1.5 3.0,4,-1.0,1.0 1.0 136.981399987 26.5 0.666666666667 1.5 2.0
1.0 1.0 136.981399987 26.5 0.666666666667 1.5 2.0,4,-1.0,1.0 1.0 44.8394587622 22.0 0.333333333333 1.5 1.0
1.0 1.0 44.8394587622 22.0 0.333333333333 1.5 1.0,1,-1.0,1.0 1.0 44.8394587622 22.0 0.333333333333 1.0 1.0
1.0 1.0 44.8394587622 22.0 0.333333333333 1.0 1.0,0,1.0,1.0 1.0 44.8394587622 23.0 0.333333333333 1.5 1.0
1.0 1.0 44.8394587622 23.0 0.333333333333 1.5 1.0,4,-1.0,1.0 1.0 111.243166457 22.0 0.333333333333 1.5 1.0
1.0 1.0 111.243166457 22.0 0.333333333333 1.5 1.0,0,1.0,1.0 1.0 44.8394587622 22.0 0.333333333333 2.0 1.0
1.0 1.0 44.8394587622 22.0 0.333333333333 2.0 1.0,0,1.0,0.5 0.5 44.8394587622 22.0 0.333333333333 2.5 1.0
0.5 0.5 44.8394587622 22.0 0.333333333333 2.5 1.0,2,-1.0,0.5 0.5 37.8850963195 23.0 0.333333333333 2.5 1.0
0.5 0.5 37.8850963195 23.0 0.333333333333 2.5 1.0,1,-1.0,1.0 1.0 111.243166457 22.0 0.333333333333 2.0 1.0
1.0 1.0 111.243166457 22.0 0.333333333333 2.0 1.0,2,-1.0,1.0 1.0 111.243166457 22.0 0.333333333333 2.0 1.0
1.0 1.0 111.243166457 22.0 0.333333333333 2.0 1.0,1,-1.0,1.0 1.0 111.243166457 22.0 0.333333333333 1.5 1.0
1.0 1.0 111.243166457 22.0 0.333333333333 1.5 1.0,1,-1.0,1.0 1.0 111.243166457 22.0 0.333333333333 1.0 1.0
1.0 1.0 111.243166457 22.0 0.333333333333 1.0 1.0,0,1.0,1.0 1.0 111.243166457 22.0 0.333333333333 1.5 1.0
0.0 0.0 250.0 150.0 0.0 3.5 1.0,3,-1.0,0.0 0.0 250.0 150.0 0.0 3.5 2.0
0.0 0.0 250.0 150.0 0.0 3.5 2.0,4,-1.0,0.0 0.0 250.0 150.0 0.0 3.5 1.0
0.0 0.0 250.0 150.0 0.0 3.5 1.0,1,-1.0,0.0 0.0 250.0 150.0 0.0 3.0 1.0
0.0 0.0 250.0 150.0 0.0 3.0 1.0,1,1.0,0.5 0.5 111.243166457 25.0 0.333333333333 2.5 1.0
0.5 0.5 111.243166457 25.0 0.333333333333 2.5 1.0,1,-1.0,1.0 1.0 37.8850963195 22.0 0.333333333333 2.0 1.0
1.0 1.0 37.8850963195 22.0 0.333333333333 2.0 1.0,0,1.0,0.5 0.5 44.8394587622 22.0 0.333333333333 2.5 1.0
0.5 0.5 44.8394587622 22.0 0.333333333333 2.5 1.0,1,-1.0,1.0 1.0 37.8850963195 22.0 0.333333333333 2.0 1.0
1.0 1.0 37.8850963195 22.0 0.333333333333 2.0 1.0,3,1.0,1.0 1.0 82.1577006924 22.0 0.666666666667 2.0 2.0
1.0 1.0 82.1577006924 22.0 0.666666666667 2.0 2.0,1,-1.0,1.0 1.0 82.1577006924 22.0 0.666666666667 1.5 2.0
1.0 1.0 82.1577006924 22.0 0.666666666667 1.5 2.0,1,-1.0,1.0 1.0 82.1577006924 22.5 0.666666666667 1.0 2.0
1.0 1.0 82.1577006924 22.5 0.666666666667 1.0 2.0,4,-1.0,1.0 1.0 37.8850963195 22.0 0.333333333333 1.0 1.0
1.0 1.0 37.8850963195 22.0 0.333333333333 1.0 1.0,1,-1.0,1.0 1.0 37.8850963195 22.0 0.333333333333 0.5 1.0
1.0 1.0 37.8850963195 22.0 0.333333333333 0.5 1.0,3,1.0,1.0 1.0 82.1577006924 22.0 0.666666666667 0.5 2.0
1.0 1.0 82.1577006924 22.0 0.666666666667 0.5 2.0,3,1.0,1.0 1.0 110.891923941 25.6666666667 1.0 0.5 3.0
1.0 1.0 110.891923941 25.6666666667 1.0 0.5 3.0,1,-1.0,1.0 1.0 110.891923941 25.0 1.0 0.5 3.0
1.0 1.0 110.891923941 26.0 1.0 1.0 3.0,2,-1.0,1.0 1.0 110.891923941 25.3333333333 1.0 1.0 3.0
1.0 1.0 110.891923941 25.3333333333 1.0 1.0 3.0,1,-1.0,1.0 1.0 110.891923941 26.0 1.0 0.5 3.0
1.0 1.0 110.891923941 26.0 1.0 0.5 3.0,3,-1.0,1.0 1.0 110.998905432 26.0 1.0 0.5 3.0
1.0 1.0 110.998905432 26.0 1.0 0.5 3.0,2,-1.0,1.0 1.0 110.998905432 25.0 1.0 0.5 3.0
1.0 1.0 110.998905432 25.0 1.0 0.5 3.0,2,-1.0,1.0 1.0 110.998905432 25.0 1.0 0.5 3.0
1.0 1.0 110.998905432 25.0 1.0 0.5 3.0,4,-1.0,1.0 1.0 140.805237359 26.5 0.666666666667 0.5 2.0
1.0 1.0 140.805237359 26.5 0.666666666667 0.5 2.0,4,-1.0,1.0 1.0 111.243166457 22.0 0.333333333333 0.5 1.0
1.0 1.0 111.243166457 22.0 0.333333333333 0.5 1.0,4,-1.0,1.0 1.0 37.8850963195 22.0 0.333333333333 0.5 1.0
1.0 1.0 37.8850963195 22.0 0.333333333333 0.5 1.0,2,-1.0,1.0 1.0 37.8850963195 22.0 0.333333333333 0.5 1.0
1.0 1.0 37.8850963195 22.0 0.333333333333 0.5 1.0,3,1.0,1.0 1.0 82.1577006924 22.5 0.666666666667 0.5 2.0
1.0 1.0 82.1577006924 22.5 0.666666666667 0.5 2.0,0,1.0,1.0 1.0 82.1577006924 22.5 0.666666666667 1.0 2.0
1.0 1.0 82.1577006924 22.5 0.666666666667 1.0 2.0,4,-1.0,1.0 1.0 37.8850963195 22.0 0.333333333333 1.0 1.0
1.0 1.0 37.8850963195 22.0 0.333333333333 1.0 1.0,0,1.0,1.0 1.0 37.8850963195 22.0 0.333333333333 1.5 1.0
1.0 1.0 37.8850963195 22.0 0.333333333333 1.5 1.0,0,1.0,1.0 1.0 37.8850963195 22.0 0.333333333333 2.0 1.0
1.0 1.0 37.8850963195 22.0 0.333333333333 2.0 1.0,4,-1.0,1.0 1.0 37.8850963195 22.0 0.333333333333 2.0 1.0
0.0 0.0 250.0 150.0 0.0 3.5 1.0,0,-1.0,0.0 0.0 250.0 150.0 0.0 4.0 1.0
0.0 0.0 250.0 150.0 0.0 4.0 1.0,3,-1.0,0.0 0.0 250.0 150.0 0.0 4.0 2.0
0.0 0.0 250.0 150.0 0.0 4.0 2.0,1,-1.0,0.0 0.0 250.0 150.0 0.0 3.5 2.0
0.0 0.0 250.0 150.0 0.0 3.5 2.0,2,-1.0,0.0 0.0 250.0 150.0 0.0 3.5 2.0
0.0 0.0 250.0 150.0 0.0 3.5 2.0,0,-1.0,0.0 0.0 250.0 150.0 0.0 4.0 2.0
0.0 0.0 250.0 150.0 0.0 4.0 2.0,2,-1.0,0.0 0.0 250.0 150.0 0.0 4.0 2.0
0.0 0.0 250.0 150.0 0.0 4.0 2.0,0,-1.0,0.0 0.0 250.0 150.0 0.0 4.0 2.0
0.0 0.0 250.0 150.0 0.0 4.0 2.0,0,-1.0,0.0 0.0 250.0 150.0 0.0 4.0 2.0
0.0 0.0 250.0 150.0 0.0 4.0 2.0,0,-1.0,0.0 0.0 250.0 150.0 0.0 4.0 2.0
0.0 0.0 250.0 150.0 0.0 4.0 2.0,1,-1.0,0.0 0.0 250.0 150.0 0.0 3.5 2.0
0.0 0.0 250.0 150.0 0.0 3.5 2.0,4,-1.0,0.0 0.0 250.0 150.0 0.0 3.5 1.0
0.0 0.0 250.0 150.0 0.0 3.5 1.0,3,-1.0,0.0 0.0 250.0 150.0 0.0 3.5 2.0
0.0 0.0 250.0 150.0 0.0 3.5 2.0,2,-1.0,0.0 0.0 250.0 150.0 0.0 3.5 2.0
0.0 0.0 250.0 150.0 0.0 3.5 2.0,4,-1.0,0.0 0.0 250.0 150.0 0.0 3.5 1.0
0.0 0.0 250.0 150.0 0.0 3.5 1.0,3,-1.0,0.0 0.0 250.0 150.0 0.0 3.5 2.0
0.0 0.0 250.0 150.0 0.0 4.0 3.0,2,-1.0,0.0 0.0 250.0 150.0 0.0 4.0 3.0
0.0 0.0 250.0 150.0 0.0 4.0 3.0,0,-1.0,0.0 0.0 250.0 150.0 0.0 4.0 3.0
0.0 0.0 250.0 150.0 0.0 4.0 3.0,1,-1.0,0.0 0.0 250.0 150.0 0.0 3.5 3.0
0.0 0.0 250.0 150.0 0.0 3.5 3.0,3,-1.0,0.0 0.0 250.0 150.0 0.0 3.5 3.0
0.0 0.0 250.0 150.0 0.0 3.5 3.0,1,-1.0,0.0 0.0 250.0 150.0 0.0 3.0 3.0
0.0 0.0 250.0 150.0 0.0 3.0 3.0,2,-1.0,0.0 0.0 250.0 150.0 0.0 3.0 3.0
0.0 0.0 250.0 150.0 0.0 3.0 3.0,3,-1.0,0.0 0.0 250.0 150.0 0.0 3.0 3.0
0.0 0.0 250.0 150.0 0.0 3.0 3.0,1,1.0,0.5 0.5 78.6818151609 99.3333333333 1.0 2.5 3.0
0.5 0.5 78.6818151609 99.3333333333 1.0 2.5 3.0,0,-1.0,0.0 0.0 250.0 150.0 0.0 3.0 3.0
0.0 0.0 250.0 150.0 0.0 3.0 3.0,0,-1.0,0.0 0.0 250.0 150.0 0.0 3.5 3.0
0.0 0.0 250.0 150.0 0.0 3.5 3.0,2,-1.0,0.0 0.0 250.0 150.0 0.0 3.5 3.0
0.0 0.0 250.0 150.0 0.0 3.5 3.0,1,-1.0,0.0 0.0 250.0 150.0 0.0 3.0 3.0
0.0 0.0 250.0 150.0 0.0 3.0 3.0,1,1.0,0.5 0.5 93.9463841084 23.3333333333 1.0 2.5 3.0
0.5 0.5 93.9463841084 23.3333333333 1.0 2.5 3.0,1,-1.0,1.0 1.0 60.1287228858 22.0 1.0 2.0 3.0
1.0 1.0 60.1287228858 22.0 1.0 2.0 3.0,0,1.0,0.5 0.5 100.549147765 31.3333333333 1.0 2.5 3.0
0.5 0.5 48.5582044668 85.3333333333 1.0 2.5 3.0,2,1.0,0.5 0.5 49.9420794828 49.6666666667 1.0 2.5 3.0
0.5 0.5 49.9420794828 49.6666666667 1.0 2.5 3.0,4,-1.0,0.5 0.5 115.386927609 22.0 0.666666666667 2.5 2.0
0.5 0.5 115.386927609 22.0 0.666666666667 2.5 2.0,1,-1.0,1.0 1.0 64.1322148106 22.5 0.666666666667 2.0 2.0
1.0 1.0 64.1322148106 22.5 0.666666666667 2.0 2.0,3,1.0,1.0 1.0 184.872721361 28.0 1.0 2.0 3.0
1.0 1.0 184.872721361 28.0 1.0 2.0 3.0,3,-1.0,1.0 1.0 184.872721361 28.0 1.0 2.0 3.0
1.0 1.0 184.872721361 28.0 1.0 2.0 3.0,3,-1.0,1.0 1.0 184.872721361 28.0 1.0 2.0 3.0
1.0 1.0 184.872721361 28.0 1.0 2.0 3.0,1,-1.0,1.0 1.0 184.872721361 28.0 1.0 1.5 3.0
1.0 1.0 184.872721361 28.0 1.0 1.5 3.0,4,-1.0,1.0 1.0 60.6550335892 22.0 0.666666666667 1.5 2.0
1.0 1.0 60.6550335892 22.0 0.666666666667 1.5 2.0,3,1.0,1.0 1.0 184.872721361 28.0 1.0 1.5 3.0
1.0 1.0 184.872721361 28.0 1.0 1.5 3.0,3,-1.0,1.0 1.0 184.872721361 28.0 1.0 1.5 3.0
1.0 1.0 184.872721361 28.0 1.0 1.5 3.0,3,-1.0,1.0 1.0 184.872721361 28.0 1.0 1.5 3.0
1.0 1.0 184.872721361 28.0 1.0 1.5 3.0,1,-1.0,1.0 1.0 123.638678381 25.0 1.0 1.0 3.0
1.0 1.0 123.638678381 25.0 1.0 1.0 3.0,3,-1.0,1.0 1.0 184.872721361 28.0 1.0 1.0 3.0
1.0 1.0 184.872721361 28.0 1.0 1.0 3.0,2,-1.0,1.0 1.0 184.872721361 28.0 1.0 1.0 3.0
1.0 1.0 184.872721361 28.0 1.0 1.0 3.0,2,-1.0,1.0 1.0 123.638678381 25.0 1.0 1.0 3.0
0.0 0.0 250.0 150.0 0.0 3.5 2.0,2,-1.0,0.0 0.0 250.0 150.0 0.0 3.5 2.0
0.0 0.0 250.0 150.0 0.0 3.5 2.0,1,-1.0,0.0 0.0 250.0 150.0 0.0 3.0 2.0
0.0 0.0 250.0 150.0 0.0 3.0 2.0,1,1.0,0.5 0.5 50.2975063542 66.5 0.666666666667 2.5 2.0
0.5 0.5 50.2975063542 66.5 0.666666666667 2.5 2.0,3,1.0,0.5 0.5 66.2081350707 63.3333333333 1.0 2.5 3.0
0.5 0.5 66.2081350707 63.3333333333 1.0 2.5 3.0,3,1.0,0.5 0.5 46.2400836526 132.333333333 1.0 2.5 3.0
0.5 0.5 46.2400836526 132.333333333 1.0 2.5 3.0,3,1.0,0.5 0.5 69.9806453869 158.0 1.0 2.5 3.0
0.5 0.5 69.9806453869 158.0 1.0 2.5 3.0,4,-1.0,0.5 0.5 97.320895813 156.5 0.666666666667 2.5 2.0
0.5 0.5 97.320895813 156.5 0.666666666667 2.5 2.0,1,-1.0,1.0 1.0 64.1322148106 22.5 0.666666666667 2.0 2.0
1.0 1.0 64.1322148106 22.5 0.666666666667 2.0 2.0,3,1.0,1.0 1.0 184.872721361 28.0 1.0 2.0 3.0
1.0 1.0 184.872721361 28.0 1.0 2.0 3.0,2,-1.0,1.0 1.0 184.872721361 28.0 1.0 2.0 3.0
1.0 1.0 184.872721361 28.0 1.0 2.0 3.0,3,-1.0,1.0 1.0 184.872721361 28.0 1.0 2.0 3.0
1.0 1.0 184.872721361 28.0 1.0 2.0 3.0,2,-1.0,1.0 1.0 184.872721361 28.0 1.0 2.0 3.0
1.0 1.0 184.872721361 28.0 1.0 2.0 3.0,3,-1.0,1.0 1.0 184.872721361 28.0 1.0 2.0 3.0
1.0 1.0 184.872721361 28.0 1.0 2.0 3.0,3,-1.0,1.0 1.0 184.872721361 28.0 1.0 2.0 3.0
1.0 1.0 184.872721361 28.0 1.0 2.0 3.0,0,-1.0,0.5 0.5 55.2685913003 242.5 0.666666666667 2.5 3.0
1.0 1.0 123.638678381 25.3333333333 1.0 1.0 3.0,3,-1.0,1.0 1.0 184.872721361 28.0 1.0 1.0 3.0
1.0 1.0 184.872721361 28.0 1.0 1.0 3.0,0,1.0,1.0 1.0 184.872721361 28.0 1.0 1.5 3.0
1.0 1.0 184.872721361 28.0 1.0 1.5 3.0,3,-1.0,1.0 1.0 184.872721361 28.0 1.0 1.5 3.0
1.0 1.0 184.872721361 28.0 1.0 1.5 3.0,3,-1.0,1.0 1.0 184.872721361 28.0 1.0 1.5 3.0
1.0 1.0 184.872721361 28.0 1.0 1.5 3.0,3,-1.0,1.0 1.0 184.872721361 28.0 1.0 1.5 3.0
1.0 1.0 184.872721361 28.0 1.0 1.5 3.0,2,-1.0,1.0 1.0 184.872721361 28.0 1.0 1.5 3.0
1.0 1.0 184.872721361 28.0 1.0 1.5 3.0,2,-1.0,1.0 1.0 184.872721361 28.0 1.0 1.5 3.0
1.0 1.0 184.872721361 28.0 1.0 1.5 3.0,3,-1.0,1.0 1.0 123.638678381 25.0 1.0 1.5 3.0
1.0 1.0 123.638678381 25.0 1.0 1.5 3.0,2,-1.0,1.0 1.0 184.872721361 28.0 1.0 1.5 3.0
1.0 1.0 184.872721361 28.0 1.0 1.5 3.0,0,1.0,1.0 1.0 184.872721361 28.0 1.0 2.0 3.0
1.0 1.0 184.872721361 28.0 1.0 2.0 3.0,1,-1.0,1.0 1.0 184.872721361 28.0 1.0 1.5 3.0
1.0 1.0 184.872721361 28.0 1.0 1.5 3.0,0,1.0,1.0 1.0 184.872721361 28.0 1.0 2.0 3.0
1.0 1.0 184.872721361 28.0 1.0 2.0 3.0,1,-1.0,1.0 1.0 184.872721361 28.0 1.0 1.5 3.0
1.0 1.0 184.872721361 28.0 1.0 1.5 3.0,0,1.0,1.0 1.0 184.872721361 28.0 1.0 2.0 3.0
1.0 1.0 184.872721361 28.0 1.0 2.0 3.0,4,-1.0,1.0 1.0 64.1322148106 22.0 0.666666666667 2.0 2.0
0.5 0.5 44.8394587622 22.0 0.333333333333 2.5 1.0,1,-1.0,1.0 1.0 37.8850963195 22.0 0.333333333333 2.0 1.0
1.0 1.0 37.8850963195 22.0 0.333333333333 2.0 1.0,3,1.0,1.0 1.0 64.1322148106 23.5 0.666666666667 2.0 2.0
1.0 1.0 64.1322148106 23.5 0.666666666667 2.0 2.0,2,-1.0,1.0 1.0 64.1322148106 22.0 0.666666666667 2.0 2.0
1.0 1.0 64.1322148106 22.0 0.666666666667 2.0 2.0,3,1.0,1.0 1.0 123.638678381 25.0 1.0 2.0 3.0
1.0 1.0 123.638678381 25.0 1.0 2.0 3.0,0,1.0,0.5 0.5 90.4423375906 43.0 1.0 2.5 3.0
0.5 0.5 90.4423375906 43.0 1.0 2.5 3.0,1,-1.0,1.0 1.0 123.638678381 25.0 1.0 2.0 3.0
1.0 1.0 123.638678381 25.0 1.0 2.0 3.0,0,1.0,0.5 0.5 70.7710980427 90.0 1.0 2.5 3.0
0.5 0.5 70.7710980427 90.0 1.0 2.5 3.0,0,-1.0,0.0 0.0 250.0 150.0 0.0 3.0 3.0
0.0 0.0 250.0 150.0 0.0 3.0 3.0,1,1.0,0.5 0.5 100.549147765 31.0 1.0 2.5 3.0
0.5 0.5 100.549147765 31.0 1.0 2.5 3.0,1,-1.0,1.0 1.0 184.872721361 28.0 1.0 2.0 3.0
1.0 1.0 184.872721361 28.0 1.0 2.0 3.0,2,-1.0,1.0 1.0 184.872721361 28.0 1.0 2.0 3.0
1.0 1.0 184.872721361 28.0 1.0 2.0 3.0,3,-1.0,1.0 1.0 184.872721361 28.0 1.0 2.0 3.0
1.0 1.0 184.872721361 28.0 1.0 2.0 3.0,0,1.0,0.5 0.5 133.035440743 157.0 1.0 2.5 3.0
0.5 0.5 133.035440743 157.0 1.0 2.5 3.0,2,1.0,0.5 0.5 75.8564060492 32.0 1.0 2.5 3.0
0.5 0.5 75.8564060492 32.0 1.0 2.5 3.0,1,-1.0,1.0 1.0 184.872721361 28.0 1.0 2.0 3.0
1.0 1.0 228.510336359 32.0 0.333333333333 1.0 1.0,0,1.0,1.0 1.0 228.510336359 33.0 0.333333333333 1.5 1.0
1.0 1.0 228.510336359 33.0 0.333333333333 1.5 1.0,0,1.0,1.0 1.0 228.510336359 31.0 0.333333333333 2.0 1.0
1.0 1.0 228.510336359 31.0 0.333333333333 2.0 1.0,0,1.0,0.5 0.5 111.243166457 22.0 0.333333333333 2.5 1.0
0.5 0.5 111.243166457 22.0 0.333333333333 2.5 1.0,2,-1.0,0.5 0.5 111.243166457 24.0 0.333333333333 2.5 1.0
0.5 0.5 111.243166457 24.0 0.333333333333 2.5 1.0,4,-1.0,0.5 0.5 37.8850963195 23.0 0.333333333333 2.5 1.0
0.5 0.5 37.8850963195 23.0 0.333333333333 2.5 1.0,1,-1.0,1.0 1.0 44.8394587622 22.0 0.333333333333 2.0 1.0
1.0 1.0 44.8394587622 22.0 0.333333333333 2.0 1.0,3,1.0,1.0 1.0 136.981399987 27.0 0.666666666667 2.0 2.0
1.0 1.0 136.981399987 27.0 0.666666666667 2.0 2.0,3,1.0,1.0 1.0 60.1146611672 23.6666666667 1.0 2.0 3.0
1.0 1.0 60.1146611672 23.6666666667 1.0 2.0 3.0,0,1.0,0.5 0.5 106.719422104 22.0 1.0 2.5 3.0
0.5 0.5 106.719422104 22.0 1.0 2.5 3.0,4,-1.0,0.5 0.5 140.805237359 26.5 0.666666666667 2.5 2.0
0.5 0.5 140.805237359 26.5 0.666666666667 2.5 2.0,2,-1.0,0.5 0.5 97.320895813 22.0 0.666666666667 2.5 2.0
0.5 0.5 97.320895813 22.0 0.666666666667 2.5 2.0,2,-1.0,0.5 0.5 45.4786656239 23.5 0.666666666667 2.5 2.0
0.5 0.5 45.4786656239 23.5 0.666666666667 2.5 2.0,1,-1.0,1.0 1.0 136.981399987 26.5 0.666666666667 2.0 2.0
1.0 1.0 136.981399987 26.5 0.666666666667 2.0 2.0,0,1.0,0.5 0.5 70.4044133511 32.0 0.666666666667 2.5 2.0
0.5 0.5 70.4044133511 32.0 0.666666666667 2.5 2.0,3,1.0,0.5 0.5 107.474126632 86.3333333333 1.0 2.5 3.0
1.0 1.0 184.872721361 28.6666666667 1.0 0.5 3.0,0,1.0,1.0 1.0 184.872721361 28.0 1.0 1.0 3.0
1.0 1.0 184.872721361 28.0 1.0 1.0 3.0,0,1.0,1.0 1.0 184.872721361 28.0 1.0 1.5 3.0
1.0 1.0 184.872721361 28.0 1.0 1.5 3.0,2,-1.0,1.0 1.0 123.638678381 25.0 1.0 1.5 3.0
1.0 1.0 123.638678381 25.0 1.0 1.5 3.0,0,1.0,1.0 1.0 184.872721361 28.0 1.0 2.0 3.0
1.0 1.0 184.872721361 28.0 1.0 2.0 3.0,0,1.0,0.5 0.5 78.3963298204 125.666666667 1.0 2.5 3.0
0.5 0.5 78.3963298204 125.666666667 1.0 2.5 3.0,0,-1.0,0.0 0.0 250.0 150.0 0.0 3.0 3.0
0.0 0.0 250.0 150.0 0.0 3.0 3.0,1,1.0,0.5 0.5 75.3704957983 92.6666666667 1.0 2.5 3.0
0.5 0.5 75.3704957983 92.6666666667 1.0 2.5 3.0,1,-1.0,1.0 1.0 184.872721361 28.3333333333 1.0 2.0 3.0
1.0 1.0 184.872721361 28.3333333333 1.0 2.0 3.0,0,1.0,0.5 0.5 43.6122893753 109.0 1.0 2.5 3.0
0.5 0.5 43.6122893753 109.0 1.0 2.5 3.0,3,1.0,0.5 0.5 94.0707015858 110.666666667 1.0 2.5 3.0
0.5 0.5 94.0707015858 110.666666667 1.0 2.5 3.0,3,1.0,0.5 0.5 135.699681991 25.0 1.0 2.5 3.0
0.5 0.5 135.699681991 25.0 1.0 2.5 3.0,1,-1.0,1.0 1.0 184.872721361 28.0 1.0 2.0 3.0
1.0 1.0 184.872721361 28.0 1.0 2.0 3.0,0,1.0,0.5 0.5 100.549147765 28.6666666667 1.0 2.5 3.0
0.5 0.5 100.549147765 28.6666666667 1.0 2.5 3.0,1,-1.0,1.0 1.0 184.872721361 28.0 1.0 2.0 3.0
1.0 1.0 184.872721361 28.0 1.0 2.0 3.0,0,1.0,0.5 0.5 71.9098487981 66.3333333333 1.0 2.5 3.0
1.0 1.0 184.872721361 28.0 1.0 1.5 3.0,0,1.0,1.0 1.0 184.872721361 28.0 1.0 2.0 3.0
1.0 1.0 184.872721361 28.0 1.0 2.0 3.0,0,1.0,0.5 0.5 93.9463841084 115.0 1.0 2.5 3.0
0.5 0.5 93.9463841084 115.0 1.0 2.5 3.0,1,-1.0,1.0 1.0 184.872721361 28.0 1.0 2.0 3.0
1.0 1.0 184.872721361 28.0 1.0 2.0 3.0,0,1.0,0.5 0.5 41.755445025 62.6666666667 1.0 2.5 3.0
0.5 0.5 41.755445025 62.6666666667 1.0 2.5 3.0,4,-1.0,0.5 0.5 55.2644853983 66.0 0.666666666667 2.5 2.0
0.5 0.5 55.2644853983 66.0 0.666666666667 2.5 2.0,3,1.0,0.5 0.5 135.699681991 303.333333333 1.0 2.5 3.0
0.5 0.5 135.699681991 303.333333333 1.0 2.5 3.0,2,1.0,0.5 0.5 142.847925345 130.333333333 1.0 2.5 3.0
0.5 0.5 142.847925345 130.333333333 1.0 2.5 3.0,4,-1.0,0.5 0.5 82.1850737621 22.0 0.666666666667 2.5 2.0
0.5 0.5 82.1850737621 22.0 0.666666666667 2.5 2.0,3,1.0,0.5 0.5 95.2237880884 89.6666666667 1.0 2.5 3.0
0.5 0.5 95.2237880884 89.6666666667 1.0 2.5 3.0,3,1.0,0.5 0.5 127.818732333 113.333333333 1.0 2.5 3.0
0.5 0.5 127.818732333 113.333333333 1.0 2.5 3.0,4,-1.0,0.5 0.5 45.4786656239 23.0 0.666666666667 2.5 2.0
0.5 0.5 45.4786656239 23.0 0.666666666667 2.5 2.0,3,1.0,0.5 0.5 66.2081350707 62.6666666667 1.0 2.5 3.0
0.5 0.5 66.2081350707 62.6666666667 1.0 2.5 3.0,1,-1.0,1.0 1.0 184.872721361 28.0 1.0 2.0 3.0
1.0 1.0 184.872721361 28.0 1.0 2.0 3.0,0,1.0,0.5 0.5 71.9098487981 23.0 1.0 2.5 3.0
0.5 0.5 71.9098487981 23.0 1.0 2.5 3.0,3,1.0,0.5 0.5 68.4009364403 89.3333333333 1.0 2.5 3.0
1.0 1.0 123.638678381 25.0 1.0 1.5 3.0,0,1.0,1.0 1.0 184.872721361 28.0 1.0 2.0 3.0
1.0 1.0 184.872721361 28.0 1.0 2.0 3.0,0,1.0,0.5 0.5 174.772872183 166.666666667 1.0 2.5 3.0
0.5 0.5 174.772872183 166.666666667 1.0 2.5 3.0,3,1.0,0.5 0.5 70.6927736983 90.0 1.0 2.5 3.0
0.5 0.5 70.6927736983 90.0 1.0 2.5 3.0,3,-1.0,0.5 0.5 49.8771081333 183.5 0.666666666667 2.5 3.0
0.5 0.5 49.8771081333 183.5 0.666666666667 2.5 3.0,3,1.0,0.5 0.5 133.383943448 213.333333333 1.0 2.5 3.0
0.5 0.5 133.383943448 213.333333333 1.0 2.5 3.0,3,1.0,0.5 0.5 93.9463841084 22.3333333333 1.0 2.5 3.0
0.5 0.5 93.9463841084 22.3333333333 1.0 2.5 3.0,3,1.0,0.5 0.5 96.6288740702 162.333333333 1.0 2.5 3.0
0.5 0.5 96.6288740702 162.333333333 1.0 2.5 3.0,0,-1.0,0.0 0.0 250.0 150.0 0.0 3.0 3.0
0.0 0.0 250.0 150.0 0.0 3.0 3.0,1,1.0,0.5 0.5 100.549147765 31.0 1.0 2.5 3.0
0.5 0.5 100.549147765 31.0 1.0 2.5 3.0,3,1.0,0.5 0.5 92.853626486 226.666666667 1.0 2.5 3.0
0.5 0.5 92.853626486 226.666666667 1.0 2.5 3.0,3,1.0,0.5 0.5 73.1374806182 147.333333333 1.0 2.5 3.0
0.5 0.5 73.1374806182 147.333333333 1.0 2.5 3.0,3,1.0,0.5 0.5 118.763443302 22.3333333333 1.0 2.5 3.0
0.5 0.5 118.763443302 22.3333333333 1.0 2.5 3.0,3,1.0,0.5 0.5 47.3408761181 22.0 1.0 2.5 3.0
0.5 0.5 47.3408761181 22.0 1.0 2.5 3.0,3,1.0,0.5 0.5 49.6562596644 136.0 1.0 2.5 3.0
0.5 0.5 49.6562596644 136.0 1.0 2.5 3.0,4,-1.0,0.5 0.5 82.1850737621 22.0 0.666666666667 2.5 2.0
0.0 0.0 250.0 150.0 0.0 4.0 2.0,1,-1.0,0.0 0.0 250.0 150.0 0.0 3.5 2.0
0.0 0.0 250.0 150.0 0.0 3.5 2.0,1,-1.0,0.0 0.0 250.0 150.0 0.0 3.0 2.0
0.0 0.0 250.0 150.0 0.0 3.0 2.0,1,1.0,0.5 0.5 48.9517409432 123.0 0.666666666667 2.5 2.0
0.5 0.5 48.9517409432 123.0 0.666666666667 2.5 2.0,3,1.0,0.5 0.5 76.4632534207 123.666666667 1.0 2.5 3.0
0.5 0.5 76.4632534207 123.666666667 1.0 2.5 3.0,3,1.0,0.5 0.5 96.0635890551 66.0 1.0 2.5 3.0
0.5 0.5 96.0635890551 66.0 1.0 2.5 3.0,3,1.0,0.5 0.5 70.7710980427 86.3333333333 1.0 2.5 3.0
0.5 0.5 70.7710980427 86.3333333333 1.0 2.5 3.0,3,1.0,0.5 0.5 45.287903671 63.3333333333 1.0 2.5 3.0
0.5 0.5 45.287903671 63.3333333333 1.0 2.5 3.0,3,1.0,0.5 0.5 92.1179518863 43.0 1.0 2.5 3.0
0.5 0.5 92.1179518863 43.0 1.0 2.5 3.0,3,1.0,0.5 0.5 128.23767323 160.666666667 1.0 2.5 3.0
0.5 0.5 128.23767323 160.666666667 1.0 2.5 3.0,3,-1.0,0.5 0.5 115.386927609 161.0 0.666666666667 2.5 3.0
0.5 0.5 115.386927609 161.0 0.666666666667 2.5 3.0,3,1.0,0.5 0.5 59.7738383079 131.333333333 1.0 2.5 3.0
0.5 0.5 59.7738383079 131.333333333 1.0 2.5 3.0,3,-1.0,0.5 0.5 78.7078925408 152.0 0.666666666667 2.5 3.0
0.5 0.5 78.7078925408 152.0 0.666666666667 2.5 3.0,3,1.0,0.5 0.5 127.445624648 158.333333333 1.0 2.5 3.0
0.5 0.5 127.445624648 158.333333333 1.0 2.5 3.0,3,1.0,0.5 0.5 99.7829720335 133.0 1.0 2.5 3.0
0.5 0.5 99.7829720335 133.0 1.0 2.5 3.0,3,1.0,0.5 0.5 63.0610178921 131.0 1.0 2.5 3.0
1.0 1.0 64.1322148106 22.0 0.666666666667 2.0 2.0,3,1.0,1.0 1.0 184.872721361 28.0 1.0 2.0 3.0
1.0 1.0 184.872721361 28.0 1.0 2.0 3.0,0,-1.0,0.5 0.5 111.243166457 306.0 0.333333333333 2.5 3.0
0.5 0.5 111.243166457 306.0 0.333333333333 2.5 3.0,3,1.0,0.5 0.5 76.5875708981 218.0 1.0 2.5 3.0
0.5 0.5 76.5875708981 218.0 1.0 2.5 3.0,3,1.0,0.5 0.5 50.363446718 51.3333333333 1.0 2.5 3.0
0.5 0.5 50.363446718 51.3333333333 1.0 2.5 3.0,3,1.0,0.5 0.5 171.803536893 95.6666666667 1.0 2.5 3.0
0.5 0.5 171.803536893 95.6666666667 1.0 2.5 3.0,3,1.0,0.5 0.5 43.8368296004 41.3333333333 1.0 2.5 3.0
0.5 0.5 43.8368296004 41.3333333333 1.0 2.5 3.0,3,1.0,0.5 0.5 65.5868799447 137.0 1.0 2.5 3.0
0.5 0.5 65.5868799447 137.0 1.0 2.5 3.0,1,-1.0,1.0 1.0 184.872721361 28.0 1.0 2.0 3.0
1.0 1.0 184.872721361 28.0 1.0 2.0 3.0,0,1.0,0.5 0.5 53.8647559677 142.333333333 1.0 2.5 3.0
0.5 0.5 53.8647559677 142.333333333 1.0 2.5 3.0,3,1.0,0.5 0.5 93.9463841084 23.3333333333 1.0 2.5 3.0
0.5 0.5 93.9463841084 23.3333333333 1.0 2.5 3.0,3,1.0,0.5 0.5 94.0707015858 205.666666667 1.0 2.5 3.0
0.5 0.5 94.0707015858 205.666666667 1.0 2.5 3.0,3,1.0,0.5 0.5 120.44369572 97.0 1.0 2.5 3.0
0.5 0.5 120.44369572 97.0 1.0 2.5 3.0,3,1.0,0.5 0.5 73.0629353007 89.3333333333 1.0 2.5 3.0
0.5 0.5 73.0629353007 89.3333333333 1.0 2.5 3.0,3,1.0,0.5 0.5 70.6927736983 225.0 1.0 2.5 3.0
0.5 0.5 70.6927736983 225.0 1.0 2.5 3.0,3,1.0,0.5 0.5 107.387877424 45.0 1.0 2.5 3.0
1.0 1.0 184.872721361 28.0 1.0 1.5 3.0,0,1.0,1.0 1.0 184.872721361 28.0 1.0 2.0 3.0
1.0 1.0 184.872721361 28.0 1.0 2.0 3.0,0,1.0,0.5 0.5 69.2536423925 207.333333333 1.0 2.5 3.0
0.5 0.5 69.2536423925 207.333333333 1.0 2.5 3.0,3,1.0,0.5 0.5 45.9019980613 133.333333333 1.0 2.5 3.0
0.5 0.5 45.9019980613 133.333333333 1.0 2.5 3.0,3,1.0,0.5 0.5 118.763443302 115.333333333 1.0 2.5 3.0
0.5 0.5 118.763443302 115.333333333 1.0 2.5 3.0,3,1.0,0.5 0.5 49.6589969324 157.0 1.0 2.5 3.0
0.5 0.5 49.6589969324 157.0 1.0 2.5 3.0,3,1.0,0.5 0.5 77.7406574007 99.0 1.0 2.5 3.0
0.5 0.5 77.7406574007 99.0 1.0 2.5 3.0,3,1.0,0.5 0.5 44.8009523469 153.0 1.0 2.5 3.0
0.5 0.5 44.8009523469 153.0 1.0 2.5 3.0,3,1.0,0.5 0.5 70.7710980427 90.0 1.0 2.5 3.0
0.5 0.5 70.7710980427 90.0 1.0 2.5 3.0,3,1.0,0.5 0.5 77.7406574007 97.3333333333 1.0 2.5 3.0
0.5 0.5 77.7406574007 97.3333333333 1.0 2.5 3.0,3,1.0,0.5 0.5 76.0964577193 262.666666667 1.0 2.5 3.0
0.5 0.5 76.0964577193 262.666666667 1.0 2.5 3.0,3,1.0,0.5 0.5 76.0020624672 212.0 1.0 2.5 3.0
0.5 0.5 76.0020624672 212.0 1.0 2.5 3.0,3,1.0,0.5 0.5 118.763443302 24.0 1.0 2.5 3.0
0.5 0.5 118.763443302 24.0 1.0 2.5 3.0,3,-1.0,0.5 0.5 82.1577006924 154.5 0.666666666667 2.5 3.0
0.5 0.5 82.1577006924 154.5 0.666666666667 2.5 3.0,3,1.0,0.5 0.5 66.6553400034 77.3333333333 1.0 2.5 3.0
0.5 0.5 66.6553400034 77.3333333333 1.0 2.5 3.0,3,1.0,0.5 0.5 82.0266803882 202.666666667 1.0 2.5 3.0
0.0 0.0 250.0 150.0 0.0 3.0 3.0,1,1.0,0.5 0.5 110.312055357 101.333333333 1.0 2.5 3.0
0.5 0.5 110.312055357 101.333333333 1.0 2.5 3.0,3,1.0,0.5 0.5 135.699681991 210.666666667 1.0 2.5 3.0
0.5 0.5 135.699681991 210.666666667 1.0 2.5 3.0,3,1.0,0.5 0.5 71.9098487981 114.0 1.0 2.5 3.0
0.5 0.5 71.9098487981 114.0 1.0 2.5 3.0,3,1.0,0.5 0.5 53.2096430105 94.6666666667 1.0 2.5 3.0
0.5 0.5 53.2096430105 94.6666666667 1.0 2.5 3.0,3,1.0,0.5 0.5 74.4760561256 159.666666667 1.0 2.5 3.0
0.5 0.5 74.4760561256 159.666666667 1.0 2.5 3.0,3,1.0,0.5 0.5 56.6904995574 58.3333333333 1.0 2.5 3.0
0.5 0.5 56.6904995574 58.3333333333 1.0 2.5 3.0,3,1.0,0.5 0.5 90.4423375906 131.333333333 1.0 2.5 3.0
0.5 0.5 90.4423375906 131.333333333 1.0 2.5 3.0,3,-1.0,0.5 0.5 68.8633617555 188.5 0.666666666667 2.5 3.0
0.5 0.5 68.8633617555 188.5 0.666666666667 2.5 3.0,3,1.0,0.5 0.5 49.6562596644 43.6666666667 1.0 2.5 3.0
0.5 0.5 49.6562596644 43.6666666667 1.0 2.5 3.0,3,1.0,0.5 0.5 56.9666418816 112.0 1.0 2.5 3.0
0.5 0.5 56.9666418816 112.0 1.0 2.5 3.0,3,1.0,0.5 0.5 103.033148413 75.0 1.0 2.5 3.0
0.5 0.5 103.033148413 75.0 1.0 2.5 3.0,3,1.0,0.5 0.5 63.6243548557 142.333333333 1.0 2.5 3.0
0.5 0.5 63.6243548557 142.333333333 1.0 2.5 3.0,2,-1.0,0.5 0.5 115.386927609 234.5 0.666666666667 2.5 3.0
0.5 0.5 115.386927609 234.5 0.666666666667 2.5 3.0,3,1.0,0.5 0.5 125.503348787 92.6666666667 1.0 2.5 3.0
0.5 0.5 125.503348787 92.6666666667 1.0 2.5 3.0,3,1.0,0.5 0.5 130.19042293 131.0 1.0 2.5 3.0
0.0 0.0 250.0 150.0 0.0 3.5 1.0,1,-1.0,0.0 0.0 250.0 150.0 0.0 3.0 1.0
0.0 0.0 250.0 150.0 0.0 3.0 1.0,1,1.0,0.5 0.5 44.8394587622 25.0 0.333333333333 2.5 1.0
0.5 0.5 44.8394587622 25.0 0.333333333333 2.5 1.0,3,1.0,0.5 0.5 45.1459611883 22.0 0.666666666667 2.5 2.0
0.5 0.5 45.1459611883 22.0 0.666666666667 2.5 2.0,3,1.0,0.5 0.5 92.853626486 43.3333333333 1.0 2.5 3.0
0.5 0.5 92.853626486 43.3333333333 1.0 2.5 3.0,3,1.0,0.5 0.5 79.1274946693 31.0 1.0 2.5 3.0
0.5 0.5 79.1274946693 31.0 1.0 2.5 3.0,3,1.0,0.5 0.5 73.0864815889 108.666666667 1.0 2.5 3.0
0.5 0.5 73.0864815889 108.666666667 1.0 2.5 3.0,3,1.0,0.5 0.5 47.4571587524 211.666666667 1.0 2.5 3.0
0.5 0.5 47.4571587524 211.666666667 1.0 2.5 3.0,3,1.0,0.5 0.5 82.0266803882 209.333333333 1.0 2.5 3.0
0.5 0.5 82.0266803882 209.333333333 1.0 2.5 3.0,3,1.0,0.5 0.5 77.6301540889 134.666666667 1.0 2.5 3.0
0.5 0.5 77.6301540889 134.666666667 1.0 2.5 3.0,3,1.0,0.5 0.5 83.3359909727 219.666666667 1.0 2.5 3.0
0.5 0.5 83.3359909727 219.666666667 1.0 2.5 3.0,3,1.0,0.5 0.5 71.7935661638 116.666666667 1.0 2.5 3.0
0.5 0.5 71.7935661638 116.666666667 1.0 2.5 3.0,3,-1.0,0.5 0.5 44.8394587622 164.0 0.333333333333 2.5 3.0
0.5 0.5 44.8394587622 164.0 0.333333333333 2.5 3.0,3,1.0,0.5 0.5 76.0964577193 73.6666666667 1.0 2.5 3.0
0.5 0.5 76.0964577193 73.6666666667 1.0 2.5 3.0,3,1.0,0.5 0.5 78.6582688727 117.666666667 1.0 2.5 3.0
0.5 0.5 78.6582688727 117.666666667 1.0 2.5 3.0,3,1.0,0.5 0.5 60.4702568923 174.333333333 1.0 2.5 3.0
1.0 1.0 64.1322148106 22.0 0.666666666667 1.5 2.0,0,1.0,1.0 1.0 64.1322148106 22.0 0.666666666667 2.0 2.0
1.0 1.0 64.1322148106 22.0 0.666666666667 2.0 2.0,3,1.0,1.0 1.0 184.872721361 28.0 1.0 2.0 3.0
1.0 1.0 184.872721361 28.0 1.0 2.0 3.0,0,1.0,0.5 0.5 70.6927736983 220.666666667 1.0 2.5 3.0
0.5 0.5 70.6927736983 220.666666667 1.0 2.5 3.0,3,1.0,0.5 0.5 74.1736302451 50.3333333333 1.0 2.5 3.0
0.5 0.5 74.1736302451 50.3333333333 1.0 2.5 3.0,3,1.0,0.5 0.5 111.006585279 140.333333333 1.0 2.5 3.0
0.5 0.5 111.006585279 140.333333333 1.0 2.5 3.0,3,1.0,0.5 0.5 164.576538979 94.6666666667 1.0 2.5 3.0
0.5 0.5 164.576538979 94.6666666667 1.0 2.5 3.0,3,1.0,0.5 0.5 58.689844829 87.0 1.0 2.5 3.0
0.5 0.5 58.689844829 87.0 1.0 2.5 3.0,3,-1.0,0.5 0.5 43.3984097209 195.0 0.666666666667 2.5 3.0
0.5 0.5 43.3984097209 195.0 0.666666666667 2.5 3.0,3,1.0,0.5 0.5 149.956038833 93.0 1.0 2.5 3.0
0.5 0.5 149.956038833 93.0 1.0 2.5 3.0,3,1.0,0.5 0.5 70.7190572545 88.0 1.0 2.5 3.0
0.5 0.5 70.7190572545 88.0 1.0 2.5 3.0,3,1.0,0.5 0.5 53.5175446813 156.333333333 1.0 2.5 3.0
0.5 0.5 53.5175446813 156.333333333 1.0 2.5 3.0,3,1.0,0.5 0.5 76.0020624672 78.3333333333 1.0 2.5 3.0
0.5 0.5 76.0020624672 78.3333333333 1.0 2.5 3.0,3,1.0,0.5 0.5 72.4980159494 52.0 1.0 2.5 3.0
0.5 0.5 72.4980159494 52.0 1.0 2.5 3.0,3,-1.0,0.5 0.5 78.7078925408 222.0 0.666666666667 2.5 3.0
0.5 0.5 78.7078925408 222.0 0.666666666667 2.5 3.0,3,1.0,0.5 0.5 75.8564060492 30.6666666667 1.0 2.5 3.0
1.0 1.0 184.872721361 28.0 1.0 1.0 3.0,0,1.0,1.0 1.0 184.872721361 28.0 1.0 1.5 3.0
1.0 1.0 184.872721361 28.0 1.0 1.5 3.0,0,1.0,1.0 1.0 184.872721361 28.0 1.0 2.0 3.0
1.0 1.0 184.872721361 28.0 1.0 2.0 3.0,0,1.0,0.5 0.5 93.9463841084 64.3333333333 1.0 2.5 3.0
0.5 0.5 93.9463841084 64.3333333333 1.0 2.5 3.0,3,1.0,0.5 0.5 90.4423375906 91.0 1.0 2.5 3.0
0.5 0.5 90.4423375906 91.0 1.0 2.5 3.0,3,1.0,0.5 0.5 70.7710980427 84.0 1.0 2.5 3.0
0.5 0.5 70.7710980427 84.0 1.0 2.5 3.0,2,1.0,0.5 0.5 69.2536423925 22.0 1.0 2.5 3.0
0.5 0.5 69.2536423925 22.0 1.0 2.5 3.0,3,1.0,0.5 0.5 45.290640939 42.6666666667 1.0 2.5 3.0
0.5 0.5 45.290640939 42.6666666667 1.0 2.5 3.0,3,1.0,0.5 0.5 51.7705117048 124.0 1.0 2.5 3.0
0.5 0.5 51.7705117048 124.0 1.0 2.5 3.0,3,1.0,0.5 0.5 48.0453259037 191.333333333 1.0 2.5 3.0
0.5 0.5 48.0453259037 191.333333333 1.0 2.5 3.0,3,1.0,0.5 0.5 90.4423375906 43.6666666667 1.0 2.5 3.0
0.5 0.5 90.4423375906 43.6666666667 1.0 2.5 3.0,3,1.0,0.5 0.5 98.4337506575 66.0 1.0 2.5 3.0
0.5 0.5 98.4337506575 66.0 1.0 2.5 3.0,3,1.0,0.5 0.5 64.5583584725 74.0 1.0 2.5 3.0
0.5 0.5 64.5583584725 74.0 1.0 2.5 3.0,2,1.0,0.5 0.5 120.44369572 99.3333333333 1.0 2.5 3.0
0.5 0.5 120.44369572 99.3333333333 1.0 2.5 3.0,3,1.0,0.5 0.5 104.02908423 54.3333333333 1.0 2.5 3.0
0.5 0.5 104.02908423 54.3333333333 1.0 2.5 3.0,3,1.0,0.5 0.5 82.0414891603 161.0 1.0 2.5 3.0
0.5 0.5 76.3664316147 78.6666666667 1.0 2.5 3.0,3,1.0,0.5 0.5 42.9725201248 42.6666666667 1.0 2.5 3.0
0.5 0.5 42.9725201248 42.6666666667 1.0 2.5 3.0,3,1.0,0.5 0.5 118.763443302 22.3333333333 1.0 2.5 3.0
0.5 0.5 118.763443302 22.3333333333 1.0 2.5 3.0,3,1.0,0.5 0.5 71.9361323543 70.3333333333 1.0 2.5 3.0
0.5 0.5 71.9361323543 70.3333333333 1.0 2.5 3.0,3,1.0,0.5 0.5 54.205578827 78.3333333333 1.0 2.5 3.0
0.5 0.5 54.205578827 78.3333333333 1.0 2.5 3.0,3,1.0,0.5 0.5 83.3359909727 216.666666667 1.0 2.5 3.0
0.5 0.5 83.3359909727 216.666666667 1.0 2.5 3.0,3,1.0,0.5 0.5 74.4652840145 90.6666666667 1.0 2.5 3.0
0.5 0.5 74.4652840145 90.6666666667 1.0 2.5 3.0,3,1.0,0.5 0.5 82.6048261238 218.666666667 1.0 2.5 3.0
0.5 0.5 82.6048261238 218.666666667 1.0 2.5 3.0,3,1.0,0.5 0.5 130.19042293 181.333333333 1.0 2.5 3.0
0.5 0.5 130.19042293 181.333333333 1.0 2.5 3.0,3,1.0,0.5 0.5 41.755445025 63.3333333333 1.0 2.5 3.0
0.5 0.5 41.755445025 63.3333333333 1.0 2.5 3.0,3,1.0,0.5 0.5 105.657879546 112.0 1.0 2.5 3.0
0.5 0.5 105.657879546 112.0 1.0 2.5 3.0,3,1.0,0.5 0.5 74.9659128403 128.0 1.0 2.5 3.0
0.5 0.5 74.9659128403 128.0 1.0 2.5 3.0,3,1.0,0.5 0.5 71.811814877 23.3333333333 1.0 2.5 3.0
0.5 0.5 71.811814877 23.3333333333 1.0 2.5 3.0,3,1.0,0.5 0.5 157.852499936 165.0 1.0 2.5 3.0
0.5 0.5 157.852499936 165.0 1.0 2.5 3.0,3,1.0,0.5 0.5 87.7477327325 134.333333333 1.0 2.5 3.0
0.5 0.5 87.7477327325 134.333333333 1.0 2.5 3.0,3,1.0,0.5 0.5 67.4252101705 43.0 1.0 2.5 3.0
0.0 0.0 250.0 150.0 0.0 4.0 2.0,3,-1.0,0.0 0.0 250.0 150.0 0.0 4.0 3.0
0.0 0.0 250.0 150.0 0.0 4.0 3.0,1,-1.0,0.0 0.0 250.0 150.0 0.0 3.5 3.0
0.0 0.0 250.0 150.0 0.0 3.5 3.0,1,-1.0,0.0 0.0 250.0 150.0 0.0 3.0 3.0
0.0 0.0 250.0 150.0 0.0 3.0 3.0,1,1.0,0.5 0.5 49.6562596644 134.666666667 1.0 2.5 3.0
0.5 0.5 49.6562596644 134.666666667 1.0 2.5 3.0,3,1.0,0.5 0.5 76.0020624672 78.0 1.0 2.5 3.0
0.5 0.5 76.0020624672 78.0 1.0 2.5 3.0,3,1.0,0.5 0.5 71.7935661638 65.6666666667 1.0 2.5 3.0
0.5 0.5 71.7935661638 65.6666666667 1.0 2.5 3.0,3,1.0,0.5 0.5 76.0964577193 208.0 1.0 2.5 3.0
0.5 0.5 76.0964577193 208.0 1.0 2.5 3.0,3,1.0,0.5 0.5 45.9540388495 90.0 1.0 2.5 3.0
0.5 0.5 45.9540388495 90.0 1.0 2.5 3.0,3,1.0,0.5 0.5 53.9436397747 212.666666667 1.0 2.5 3.0
0.5 0.5 53.9436397747 212.666666667 1.0 2.5 3.0,3,1.0,0.5 0.5 79.1274946693 76.0 1.0 2.5 3.0
0.5 0.5 79.1274946693 76.0 1.0 2.5 3.0,3,1.0,0.5 0.5 107.474126632 93.0 1.0 2.5 3.0
0.5 0.5 107.474126632 93.0 1.0 2.5 3.0,3,1.0,0.5 0.5 66.3523086229 167.0 1.0 2.5 3.0
0.5 0.5 66.3523086229 167.0 1.0 2.5 3.0,3,1.0,0.5 0.5 130.975567565 110.0 1.0 2.5 3.0
0.5 0.5 130.975567565 110.0 1.0 2.5 3.0,3,1.0,0.5 0.5 72.1499004682 114.666666667 1.0 2.5 3.0
0.5 0.5 72.1499004682 114.666666667 1.0 2.5 3.0,3,1.0,0.5 0.5 74.1736302451 49.6666666667 1.0 2.5 3.0
1.0 1.0 44.8394587622 22.0 0.333333333333 1.0 1.0,3,1.0,1.0 1.0 136.981399987 26.5 0.666666666667 1.0 2.0
1.0 1.0 136.981399987 26.5 0.666666666667 1.0 2.0,0,1.0,1.0 1.0 136.981399987 26.5 0.666666666667 1.5 2.0
1.0 1.0 136.981399987 26.5 0.666666666667 1.5 2.0,3,1.0,1.0 1.0 60.1287228858 23.0 1.0 1.5 3.0
1.0 1.0 60.1287228858 23.0 1.0 1.5 3.0,3,-1.0,1.0 1.0 123.666824961 25.0 1.0 1.5 3.0
1.0 1.0 123.666824961 25.0 1.0 1.5 3.0,0,1.0,1.0 1.0 123.666824961 25.0 1.0 2.0 3.0
1.0 1.0 123.666824961 25.0 1.0 2.0 3.0,0,1.0,0.5 0.5 71.811814877 22.0 1.0 2.5 3.0
0.5 0.5 71.811814877 22.0 1.0 2.5 3.0,3,1.0,0.5 0.5 80.0739306888 185.666666667 1.0 2.5 3.0
0.5 0.5 80.0739306888 185.666666667 1.0 2.5 3.0,3,1.0,0.5 0.5 117.757742621 216.0 1.0 2.5 3.0
0.5 0.5 117.757742621 216.0 1.0 2.5 3.0,3,1.0,0.5 0.5 96.6025905139 22.0 1.0 2.5 3.0
0.5 0.5 96.6025905139 22.0 1.0 2.5 3.0,3,1.0,0.5 0.5 72.1579353114 159.0 1.0 2.5 3.0
0.5 0.5 72.1579353114 159.0 1.0 2.5 3.0,3,1.0,0.5 0.5 76.3664316147 76.6666666667 1.0 2.5 3.0
0.5 0.5 76.3664316147 76.6666666667 1.0 2.5 3.0,3,1.0,0.5 0.5 142.847925345 139.666666667 1.0 2.5 3.0
0.5 0.5 142.847925345 139.666666667 1.0 2.5 3.0,3,1.0,0.5 0.5 135.708983135 163.0 1.0 2.5 3.0
0.5 0.5 135.708983135 163.0 1.0 2.5 3.0,3,1.0,0.5 0.5 132.472908145 101.666666667 1.0 2.5 3.0
0.5 0.5 132.472908145 101.666666667 1.0 2.5 3.0,3,-1.0,0.5 0.5 37.8850963195 306.0 0.333333333333 2.5 3.0
1.0 1.0 184.872721361 28.0 1.0 1.0 3.0,0,1.0,1.0 1.0 184.872721361 28.0 1.0 1.5 3.0
1.0 1.0 184.872721361 28.0 1.0 1.5 3.0,0,1.0,1.0 1.0 184.872721361 28.0 1.0 2.0 3.0
1.0 1.0 184.872721361 28.0 1.0 2.0 3.0,0,1.0,0.5 0.5 54.8721860523 157.0 1.0 2.5 3.0
0.5 0.5 54.8721860523 157.0 1.0 2.5 3.0,3,1.0,0.5 0.5 135.699681991 207.333333333 1.0 2.5 3.0
0.5 0.5 135.699681991 207.333333333 1.0 2.5 3.0,3,-1.0,0.5 0.5 82.1850737621 160.5 0.666666666667 2.5 3.0
0.5 0.5 82.1850737621 160.5 0.666666666667 2.5 3.0,3,1.0,0.5 0.5 94.0707015858 204.333333333 1.0 2.5 3.0
0.5 0.5 94.0707015858 204.333333333 1.0 2.5 3.0,3,1.0,0.5 0.5 106.719422104 22.0 1.0 2.5 3.0
0.5 0.5 106.719422104 22.0 1.0 2.5 3.0,3,1.0,0.5 0.5 75.0902303176 131.666666667 1.0 2.5 3.0
0.5 0.5 75.0902303176 131.666666667 1.0 2.5 3.0,3,1.0,0.5 0.5 92.1179518863 42.6666666667 1.0 2.5 3.0
0.5 0.5 92.1179518863 42.6666666667 1.0 2.5 3.0,3,1.0,0.5 0.5 65.989647545 43.3333333333 1.0 2.5 3.0
0.5 0.5 65.989647545 43.3333333333 1.0 2.5 3.0,3,1.0,0.5 0.5 69.2536423925 22.3333333333 1.0 2.5 3.0
0.5 0.5 69.2536423925 22.3333333333 1.0 2.5 3.0,3,1.0,0.5 0.5 93.9463841084 209.333333333 1.0 2.5 3.0
0.5 0.5 93.9463841084 209.333333333 1.0 2.5 3.0,3,1.0,0.5 0.5 55.4693013012 135.666666667 1.0 2.5 3.0
0.5 0.5 55.4693013012 135.666666667 1.0 2.5 3.0,2,1.0,0.5 0.5 43.8368296004 42.6666666667 1.0 2.5 3.0
0.5 0.5 43.8368296004 42.6666666667 1.0 2.5 3.0,3,1.0,0.5 0.5 94.310753256 116.666666667 1.0 2.5 3.0
1.0 1.0 123.638678381 25.0 1.0 1.0 3.0,0,1.0,1.0 1.0 123.638678381 25.0 1.0 1.5 3.0
1.0 1.0 123.638678381 25.0 1.0 1.5 3.0,0,1.0,1.0 1.0 184.872721361 28.0 1.0 2.0 3.0
1.0 1.0 184.872721361 28.0 1.0 2.0 3.0,0,1.0,0.5 0.5 96.6025905139 160.666666667 1.0 2.5 3.0
0.5 0.5 96.6025905139 160.666666667 1.0 2.5 3.0,3,1.0,0.5 0.5 131.343509433 108.333333333 1.0 2.5 3.0
0.5 0.5 131.343509433 108.333333333 1.0 2.5 3.0,3,1.0,0.5 0.5 96.6288740702 204.0 1.0 2.5 3.0
0.5 0.5 96.6288740702 204.0 1.0 2.5 3.0,3,1.0,0.5 0.5 78.6845524289 214.333333333 1.0 2.5 3.0
0.5 0.5 78.6845524289 214.333333333 1.0 2.5 3.0,3,1.0,0.5 0.5 68.289519646 42.6666666667 1.0 2.5 3.0
0.5 0.5 68.289519646 42.6666666667 1.0 2.5 3.0,3,1.0,0.5 0.5 89.2450733129 122.0 1.0 2.5 3.0
0.5 0.5 89.2450733129 122.0 1.0 2.5 3.0,2,1.0,0.5 0.5 76.4632534207 211.333333333 1.0 2.5 3.0
0.5 0.5 76.4632534207 211.333333333 1.0 2.5 3.0,3,1.0,0.5 0.5 57.4584547617 210.0 1.0 2.5 3.0
0.5 0.5 57.4584547617 210.0 1.0 2.5 3.0,3,1.0,0.5 0.5 65.7495958748 42.6666666667 1.0 2.5 3.0
0.5 0.5 65.7495958748 42.6666666667 1.0 2.5 3.0,3,1.0,0.5 0.5 67.6652618407 136.0 1.0 2.5 3.0
0.5 0.5 67.6652618407 136.0 1.0 2.5 3.0,3,1.0,0.5 0.5 68.0365672927 83.0 1.0 2.5 3.0
0.5 0.5 68.0365672927 83.0 1.0 2.5 3.0,3,1.0,0.5 0.5 170.048757757 204.333333333 1.0 2.5 3.0
0.5 0.5 170.048757757 204.333333333 1.0 2.5 3.0,3,1.0,0.5 0.5 47.3408761181 164.0 1.0 2.5 3.0
1.0 1.0 184.872721361 28.6666666667 1.0 1.5 3.0,0,1.0,1.0 1.0 184.872721361 28.0 1.0 2.0 3.0
1.0 1.0 184.872721361 28.0 1.0 2.0 3.0,0,1.0,0.5 0.5 71.9361323543 207.666666667 1.0 2.5 3.0
0.5 0.5 71.9361323543 207.666666667 1.0 2.5 3.0,3,1.0,0.5 0.5 103.033148413 72.6666666667 1.0 2.5 3.0
0.5 0.5 103.033148413 72.6666666667 1.0 2.5 3.0,3,1.0,0.5 0.5 92.853626486 89.0 1.0 2.5 3.0
0.5 0.5 92.853626486 89.0 1.0 2.5 3.0,3,-1.0,0.5 0.5 62.2457491158 45.5 0.666666666667 2.5 3.0
0.5 0.5 62.2457491158 45.5 0.666666666667 2.5 3.0,3,1.0,0.5 0.5 120.516279101 66.0 1.0 2.5 3.0
0.5 0.5 120.516279101 66.0 1.0 2.5 3.0,3,1.0,0.5 0.5 106.734230876 205.666666667 1.0 2.5 3.0
0.5 0.5 106.734230876 205.666666667 1.0 2.5 3.0,3,1.0,0.5 0.5 50.363446718 187.666666667 1.0 2.5 3.0
0.5 0.5 50.363446718 187.666666667 1.0 2.5 3.0,3,1.0,0.5 0.5 177.618691448 69.3333333333 1.0 2.5 3.0
0.5 0.5 177.618691448 69.3333333333 1.0 2.5 3.0,3,1.0,0.5 0.5 76.0020624672 76.3333333333 1.0 2.5 3.0
0.5 0.5 76.0020624672 76.3333333333 1.0 2.5 3.0,3,1.0,0.5 0.5 61.8439427923 110.666666667 1.0 2.5 3.0
0.5 0.5 61.8439427923 110.666666667 1.0 2.5 3.0,3,1.0,0.5 0.5 96.6025905139 162.333333333 1.0 2.5 3.0
0.5 0.5 96.6025905139 162.333333333 1.0 2.5 3.0,3,1.0,0.5 0.5 73.0892188569 79.6666666667 1.0 2.5 3.0
0.5 0.5 73.0892188569 79.6666666667 1.0 2.5 3.0,3,1.0,0.5 0.5 77.6221192458 276.333333333 1.0 2.5 3.0
0.5 0.5 77.6221192458 276.333333333 1.0 2.5 3.0,3,1.0,0.5 0.5 96.610625357 22.0 1.0 2.5 3.0
1.0 1.0 184.872721361 28.3333333333 1.0 0.5 3.0,0,1.0,1.0 1.0 184.872721361 28.0 1.0 1.0 3.0
1.0 1.0 184.872721361 28.0 1.0 1.0 3.0,0,1.0,1.0 1.0 184.872721361 28.0 1.0 1.5 3.0
1.0 1.0 184.872721361 28.0 1.0 1.5 3.0,0,1.0,1.0 1.0 184.872721361 28.0 1.0 2.0 3.0
1.0 1.0 184.872721361 28.0 1.0 2.0 3.0,0,1.0,0.5 0.5 93.9463841084 162.666666667 1.0 2.5 3.0
0.5 0.5 93.9463841084 162.666666667 1.0 2.5 3.0,3,1.0,0.5 0.5 90.4423375906 42.3333333333 1.0 2.5 3.0
0.5 0.5 90.4423375906 42.3333333333 1.0 2.5 3.0,3,-1.0,0.5 0.5 78.7078925408 147.0 0.666666666667 2.5 3.0
0.5 0.5 78.7078925408 147.0 0.666666666667 2.5 3.0,3,1.0,0.5 0.5 98.4337506575 66.3333333333 1.0 2.5 3.0
0.5 0.5 98.4337506575 66.3333333333 1.0 2.5 3.0,3,1.0,0.5 0.5 120.516279101 65.3333333333 1.0 2.5 3.0
0.5 0.5 120.516279101 65.3333333333 1.0 2.5 3.0,3,1.0,0.5 0.5 96.610625357 22.3333333333 1.0 2.5 3.0
0.5 0.5 96.610625357 22.3333333333 1.0 2.5 3.0,3,1.0,0.5 0.5 71.811814877 161.0 1.0 2.5 3.0
0.5 0.5 71.811814877 161.0 1.0 2.5 3.0,3,1.0,0.5 0.5 111.587072584 193.0 1.0 2.5 3.0
0.5 0.5 111.587072584 193.0 1.0 2.5 3.0,3,1.0,0.5 0.5 96.6261368022 184.333333333 1.0 2.5 3.0
0.5 0.5 96.6261368022 184.333333333 1.0 2.5 3.0,3,-1.0,0.5 0.5 82.1850737621 232.0 0.666666666667 2.5 3.0
0.5 0.5 82.1850737621 232.0 0.666666666667 2.5 3.0,3,1.0,0.5 0.5 48.2694223957 108.0 1.0 2.5 3.0
0.5 0.5 48.2694223957 108.0 1.0 2.5 3.0,3,1.0,0.5 0.5 99.7829720335 222.666666667 1.0 2.5 3.0
1.0 1.0 228.510336359 31.0 0.333333333333 1.5 1.0,0,1.0,1.0 1.0 228.510336359 31.0 0.333333333333 2.0 1.0
1.0 1.0 228.510336359 31.0 0.333333333333 2.0 1.0,3,1.0,1.0 1.0 45.4786656239 23.5 0.666666666667 2.0 2.0
1.0 1.0 45.4786656239 23.5 0.666666666667 2.0 2.0,3,1.0,1.0 1.0 123.666824961 25.0 1.0 2.0 3.0
1.0 1.0 123.666824961 25.0 1.0 2.0 3.0,0,1.0,0.5 0.5 71.9098487981 22.0 1.0 2.5 3.0
0.5 0.5 71.9098487981 22.0 1.0 2.5 3.0,3,1.0,0.5 0.5 48.2664651871 141.0 1.0 2.5 3.0
0.5 0.5 48.2664651871 141.0 1.0 2.5 3.0,3,1.0,0.5 0.5 76.0964577193 164.0 1.0 2.5 3.0
0.5 0.5 76.0964577193 164.0 1.0 2.5 3.0,4,-1.0,0.5 0.5 88.4704451474 35.5 0.666666666667 2.5 2.0
0.5 0.5 88.4704451474 35.5 0.666666666667 2.5 2.0,3,1.0,0.5 0.5 70.6927736983 90.0 1.0 2.5 3.0
0.5 0.5 70.6927736983 90.0 1.0 2.5 3.0,3,-1.0,0.5 0.5 44.8394587622 164.0 0.333333333333 2.5 3.0
0.5 0.5 44.8394587622 164.0 0.333333333333 2.5 3.0,3,1.0,0.5 0.5 106.719422104 201.666666667 1.0 2.5 3.0
0.5 0.5 106.719422104 201.666666667 1.0 2.5 3.0,3,1.0,0.5 0.5 51.7705117048 28.6666666667 1.0 2.5 3.0
0.5 0.5 51.7705117048 28.6666666667 1.0 2.5 3.0,3,1.0,0.5 0.5 116.813847593 97.0 1.0 2.5 3.0
0.5 0.5 116.813847593 97.0 1.0 2.5 3.0,3,1.0,0.5 0.5 95.2237880884 132.666666667 1.0 2.5 3.0
0.5 0.5 95.2237880884 132.666666667 1.0 2.5 3.0,3,1.0,0.5 0.5 78.6818151609 145.666666667 1.0 2.5 3.0
0.5 0.5 78.6818151609 145.666666667 1.0 2.5 3.0,2,1.0,0.5 0.5 134.296978281 92.6666666667 1.0 2.5 3.0
1.0 1.0 228.510336359 33.0 0.333333333333 1.5 1.0,3,1.0,1.0 1.0 45.4786656239 22.5 0.666666666667 1.5 2.0
1.0 1.0 45.4786656239 22.5 0.666666666667 1.5 2.0,0,1.0,1.0 1.0 45.4786656239 23.0 0.666666666667 2.0 2.0
1.0 1.0 45.4786656239 23.0 0.666666666667 2.0 2.0,3,1.0,1.0 1.0 123.666824961 25.0 1.0 2.0 3.0
1.0 1.0 123.666824961 25.0 1.0 2.0 3.0,0,1.0,0.5 0.5 75.3704957983 191.0 1.0 2.5 3.0
0.5 0.5 75.3704957983 191.0 1.0 2.5 3.0,3,1.0,0.5 0.5 133.143891778 209.0 1.0 2.5 3.0
0.5 0.5 133.143891778 209.0 1.0 2.5 3.0,3,1.0,0.5 0.5 130.066105453 234.666666667 1.0 2.5 3.0
0.5 0.5 130.066105453 234.666666667 1.0 2.5 3.0,3,1.0,0.5 0.5 42.9725201248 174.0 1.0 2.5 3.0
0.5 0.5 42.9725201248 174.0 1.0 2.5 3.0,3,1.0,0.5 0.5 49.7752795666 206.0 1.0 2.5 3.0
0.5 0.5 49.7752795666 206.0 1.0 2.5 3.0,3,1.0,0.5 0.5 133.143891778 72.3333333333 1.0 2.5 3.0
0.5 0.5 133.143891778 72.3333333333 1.0 2.5 3.0,3,1.0,0.5 0.5 118.030866151 133.333333333 1.0 2.5 3.0
0.5 0.5 118.030866151 133.333333333 1.0 2.5 3.0,3,1.0,0.5 0.5 94.310753256 159.0 1.0 2.5 3.0
0.5 0.5 94.310753256 159.0 1.0 2.5 3.0,3,1.0,0.5 0.5 133.026493173 167.666666667 1.0 2.5 3.0
0.5 0.5 133.026493173 167.666666667 1.0 2.5 3.0,2,1.0,0.5 0.5 71.811814877 70.3333333333 1.0 2.5 3.0
0.5 0.5 71.811814877 70.3333333333 1.0 2.5 3.0,3,1.0,0.5 0.5 94.0707015858 258.666666667 1.0 2.5 3.0
0.5 0.5 94.0707015858 258.666666667 1.0 2.5 3.0,3,1.0,0.5 0.5 75.8564060492 164.333333333 1.0 2.5 3.0
0.0 0.0 250.0 150.0 0.0 4.0 1.0,1,-1.0,0.0 0.0 250.0 150.0 0.0 3.5 1.0
0.0 0.0 250.0 150.0 0.0 3.5 1.0,1,-1.0,0.0 0.0 250.0 150.0 0.0 3.0 1.0
0.0 0.0 250.0 150.0 0.0 3.0 1.0,1,1.0,0.5 0.5 228.510336359 31.0 0.333333333333 2.5 1.0
0.5 0.5 228.510336359 31.0 0.333333333333 2.5 1.0,3,1.0,0.5 0.5 78.7078925408 23.0 0.666666666667 2.5 2.0
0.5 0.5 78.7078925408 23.0 0.666666666667 2.5 2.0,3,1.0,0.5 0.5 79.1274946693 168.666666667 1.0 2.5 3.0
0.5 0.5 79.1274946693 168.666666667 1.0 2.5 3.0,3,1.0,0.5 0.5 110.312055357 98.3333333333 1.0 2.5 3.0
0.5 0.5 110.312055357 98.3333333333 1.0 2.5 3.0,3,1.0,0.5 0.5 72.4980159494 98.6666666667 1.0 2.5 3.0
0.5 0.5 72.4980159494 98.6666666667 1.0 2.5 3.0,3,1.0,0.5 0.5 88.7751004628 217.0 1.0 2.5 3.0
0.5 0.5 88.7751004628 217.0 1.0 2.5 3.0,3,1.0,0.5 0.5 49.7752795666 201.0 1.0 2.5 3.0
0.5 0.5 49.7752795666 201.0 1.0 2.5 3.0,3,-1.0,0.5 0.5 115.386927609 304.0 0.666666666667 2.5 3.0
0.5 0.5 115.386927609 304.0 0.666666666667 2.5 3.0,3,1.0,0.5 0.5 59.7738383079 268.333333333 1.0 2.5 3.0
0.5 0.5 59.7738383079 268.333333333 1.0 2.5 3.0,3,1.0,0.5 0.5 41.755445025 64.3333333333 1.0 2.5 3.0
0.5 0.5 41.755445025 64.3333333333 1.0 2.5 3.0,3,1.0,0.5 0.5 69.6180115401 114.666666667 1.0 2.5 3.0
0.5 0.5 69.6180115401 114.666666667 1.0 2.5 3.0,3,1.0,0.5 0.5 68.3077683592 44.0 1.0 2.5 3.0
0.5 0.5 68.3077683592 44.0 1.0 2.5 3.0,3,1.0,0.5 0.5 62.9306735392 132.666666667 1.0 2.5 3.0
0.0 0.0 250.0 150.0 0.0 3.0 3.0,1,1.0,0.5 0.5 76.4632534207 118.666666667 1.0 2.5 3.0
0.5 0.5 76.4632534207 118.666666667 1.0 2.5 3.0,3,1.0,0.5 0.5 48.610245255 87.0 1.0 2.5 3.0
0.5 0.5 48.610245255 87.0 1.0 2.5 3.0,3,1.0,0.5 0.5 69.6180115401 63.6666666667 1.0 2.5 3.0
0.5 0.5 69.6180115401 63.6666666667 1.0 2.5 3.0,3,1.0,0.5 0.5 43.6150266433 179.0 1.0 2.5 3.0
0.5 0.5 43.6150266433 179.0 1.0 2.5 3.0,3,1.0,0.5 0.5 41.2969058291 266.666666667 1.0 2.5 3.0
0.5 0.5 41.2969058291 266.666666667 1.0 2.5 3.0,3,1.0,0.5 0.5 52.9293775299 90.3333333333 1.0 2.5 3.0
0.5 0.5 52.9293775299 90.3333333333 1.0 2.5 3.0,3,1.0,0.5 0.5 45.9540388495 90.0 1.0 2.5 3.0
0.5 0.5 45.9540388495 90.0 1.0 2.5 3.0,3,1.0,0.5 0.5 67.4252101705 183.333333333 1.0 2.5 3.0
0.5 0.5 67.4252101705 183.333333333 1.0 2.5 3.0,3,1.0,0.5 0.5 54.4267181103 125.333333333 1.0 2.5 3.0
0.5 0.5 54.4267181103 125.333333333 1.0 2.5 3.0,1,-1.0,1.0 1.0 123.638678381 25.0 1.0 2.0 3.0
1.0 1.0 123.638678381 25.0 1.0 2.0 3.0,0,1.0,0.5 0.5 56.5236996412 78.0 1.0 2.5 3.0
0.5 0.5 56.5236996412 78.0 1.0 2.5 3.0,3,1.0,0.5 0.5 103.004410408 92.6666666667 1.0 2.5 3.0
0.5 0.5 103.004410408 92.6666666667 1.0 2.5 3.0,3,1.0,0.5 0.5 53.8674932357 75.3333333333 1.0 2.5 3.0
0.5 0.5 53.8674932357 75.3333333333 1.0 2.5 3.0,3,1.0,0.5 0.5 93.9463841084 22.3333333333 1.0 2.5 3.0
0.5 0.5 93.9463841084 22.3333333333 1.0 2.5 3.0,3,1.0,0.5 0.5 96.6261368022 228.666666667 1.0 2.5 3.0
1.0 1.0 37.8850963195 22.0 0.333333333333 1.5 1.0,0,1.0,1.0 1.0 37.8850963195 22.0 0.333333333333 2.0 1.0
1.0 1.0 37.8850963195 22.0 0.333333333333 2.0 1.0,3,1.0,1.0 1.0 64.1322148106 22.0 0.666666666667 2.0 2.0
1.0 1.0 64.1322148106 22.0 0.666666666667 2.0 2.0,0,1.0,0.5 0.5 136.337282709 121.0 0.666666666667 2.5 2.0
0.5 0.5 136.337282709 121.0 0.666666666667 2.5 2.0,3,1.0,0.5 0.5 74.4733188576 135.0 1.0 2.5 3.0
0.5 0.5 74.4733188576 135.0 1.0 2.5 3.0,3,1.0,0.5 0.5 109.844288235 89.6666666667 1.0 2.5 3.0
0.5 0.5 109.844288235 89.6666666667 1.0 2.5 3.0,3,1.0,0.5 0.5 127.821469601 92.6666666667 1.0 2.5 3.0
0.5 0.5 127.821469601 92.6666666667 1.0 2.5 3.0,3,1.0,0.5 0.5 71.9098487981 68.0 1.0 2.5 3.0
0.5 0.5 71.9098487981 68.0 1.0 2.5 3.0,3,1.0,0.5 0.5 77.6221192458 128.333333333 1.0 2.5 3.0
0.5 0.5 77.6221192458 128.333333333 1.0 2.5 3.0,3,1.0,0.5 0.5 65.7495958748 41.3333333333 1.0 2.5 3.0
0.5 0.5 65.7495958748 41.3333333333 1.0 2.5 3.0,3,1.0,0.5 0.5 69.9833826549 274.333333333 1.0 2.5 3.0
0.5 0.5 69.9833826549 274.333333333 1.0 2.5 3.0,3,1.0,0.5 0.5 70.4067288951 87.0 1.0 2.5 3.0
0.5 0.5 70.4067288951 87.0 1.0 2.5 3.0,3,1.0,0.5 0.5 90.4423375906 42.6666666667 1.0 2.5 3.0
0.5 0.5 90.4423375906 42.6666666667 1.0 2.5 3.0,3,1.0,0.5 0.5 49.6589969324 115.0 1.0 2.5 3.0
0.5 0.5 49.6589969324 115.0 1.0 2.5 3.0,3,1.0,0.5 0.5 59.7765755759 146.0 1.0 2.5 3.0
0.5 0.5 59.7765755759 146.0 1.0 2.5 3.0,3,1.0,0.5 0.5 186.075760177 113.0 1.0 2.5 3.0
1.0 1.0 184.872721361 28.0 1.0 0.5 3.0,0,1.0,1.0 1.0 184.872721361 28.0 1.0 1.0 3.0
1.0 1.0 184.872721361 28.0 1.0 1.0 3.0,0,1.0,1.0 1.0 184.872721361 28.0 1.0 1.5 3.0
1.0 1.0 184.872721361 28.0 1.0 1.5 3.0,0,1.0,1.0 1.0 184.872721361 28.0 1.0 2.0 3.0
1.0 1.0 184.872721361 28.0 1.0 2.0 3.0,0,1.0,0.5 0.5 94.0707015858 204.333333333 1.0 2.5 3.0
0.5 0.5 94.0707015858 204.333333333 1.0 2.5 3.0,3,1.0,0.5 0.5 133.026493173 114.333333333 1.0 2.5 3.0
0.5 0.5 133.026493173 114.333333333 1.0 2.5 3.0,2,1.0,0.5 0.5 75.8564060492 31.0 1.0 2.5 3.0
0.5 0.5 75.8564060492 31.0 1.0 2.5 3.0,3,1.0,0.5 0.5 76.4632534207 121.666666667 1.0 2.5 3.0
0.5 0.5 76.4632534207 121.666666667 1.0 2.5 3.0,3,1.0,0.5 0.5 42.4499923317 63.3333333333 1.0 2.5 3.0
0.5 0.5 42.4499923317 63.3333333333 1.0 2.5 3.0,3,1.0,0.5 0.5 93.9463841084 112.0 1.0 2.5 3.0
0.5 0.5 93.9463841084 112.0 1.0 2.5 3.0,3,1.0,0.5 0.5 65.989647545 41.0 1.0 2.5 3.0
0.5 0.5 65.989647545 41.0 1.0 2.5 3.0,3,1.0,0.5 0.5 78.4145785336 31.0 1.0 2.5 3.0
0.5 0.5 78.4145785336 31.0 1.0 2.5 3.0,3,1.0,0.5 0.5 44.765375878 82.6666666667 1.0 2.5 3.0
0.5 0.5 44.765375878 82.6666666667 1.0 2.5 3.0,3,1.0,0.5 0.5 72.1579353114 158.0 1.0 2.5 3.0
0.5 0.5 72.1579353114 158.0 1.0 2.5 3.0,3,1.0,0.5 0.5 96.6288740702 156.0 1.0 2.5 3.0
0.5 0.5 96.6288740702 156.0 1.0 2.5 3.0,3,1.0,0.5 0.5 96.6288740702 117.0 1.0 2.5 3.0
0.5 0.5 69.9833826549 136.0 1.0 2.5 3.0,3,1.0,0.5 0.5 106.719422104 161.333333333 1.0 2.5 3.0
0.5 0.5 106.719422104 161.333333333 1.0 2.5 3.0,3,1.0,0.5 0.5 72.1579353114 200.333333333 1.0 2.5 3.0
0.5 0.5 72.1579353114 200.333333333 1.0 2.5 3.0,3,1.0,0.5 0.5 131.20700852 186.666666667 1.0 2.5 3.0
0.5 0.5 131.20700852 186.666666667 1.0 2.5 3.0,3,-1.0,0.5 0.5 142.650027164 138.0 0.666666666667 2.5 3.0
0.5 0.5 142.650027164 138.0 0.666666666667 2.5 3.0,2,1.0,0.5 0.5 72.1579353114 22.3333333333 1.0 2.5 3.0
0.5 0.5 72.1579353114 22.3333333333 1.0 2.5 3.0,3,1.0,0.5 0.5 71.9333950863 134.666666667 1.0 2.5 3.0
0.5 0.5 71.9333950863 134.666666667 1.0 2.5 3.0,3,1.0,0.5 0.5 53.7218368177 260.333333333 1.0 2.5 3.0
0.5 0.5 53.7218368177 260.333333333 1.0 2.5 3.0,3,1.0,0.5 0.5 65.7495958748 177.666666667 1.0 2.5 3.0
0.5 0.5 65.7495958748 177.666666667 1.0 2.5 3.0,3,1.0,0.5 0.5 75.0902303176 135.333333333 1.0 2.5 3.0
0.5 0.5 75.0902303176 135.333333333 1.0 2.5 3.0,3,-1.0,0.5 0.5 44.8394587622 304.0 0.333333333333 2.5 3.0
0.5 0.5 44.8394587622 304.0 0.333333333333 2.5 3.0,3,1.0,0.5 0.5 116.813847593 102.0 1.0 2.5 3.0
0.5 0.5 116.813847593 102.0 1.0 2.5 3.0,3,1.0,0.5 0.5 93.9463841084 22.0 1.0 2.5 3.0
0.5 0.5 93.9463841084 22.0 1.0 2.5 3.0,3,-1.0,0.5 0.5 45.4786656239 91.0 0.666666666667 2.5 3.0
0.5 0.5 45.4786656239 91.0 0.666666666667 2.5 3.0,3,1.0,0.5 0.5 77.6301540889 134.0 1.0 2.5 3.0
0.5 0.5 77.6301540889 134.0 1.0 2.5 3.0,2,1.0,0.5 0.5 157.836633494 208.0 1.0 2.5 3.0
1.0 1.0 44.8394587622 22.0 0.333333333333 0.5 1.0,0,1.0,1.0 1.0 44.8394587622 22.0 0.333333333333 1.0 1.0
1.0 1.0 44.8394587622 22.0 0.333333333333 1.0 1.0,3,1.0,1.0 1.0 136.981399987 28.0 0.666666666667 1.0 2.0
1.0 1.0 136.981399987 28.0 0.666666666667 1.0 2.0,0,1.0,1.0 1.0 45.1459611883 22.0 0.666666666667 1.5 2.0
1.0 1.0 45.1459611883 22.0 0.666666666667 1.5 2.0,0,1.0,1.0 1.0 45.1459611883 22.0 0.666666666667 2.0 2.0
1.0 1.0 45.1459611883 22.0 0.666666666667 2.0 2.0,3,1.0,1.0 1.0 60.1287228858 22.6666666667 1.0 2.0 3.0
1.0 1.0 60.1287228858 22.6666666667 1.0 2.0 3.0,0,1.0,0.5 0.5 139.892311853 77.3333333333 1.0 2.5 3.0
0.5 0.5 139.892311853 77.3333333333 1.0 2.5 3.0,3,1.0,0.5 0.5 70.6927736983 91.0 1.0 2.5 3.0
0.5 0.5 70.6927736983 91.0 1.0 2.5 3.0,3,1.0,0.5 0.5 67.4252101705 43.6666666667 1.0 2.5 3.0
0.5 0.5 67.4252101705 43.6666666667 1.0 2.5 3.0,3,1.0,0.5 0.5 106.719422104 160.666666667 1.0 2.5 3.0
0.5 0.5 106.719422104 160.666666667 1.0 2.5 3.0,3,1.0,0.5 0.5 72.4980159494 51.3333333333 1.0 2.5 3.0
0.5 0.5 72.4980159494 51.3333333333 1.0 2.5 3.0,3,1.0,0.5 0.5 59.9069199288 118.0 1.0 2.5 3.0
0.5 0.5 59.9069199288 118.0 1.0 2.5 3.0,3,1.0,0.5 0.5 76.0020624672 28.6666666667 1.0 2.5 3.0
0.5 0.5 76.0020624672 28.6666666667 1.0 2.5 3.0,3,1.0,0.5 0.5 50.9256288012 107.0 1.0 2.5 3.0
0.5 0.5 50.9256288012 107.0 1.0 2.5 3.0,3,1.0,0.5 0.5 71.9098487981 164.333333333 1.0 2.5 3.0
0.5 0.5 71.9098487981 164.333333333 1.0 2.5 3.0,3,1.0,0.5 0.5 58.7418856172 90.0 1.0 2.5 3.0
0.0 0.0 250.0 150.0 0.0 4.0 3.0,1,-1.0,0.0 0.0 250.0 150.0 0.0 3.5 3.0
0.0 0.0 250.0 150.0 0.0 3.5 3.0,1,-1.0,0.0 0.0 250.0 150.0 0.0 3.0 3.0
0.0 0.0 250.0 150.0 0.0 3.0 3.0,1,1.0,0.5 0.5 118.763443302 70.0 1.0 2.5 3.0
0.5 0.5 118.763443302 70.0 1.0 2.5 3.0,3,1.0,0.5 0.5 70.7190572545 89.0 1.0 2.5 3.0
0.5 0.5 70.7190572545 89.0 1.0 2.5 3.0,3,1.0,0.5 0.5 76.4632534207 166.333333333 1.0 2.5 3.0
0.5 0.5 76.4632534207 166.333333333 1.0 2.5 3.0,3,1.0,0.5 0.5 68.4009364403 87.6666666667 1.0 2.5 3.0
0.5 0.5 68.4009364403 87.6666666667 1.0 2.5 3.0,2,1.0,0.5 0.5 73.0892188569 90.0 1.0 2.5 3.0
0.5 0.5 73.0892188569 90.0 1.0 2.5 3.0,3,1.0,0.5 0.5 76.4632534207 300.0 1.0 2.5 3.0
0.5 0.5 76.4632534207 300.0 1.0 2.5 3.0,3,1.0,0.5 0.5 100.81912166 73.0 1.0 2.5 3.0
0.5 0.5 100.81912166 73.0 1.0 2.5 3.0,3,1.0,0.5 0.5 71.811814877 162.0 1.0 2.5 3.0
0.5 0.5 71.811814877 162.0 1.0 2.5 3.0,3,1.0,0.5 0.5 69.6180115401 210.0 1.0 2.5 3.0
0.5 0.5 69.6180115401 210.0 1.0 2.5 3.0,3,1.0,0.5 0.5 94.0707015858 197.666666667 1.0 2.5 3.0
0.5 0.5 94.0707015858 197.666666667 1.0 2.5 3.0,3,1.0,0.5 0.5 127.602965098 174.666666667 1.0 2.5 3.0
0.5 0.5 127.602965098 174.666666667 1.0 2.5 3.0,3,1.0,0.5 0.5 99.7829720335 87.6666666667 1.0 2.5 3.0
0.5 0.5 99.7829720335 87.6666666667 1.0 2.5 3.0,3,1.0,0.5 0.5 76.0020624672 76.3333333333 1.0 2.5 3.0
1.0 1.0 37.8850963195 22.0 0.333333333333 1.0 1.0,0,1.0,1.0 1.0 37.8850963195 22.0 0.333333333333 1.5 1.0
1.0 1.0 37.8850963195 22.0 0.333333333333 1.5 1.0,0,1.0,1.0 1.0 37.8850963195 23.0 0.333333333333 2.0 1.0
1.0 1.0 37.8850963195 23.0 0.333333333333 2.0 1.0,0,1.0,0.5 0.5 111.243166457 22.0 0.333333333333 2.5 1.0
0.5 0.5 111.243166457 22.0 0.333333333333 2.5 1.0,3,1.0,0.5 0.5 51.7914100789 36.0 0.666666666667 2.5 2.0
0.5 0.5 51.7914100789 36.0 0.666666666667 2.5 2.0,3,1.0,0.5 0.5 72.1499004682 257.0 1.0 2.5 3.0
0.5 0.5 72.1499004682 257.0 1.0 2.5 3.0,3,1.0,0.5 0.5 114.046021905 140.333333333 1.0 2.5 3.0
0.5 0.5 114.046021905 140.333333333 1.0 2.5 3.0,3,1.0,0.5 0.5 48.2721596637 90.0 1.0 2.5 3.0
0.5 0.5 48.2721596637 90.0 1.0 2.5 3.0,3,1.0,0.5 0.5 120.516279101 63.6666666667 1.0 2.5 3.0
0.5 0.5 120.516279101 63.6666666667 1.0 2.5 3.0,3,1.0,0.5 0.5 74.4760561256 115.0 1.0 2.5 3.0
0.5 0.5 74.4760561256 115.0 1.0 2.5 3.0,3,1.0,0.5 0.5 77.6301540889 135.0 1.0 2.5 3.0
0.5 0.5 77.6301540889 135.0 1.0 2.5 3.0,3,1.0,0.5 0.5 75.8564060492 31.6666666667 1.0 2.5 3.0
0.5 0.5 75.8564060492 31.6666666667 1.0 2.5 3.0,3,1.0,0.5 0.5 78.6845524289 72.3333333333 1.0 2.5 3.0
0.5 0.5 78.6845524289 72.3333333333 1.0 2.5 3.0,2,1.0,0.5 0.5 60.4702568923 212.0 1.0 2.5 3.0
0.5 0.5 60.4702568923 212.0 1.0 2.5 3.0,3,1.0,0.5 0.5 95.2237880884 89.0 1.0 2.5 3.0
0.5 0.5 95.2237880884 89.0 1.0 2.5 3.0,3,1.0,0.5 0.5 81.9023629109 162.666666667 1.0 2.5 3.0
0.0 0.0 250.0 150.0 0.0 3.0 3.0,1,1.0,0.5 0.5 52.3124660699 137.333333333 1.0 2.5 3.0
0.5 0.5 52.3124660699 137.333333333 1.0 2.5 3.0,2,1.0,0.5 0.5 116.70222831 136.0 1.0 2.5 3.0
0.5 0.5 116.70222831 136.0 1.0 2.5 3.0,3,1.0,0.5 0.5 77.7406574007 97.6666666667 1.0 2.5 3.0
0.5 0.5 77.7406574007 97.6666666667 1.0 2.5 3.0,3,1.0,0.5 0.5 53.8674932357 77.0 1.0 2.5 3.0
0.5 0.5 53.8674932357 77.0 1.0 2.5 3.0,2,1.0,0.5 0.5 96.610625357 70.6666666667 1.0 2.5 3.0
0.5 0.5 96.610625357 70.6666666667 1.0 2.5 3.0,3,1.0,0.5 0.5 45.290640939 180.0 1.0 2.5 3.0
0.5 0.5 45.290640939 180.0 1.0 2.5 3.0,3,1.0,0.5 0.5 83.1945756629 88.3333333333 1.0 2.5 3.0
0.5 0.5 83.1945756629 88.3333333333 1.0 2.5 3.0,3,1.0,0.5 0.5 93.9463841084 155.333333333 1.0 2.5 3.0
0.5 0.5 93.9463841084 155.333333333 1.0 2.5 3.0,2,1.0,0.5 0.5 136.668869109 137.666666667 1.0 2.5 3.0
0.5 0.5 136.668869109 137.666666667 1.0 2.5 3.0,2,1.0,0.5 0.5 70.7710980427 219.0 1.0 2.5 3.0
0.5 0.5 70.7710980427 219.0 1.0 2.5 3.0,3,1.0,0.5 0.5 65.989647545 43.0 1.0 2.5 3.0
0.5 0.5 65.989647545 43.0 1.0 2.5 3.0,3,1.0,0.5 0.5 108.814714777 111.0 1.0 2.5 3.0
0.5 0.5 108.814714777 111.0 1.0 2.5 3.0,2,1.0,0.5 0.5 75.0902303176 128.666666667 1.0 2.5 3.0
0.5 0.5 75.0902303176 128.666666667 1.0 2.5 3.0,3,1.0,0.5 0.5 132.730346701 135.666666667 1.0 2.5 3.0
0.5 0.5 132.730346701 135.666666667 1.0 2.5 3.0,3,1.0,0.5 0.5 75.3704957983 97.6666666667 1.0 2.5 3.0
0.5 0.5 71.811814877 163.333333333 1.0 2.5 3.0,3,1.0,0.5 0.5 42.4499923317 63.3333333333 1.0 2.5 3.0
0.5 0.5 42.4499923317 63.3333333333 1.0 2.5 3.0,3,1.0,0.5 0.5 93.9463841084 113.666666667 1.0 2.5 3.0
0.5 0.5 93.9463841084 113.666666667 1.0 2.5 3.0,3,-1.0,0.0 0.0 250.0 150.0 0.0 2.5 3.0
0.0 0.0 250.0 150.0 0.0 2.5 3.0,2,1.0,0.5 0.5 64.3372191892 73.3333333333 1.0 2.5 3.0
0.5 0.5 64.3372191892 73.3333333333 1.0 2.5 3.0,3,1.0,0.5 0.5 114.516051165 147.333333333 1.0 2.5 3.0
0.5 0.5 114.516051165 147.333333333 1.0 2.5 3.0,3,1.0,0.5 0.5 62.4441064321 181.666666667 1.0 2.5 3.0
0.5 0.5 62.4441064321 181.666666667 1.0 2.5 3.0,3,1.0,0.5 0.5 67.4252101705 227.0 1.0 2.5 3.0
0.5 0.5 67.4252101705 227.0 1.0 2.5 3.0,3,1.0,0.5 0.5 62.9306735392 137.333333333 1.0 2.5 3.0
0.5 0.5 62.9306735392 137.333333333 1.0 2.5 3.0,3,1.0,0.5 0.5 81.9023629109 163.666666667 1.0 2.5 3.0
0.5 0.5 81.9023629109 163.666666667 1.0 2.5 3.0,3,1.0,0.5 0.5 100.549147765 31.3333333333 1.0 2.5 3.0
0.5 0.5 100.549147765 31.3333333333 1.0 2.5 3.0,3,1.0,0.5 0.5 47.1190731611 161.333333333 1.0 2.5 3.0
0.5 0.5 47.1190731611 161.333333333 1.0 2.5 3.0,3,1.0,0.5 0.5 41.2969058291 40.0 1.0 2.5 3.0
0.5 0.5 41.2969058291 40.0 1.0 2.5 3.0,3,1.0,0.5 0.5 51.7705117048 114.333333333 1.0 2.5 3.0
0.5 0.5 51.7705117048 114.333333333 1.0 2.5 3.0,3,1.0,0.5 0.5 66.3523086229 209.333333333 1.0 2.5 3.0
0.5 0.5 66.3523086229 209.333333333 1.0 2.5 3.0,3,1.0,0.5 0.5 72.1579353114 161.333333333 1.0 2.5 3.0
1.0 1.0 228.510336359 31.0 0.333333333333 0.5 1.0,0,1.0,1.0 1.0 228.510336359 31.0 0.333333333333 1.0 1.0
1.0 1.0 228.510336359 31.0 0.333333333333 1.0 1.0,0,1.0,1.0 1.0 228.510336359 31.0 0.333333333333 1.5 1.0
1.0 1.0 228.510336359 31.0 0.333333333333 1.5 1.0,3,1.0,1.0 1.0 45.4786656239 23.0 0.666666666667 1.5 2.0
1.0 1.0 45.4786656239 23.0 0.666666666667 1.5 2.0,0,1.0,1.0 1.0 45.4786656239 22.5 0.666666666667 2.0 2.0
1.0 1.0 45.4786656239 22.5 0.666666666667 2.0 2.0,0,1.0,0.5 0.5 115.386927609 22.0 0.666666666667 2.5 2.0
0.5 0.5 115.386927609 22.0 0.666666666667 2.5 2.0,3,1.0,0.5 0.5 146.426095916 45.6666666667 1.0 2.5 3.0
0.5 0.5 146.426095916 45.6666666667 1.0 2.5 3.0,3,1.0,0.5 0.5 52.5047617179 51.3333333333 1.0 2.5 3.0
0.5 0.5 52.5047617179 51.3333333333 1.0 2.5 3.0,3,1.0,0.5 0.5 94.0707015858 200.0 1.0 2.5 3.0
0.5 0.5 94.0707015858 200.0 1.0 2.5 3.0,3,1.0,0.5 0.5 81.5686764969 141.0 1.0 2.5 3.0
0.5 0.5 81.5686764969 141.0 1.0 2.5 3.0,2,1.0,0.5 0.5 74.4497725693 64.3333333333 1.0 2.5 3.0
0.5 0.5 74.4497725693 64.3333333333 1.0 2.5 3.0,3,1.0,0.5 0.5 113.474136362 88.3333333333 1.0 2.5 3.0
0.5 0.5 113.474136362 88.3333333333 1.0 2.5 3.0,3,1.0,0.5 0.5 58.1521360781 257.0 1.0 2.5 3.0
0.5 0.5 58.1521360781 257.0 1.0 2.5 3.0,3,1.0,0.5 0.5 109.792247447 93.0 1.0 2.5 3.0
0.5 0.5 109.792247447 93.0 1.0 2.5 3.0,3,-1.0,0.5 0.5 140.791285644 309.5 0.666666666667 2.5 3.0
0.5 0.5 140.791285644 309.5 0.666666666667 2.5 3.0,2,1.0,0.5 0.5 68.0365672927 89.3333333333 1.0 2.5 3.0
0.5 0.5 78.3478150355 22.0 0.666666666667 2.5 2.0,3,1.0,0.5 0.5 131.926816678 228.333333333 1.0 2.5 3.0
0.5 0.5 131.926816678 228.333333333 1.0 2.5 3.0,3,1.0,0.5 0.5 110.312055357 99.3333333333 1.0 2.5 3.0
0.5 0.5 110.312055357 99.3333333333 1.0 2.5 3.0,3,1.0,0.5 0.5 93.9463841084 156.666666667 1.0 2.5 3.0
0.5 0.5 93.9463841084 156.666666667 1.0 2.5 3.0,3,1.0,0.5 0.5 50.2731711244 133.333333333 1.0 2.5 3.0
0.5 0.5 50.2731711244 133.333333333 1.0 2.5 3.0,3,1.0,0.5 0.5 95.2237880884 90.0 1.0 2.5 3.0
0.5 0.5 95.2237880884 90.0 1.0 2.5 3.0,3,-1.0,0.5 0.5 115.386927609 306.0 0.666666666667 2.5 3.0
0.5 0.5 115.386927609 306.0 0.666666666667 2.5 3.0,3,1.0,0.5 0.5 51.7705117048 171.0 1.0 2.5 3.0
0.5 0.5 51.7705117048 171.0 1.0 2.5 3.0,3,1.0,0.5 0.5 115.176566784 126.333333333 1.0 2.5 3.0
0.5 0.5 115.176566784 126.333333333 1.0 2.5 3.0,3,1.0,0.5 0.5 76.0964577193 31.0 1.0 2.5 3.0
0.5 0.5 76.0964577193 31.0 1.0 2.5 3.0,3,1.0,0.5 0.5 107.913287508 136.333333333 1.0 2.5 3.0
0.5 0.5 107.913287508 136.333333333 1.0 2.5 3.0,3,-1.0,0.0 0.0 250.0 150.0 0.0 2.5 3.0
0.0 0.0 250.0 150.0 0.0 2.5 3.0,3,1.0,0.5 0.5 45.9019980613 85.0 1.0 2.5 3.0
0.5 0.5 45.9019980613 85.0 1.0 2.5 3.0,3,1.0,0.5 0.5 49.7752795666 67.0 1.0 2.5 3.0
0.5 0.5 49.7752795666 67.0 1.0 2.5 3.0,3,1.0,0.5 0.5 71.811814877 206.0 1.0 2.5 3.0
0.5 0.5 71.811814877 206.0 1.0 2.5 3.0,2,1.0,0.5 0.5 84.5936347691 161.0 1.0 2.5 3.0
1.0 1.0 184.872721361 28.0 1.0 2.0 3.0,0,1.0,0.5 0.5 69.4936940627 163.333333333 1.0 2.5 3.0
0.5 0.5 69.4936940627 163.333333333 1.0 2.5 3.0,3,1.0,0.5 0.5 135.683815549 120.0 1.0 2.5 3.0
0.5 0.5 135.683815549 120.0 1.0 2.5 3.0,3,1.0,0.5 0.5 164.576538979 96.0 1.0 2.5 3.0
0.5 0.5 164.576538979 96.0 1.0 2.5 3.0,3,1.0,0.5 0.5 96.6288740702 160.0 1.0 2.5 3.0
0.5 0.5 96.6288740702 160.0 1.0 2.5 3.0,2,-1.0,0.5 0.5 50.2975063542 63.0 0.666666666667 2.5 3.0
0.5 0.5 50.2975063542 63.0 0.666666666667 2.5 3.0,3,1.0,0.5 0.5 47.3408761181 22.0 1.0 2.5 3.0
0.5 0.5 47.3408761181 22.0 1.0 2.5 3.0,3,1.0,0.5 0.5 69.6180115401 254.0 1.0 2.5 3.0
0.5 0.5 69.6180115401 254.0 1.0 2.5 3.0,2,1.0,0.5 0.5 45.287903671 153.333333333 1.0 2.5 3.0
0.5 0.5 45.287903671 153.333333333 1.0 2.5 3.0,3,1.0,0.5 0.5 125.503348787 91.6666666667 1.0 2.5 3.0
0.5 0.5 125.503348787 91.6666666667 1.0 2.5 3.0,3,1.0,0.5 0.5 130.066105453 133.0 1.0 2.5 3.0
0.5 0.5 130.066105453 133.0 1.0 2.5 3.0,2,1.0,0.5 0.5 82.2815408304 66.6666666667 1.0 2.5 3.0
0.5 0.5 82.2815408304 66.6666666667 1.0 2.5 3.0,3,1.0,0.5 0.5 49.0560960246 110.666666667 1.0 2.5 3.0
0.5 0.5 49.0560960246 110.666666667 1.0 2.5 3.0,3,1.0,0.5 0.5 76.0964577193 31.3333333333 1.0 2.5 3.0
0.5 0.5 76.0964577193 31.3333333333 1.0 2.5 3.0,3,1.0,0.5 0.5 69.6180115401 110.333333333 1.0 2.5 3.0
0.5 0.5 69.6180115401 110.333333333 1.0 2.5 3.0,3,1.0,0.5 0.5 77.6221192458 137.333333333 1.0 2.5 3.0
0.0 0.0 250.0 150.0 0.0 4.0 3.0,1,-1.0,0.0 0.0 250.0 150.0 0.0 3.5 3.0
0.0 0.0 250.0 150.0 0.0 3.5 3.0,1,-1.0,0.0 0.0 250.0 150.0 0.0 3.0 3.0
0.0 0.0 250.0 150.0 0.0 3.0 3.0,1,1.0,0.5 0.5 51.7705117048 171.666666667 1.0 2.5 3.0
0.5 0.5 51.7705117048 171.666666667 1.0 2.5 3.0,3,1.0,0.5 0.5 75.8564060492 31.3333333333 1.0 2.5 3.0
0.5 0.5 75.8564060492 31.3333333333 1.0 2.5 3.0,3,1.0,0.5 0.5 48.2694223957 108.0 1.0 2.5 3.0
0.5 0.5 48.2694223957 108.0 1.0 2.5 3.0,2,-1.0,0.5 0.5 86.9162207071 191.5 0.666666666667 2.5 3.0
0.5 0.5 86.9162207071 191.5 0.666666666667 2.5 3.0,3,1.0,0.5 0.5 76.0020624672 28.6666666667 1.0 2.5 3.0
0.5 0.5 76.0020624672 28.6666666667 1.0 2.5 3.0,3,1.0,0.5 0.5 76.0964577193 31.0 1.0 2.5 3.0
0.5 0.5 76.0964577193 31.0 1.0 2.5 3.0,3,1.0,0.5 0.5 69.9651339417 176.666666667 1.0 2.5 3.0
0.5 0.5 69.9651339417 176.666666667 1.0 2.5 3.0,3,1.0,0.5 0.5 113.538829203 168.0 1.0 2.5 3.0
0.5 0.5 113.538829203 168.0 1.0 2.5 3.0,3,1.0,0.5 0.5 96.6288740702 116.666666667 1.0 2.5 3.0
0.5 0.5 96.6288740702 116.666666667 1.0 2.5 3.0,2,1.0,0.5 0.5 92.1179518863 43.0 1.0 2.5 3.0
0.5 0.5 92.1179518863 43.0 1.0 2.5 3.0,3,1.0,0.5 0.5 76.0964577193 154.0 1.0 2.5 3.0
0.5 0.5 76.0964577193 154.0 1.0 2.5 3.0,3,1.0,0.5 0.5 94.0707015858 203.666666667 1.0 2.5 3.0
0.5 0.5 94.0707015858 203.666666667 1.0 2.5 3.0,2,1.0,0.5 0.5 135.706245867 185.0 1.0 2.5 3.0
0.0 0.0 250.0 150.0 0.0 4.0 3.0,1,-1.0,0.0 0.0 250.0 150.0 0.0 3.5 3.0
0.0 0.0 250.0 150.0 0.0 3.5 3.0,1,-1.0,0.0 0.0 250.0 150.0 0.0 3.0 3.0
0.0 0.0 250.0 150.0 0.0 3.0 3.0,1,1.0,0.5 0.5 49.6589969324 161.666666667 1.0 2.5 3.0
0.5 0.5 49.6589969324 161.666666667 1.0 2.5 3.0,3,1.0,0.5 0.5 71.9098487981 69.6666666667 1.0 2.5 3.0
0.5 0.5 71.9098487981 69.6666666667 1.0 2.5 3.0,3,1.0,0.5 0.5 62.9306735392 129.666666667 1.0 2.5 3.0
0.5 0.5 62.9306735392 129.666666667 1.0 2.5 3.0,3,1.0,0.5 0.5 68.289519646 41.6666666667 1.0 2.5 3.0
0.5 0.5 68.289519646 41.6666666667 1.0 2.5 3.0,2,-1.0,0.5 0.5 115.386927609 86.5 0.666666666667 2.5 3.0
0.5 0.5 115.386927609 86.5 0.666666666667 2.5 3.0,2,1.0,0.5 0.5 62.9306735392 134.666666667 1.0 2.5 3.0
0.5 0.5 62.9306735392 134.666666667 1.0 2.5 3.0,3,1.0,0.5 0.5 69.2536423925 301.333333333 1.0 2.5 3.0
0.5 0.5 69.2536423925 301.333333333 1.0 2.5 3.0,3,1.0,0.5 0.5 108.029570142 140.333333333 1.0 2.5 3.0
0.5 0.5 108.029570142 140.333333333 1.0 2.5 3.0,3,1.0,0.5 0.5 54.205578827 78.3333333333 1.0 2.5 3.0
0.5 0.5 54.205578827 78.3333333333 1.0 2.5 3.0,3,1.0,0.5 0.5 48.610245255 88.3333333333 1.0 2.5 3.0
0.5 0.5 48.610245255 88.3333333333 1.0 2.5 3.0,3,1.0,0.5 0.5 153.166001402 68.6666666667 1.0 2.5 3.0
0.5 0.5 153.166001402 68.6666666667 1.0 2.5 3.0,3,1.0,0.5 0.5 57.5887991146 69.3333333333 1.0 2.5 3.0
0.5 0.5 57.5887991146 69.3333333333 1.0 2.5 3.0,3,1.0,0.5 0.5 71.811814877 22.3333333333 1.0 2.5 3.0
0.0 0.0 250.0 150.0 0.0 3.5 1.0,1,-1.0,0.0 0.0 250.0 150.0 0.0 3.0 1.0
0.0 0.0 250.0 150.0 0.0 3.0 1.0,1,1.0,0.5 0.5 75.1111028639 22.0 0.333333333333 2.5 1.0
0.5 0.5 75.1111028639 22.0 0.333333333333 2.5 1.0,3,1.0,0.5 0.5 125.496785838 57.0 0.666666666667 2.5 2.0
0.5 0.5 125.496785838 57.0 0.666666666667 2.5 2.0,3,1.0,0.5 0.5 94.0707015858 22.6666666667 1.0 2.5 3.0
0.5 0.5 94.0707015858 22.6666666667 1.0 2.5 3.0,3,1.0,0.5 0.5 185.515152551 185.333333333 1.0 2.5 3.0
0.5 0.5 185.515152551 185.333333333 1.0 2.5 3.0,3,1.0,0.5 0.5 73.0864815889 107.333333333 1.0 2.5 3.0
0.5 0.5 73.0864815889 107.333333333 1.0 2.5 3.0,3,1.0,0.5 0.5 82.0414891603 212.0 1.0 2.5 3.0
0.5 0.5 82.0414891603 212.0 1.0 2.5 3.0,3,-1.0,0.5 0.5 60.6550335892 235.0 0.666666666667 2.5 3.0
0.5 0.5 60.6550335892 235.0 0.666666666667 2.5 3.0,3,1.0,0.5 0.5 50.8063889583 141.666666667 1.0 2.5 3.0
0.5 0.5 50.8063889583 141.666666667 1.0 2.5 3.0,3,1.0,0.5 0.5 67.4252101705 43.0 1.0 2.5 3.0
0.5 0.5 67.4252101705 43.0 1.0 2.5 3.0,3,1.0,0.5 0.5 77.6301540889 133.0 1.0 2.5 3.0
0.5 0.5 77.6301540889 133.0 1.0 2.5 3.0,3,1.0,0.5 0.5 77.6301540889 176.666666667 1.0 2.5 3.0
0.5 0.5 77.6301540889 176.666666667 1.0 2.5 3.0,3,1.0,0.5 0.5 70.7190572545 90.3333333333 1.0 2.5 3.0
0.5 0.5 70.7190572545 90.3333333333 1.0 2.5 3.0,3,1.0,0.5 0.5 69.9833826549 39.6666666667 1.0 2.5 3.0
0.5 0.5 69.9833826549 39.6666666667 1.0 2.5 3.0,3,1.0,0.5 0.5 158.63822018 88.0 1.0 2.5 3.0
1.0 1.0 184.872721361 28.0 1.0 2.0 3.0,0,1.0,0.5 0.5 96.610625357 161.333333333 1.0 2.5 3.0
0.5 0.5 96.610625357 161.333333333 1.0 2.5 3.0,3,1.0,0.5 0.5 93.9463841084 117.0 1.0 2.5 3.0
0.5 0.5 93.9463841084 117.0 1.0 2.5 3.0,3,1.0,0.5 0.5 78.4145785336 167.333333333 1.0 2.5 3.0
0.5 0.5 78.4145785336 167.333333333 1.0 2.5 3.0,3,1.0,0.5 0.5 72.1579353114 22.6666666667 1.0 2.5 3.0
0.5 0.5 72.1579353114 22.6666666667 1.0 2.5 3.0,2,1.0,0.5 0.5 63.9580412696 220.333333333 1.0 2.5 3.0
0.5 0.5 63.9580412696 220.333333333 1.0 2.5 3.0,3,1.0,0.5 0.5 70.7190572545 89.6666666667 1.0 2.5 3.0
0.5 0.5 70.7190572545 89.6666666667 1.0 2.5 3.0,3,1.0,0.5 0.5 43.5838772471 87.3333333333 1.0 2.5 3.0
0.5 0.5 43.5838772471 87.3333333333 1.0 2.5 3.0,3,1.0,0.5 0.5 92.1179518863 181.666666667 1.0 2.5 3.0
0.5 0.5 92.1179518863 181.666666667 1.0 2.5 3.0,3,1.0,0.5 0.5 69.9833826549 43.3333333333 1.0 2.5 3.0
0.5 0.5 69.9833826549 43.3333333333 1.0 2.5 3.0,3,-1.0,0.5 0.5 111.243166457 301.0 0.333333333333 2.5 3.0
0.5 0.5 111.243166457 301.0 0.333333333333 2.5 3.0,3,1.0,0.5 0.5 121.634933122 113.666666667 1.0 2.5 3.0
0.5 0.5 121.634933122 113.666666667 1.0 2.5 3.0,3,1.0,0.5 0.5 68.5782966731 63.3333333333 1.0 2.5 3.0
0.5 0.5 68.5782966731 63.3333333333 1.0 2.5 3.0,3,1.0,0.5 0.5 66.6553400034 76.3333333333 1.0 2.5 3.0
0.5 0.5 66.6553400034 76.3333333333 1.0 2.5 3.0,3,1.0,0.5 0.5 70.6927736983 219.0 1.0 2.5 3.0
0.5 0.5 70.6927736983 219.0 1.0 2.5 3.0,3,1.0,0.5 0.5 75.8564060492 31.6666666667 1.0 2.5 3.0
0.5 0.5 135.706245867 137.333333333 1.0 2.5 3.0,3,-1.0,0.5 0.5 115.386927609 156.0 0.666666666667 2.5 3.0
0.5 0.5 115.386927609 156.0 0.666666666667 2.5 3.0,3,1.0,0.5 0.5 46.7691246067 64.0 1.0 2.5 3.0
0.5 0.5 46.7691246067 64.0 1.0 2.5 3.0,3,1.0,0.5 0.5 74.9659128403 133.333333333 1.0 2.5 3.0
0.5 0.5 74.9659128403 133.333333333 1.0 2.5 3.0,3,1.0,0.5 0.5 67.4252101705 43.0 1.0 2.5 3.0
0.5 0.5 67.4252101705 43.0 1.0 2.5 3.0,3,1.0,0.5 0.5 52.8130948957 128.666666667 1.0 2.5 3.0
0.5 0.5 52.8130948957 128.666666667 1.0 2.5 3.0,3,1.0,0.5 0.5 75.0902303176 90.0 1.0 2.5 3.0
0.5 0.5 75.0902303176 90.0 1.0 2.5 3.0,3,1.0,0.5 0.5 72.4980159494 99.0 1.0 2.5 3.0
0.5 0.5 72.4980159494 99.0 1.0 2.5 3.0,3,1.0,0.5 0.5 127.795186045 93.0 1.0 2.5 3.0
0.5 0.5 127.795186045 93.0 1.0 2.5 3.0,3,1.0,0.5 0.5 66.3766019645 141.333333333 1.0 2.5 3.0
0.5 0.5 66.3766019645 141.333333333 1.0 2.5 3.0,2,1.0,0.5 0.5 99.8205879262 45.3333333333 1.0 2.5 3.0
0.5 0.5 99.8205879262 45.3333333333 1.0 2.5 3.0,3,1.0,0.5 0.5 74.4733188576 135.0 1.0 2.5 3.0
0.5 0.5 74.4733188576 135.0 1.0 2.5 3.0,2,1.0,0.5 0.5 133.383943448 212.666666667 1.0 2.5 3.0
0.5 0.5 133.383943448 212.666666667 1.0 2.5 3.0,3,1.0,0.5 0.5 77.6301540889 135.666666667 1.0 2.5 3.0
0.5 0.5 77.6301540889 135.666666667 1.0 2.5 3.0,3,1.0,0.5 0.5 70.7190572545 87.3333333333 1.0 2.5 3.0
0.5 0.5 70.7190572545 87.3333333333 1.0 2.5 3.0,3,-1.0,0.5 0.5 55.2685913003 234.5 0.666666666667 2.5 3.0
0.0 0.0 250.0 150.0 0.0 4.0 3.0,1,-1.0,0.0 0.0 250.0 150.0 0.0 3.5 3.0
0.0 0.0 250.0 150.0 0.0 3.5 3.0,1,-1.0,0.0 0.0 250.0 150.0 0.0 3.0 3.0
0.0 0.0 250.0 150.0 0.0 3.0 3.0,1,1.0,0.5 0.5 87.7477327325 134.0 1.0 2.5 3.0
0.5 0.5 87.7477327325 134.0 1.0 2.5 3.0,3,1.0,0.5 0.5 53.7218368177 241.666666667 1.0 2.5 3.0
0.5 0.5 53.7218368177 241.666666667 1.0 2.5 3.0,3,1.0,0.5 0.5 69.9806453869 152.0 1.0 2.5 3.0
0.5 0.5 69.9806453869 152.0 1.0 2.5 3.0,3,1.0,0.5 0.5 48.5582044668 227.666666667 1.0 2.5 3.0
0.5 0.5 48.5582044668 227.666666667 1.0 2.5 3.0,2,1.0,0.5 0.5 98.3817098694 66.0 1.0 2.5 3.0
0.5 0.5 98.3817098694 66.0 1.0 2.5 3.0,3,1.0,0.5 0.5 72.1499004682 22.0 1.0 2.5 3.0
0.5 0.5 72.1499004682 22.0 1.0 2.5 3.0,2,1.0,0.5 0.5 71.9098487981 113.666666667 1.0 2.5 3.0
0.5 0.5 71.9098487981 113.666666667 1.0 2.5 3.0,3,1.0,0.5 0.5 43.5838772471 90.0 1.0 2.5 3.0
0.5 0.5 43.5838772471 90.0 1.0 2.5 3.0,3,1.0,0.5 0.5 53.7190995497 51.6666666667 1.0 2.5 3.0
0.5 0.5 53.7190995497 51.6666666667 1.0 2.5 3.0,3,1.0,0.5 0.5 82.0266803882 164.333333333 1.0 2.5 3.0
0.5 0.5 82.0266803882 164.333333333 1.0 2.5 3.0,2,1.0,0.5 0.5 154.883164646 132.333333333 1.0 2.5 3.0
0.5 0.5 154.883164646 132.333333333 1.0 2.5 3.0,3,1.0,0.5 0.5 48.610245255 90.6666666667 1.0 2.5 3.0
0.5 0.5 48.610245255 90.6666666667 1.0 2.5 3.0,2,1.0,0.5 0.5 100.549147765 113.0 1.0 2.5 3.0
1.0 1.0 44.8394587622 22.0 0.333333333333 0.5 1.0,0,1.0,1.0 1.0 44.8394587622 22.0 0.333333333333 1.0 1.0
1.0 1.0 44.8394587622 22.0 0.333333333333 1.0 1.0,3,1.0,1.0 1.0 136.981399987 27.0 0.666666666667 1.0 2.0
1.0 1.0 136.981399987 27.0 0.666666666667 1.0 2.0,0,1.0,1.0 1.0 78.3478150355 22.5 0.666666666667 1.5 2.0
1.0 1.0 78.3478150355 22.5 0.666666666667 1.5 2.0,0,1.0,1.0 1.0 136.981399987 26.5 0.666666666667 2.0 2.0
1.0 1.0 136.981399987 26.5 0.666666666667 2.0 2.0,3,1.0,1.0 1.0 60.1287228858 22.6666666667 1.0 2.0 3.0
1.0 1.0 60.1287228858 22.6666666667 1.0 2.0 3.0,3,-1.0,1.0 1.0 123.666824961 25.6666666667 1.0 2.0 3.0
1.0 1.0 123.666824961 25.6666666667 1.0 2.0 3.0,0,1.0,0.5 0.5 76.4632534207 29.0 1.0 2.5 3.0
0.5 0.5 76.4632534207 29.0 1.0 2.5 3.0,3,1.0,0.5 0.5 94.0707015858 69.3333333333 1.0 2.5 3.0
0.5 0.5 94.0707015858 69.3333333333 1.0 2.5 3.0,3,1.0,0.5 0.5 75.8564060492 77.3333333333 1.0 2.5 3.0
0.5 0.5 75.8564060492 77.3333333333 1.0 2.5 3.0,3,1.0,0.5 0.5 118.763443302 115.666666667 1.0 2.5 3.0
0.5 0.5 118.763443302 115.666666667 1.0 2.5 3.0,3,1.0,0.5 0.5 71.7935661638 69.3333333333 1.0 2.5 3.0
0.5 0.5 71.7935661638 69.3333333333 1.0 2.5 3.0,3,1.0,0.5 0.5 45.5124438961 43.3333333333 1.0 2.5 3.0
0.5 0.5 45.5124438961 43.3333333333 1.0 2.5 3.0,3,1.0,0.5 0.5 75.8564060492 300.0 1.0 2.5 3.0
0.5 0.5 75.8564060492 300.0 1.0 2.5 3.0,3,-1.0,0.5 0.5 78.3478150355 228.0 0.666666666667 2.5 3.0
0.5 0.5 78.3478150355 228.0 0.666666666667 2.5 3.0,3,1.0,0.5 0.5 77.7406574007 138.333333333 1.0 2.5 3.0
1.0 1.0 123.638678381 25.0 1.0 1.5 3.0,0,1.0,1.0 1.0 123.638678381 25.0 1.0 2.0 3.0
1.0 1.0 123.638678381 25.0 1.0 2.0 3.0,0,1.0,0.5 0.5 67.4252101705 44.0 1.0 2.5 3.0
0.5 0.5 67.4252101705 44.0 1.0 2.5 3.0,3,1.0,0.5 0.5 70.7710980427 90.0 1.0 2.5 3.0
0.5 0.5 70.7710980427 90.0 1.0 2.5 3.0,2,1.0,0.5 0.5 92.1179518863 43.6666666667 1.0 2.5 3.0
0.5 0.5 92.1179518863 43.6666666667 1.0 2.5 3.0,3,1.0,0.5 0.5 122.409181165 88.0 1.0 2.5 3.0
0.5 0.5 122.409181165 88.0 1.0 2.5 3.0,3,1.0,0.5 0.5 45.5124438961 42.6666666667 1.0 2.5 3.0
0.5 0.5 45.5124438961 42.6666666667 1.0 2.5 3.0,3,1.0,0.5 0.5 74.4497725693 209.666666667 1.0 2.5 3.0
