1.0 1.0 121.610849767 113.166666667 1.0 0.5 6.0,2,1.0,1.0 1.0 121.610849767 113.166666667 1.0 0.5 6.0
1.0 1.0 121.610849767 113.166666667 1.0 0.5 6.0,2,1.0,1.0 1.0 129.53022893 85.6666666667 1.0 0.5 6.0
1.0 1.0 129.53022893 85.6666666667 1.0 0.5 6.0,2,1.0,1.0 1.0 114.334658956 90.8333333333 1.0 0.5 6.0
1.0 1.0 114.334658956 90.8333333333 1.0 0.5 6.0,3,1.0,1.0 1.0 120.57567847 113.166666667 1.0 0.5 6.0
1.0 1.0 120.57567847 113.166666667 1.0 0.5 6.0,4,-1.0,1.0 1.0 139.858612632 81.4 0.833333333333 0.5 5.0
1.0 1.0 139.858612632 81.4 0.833333333333 0.5 5.0,2,-1.0,1.0 1.0 91.5867427418 92.0 0.833333333333 0.5 5.0
1.0 1.0 91.5867427418 92.0 0.833333333333 0.5 5.0,3,1.0,1.0 1.0 128.843990336 105.5 1.0 0.5 6.0
1.0 1.0 128.843990336 105.5 1.0 0.5 6.0,2,1.0,1.0 1.0 118.661243274 114.333333333 1.0 0.5 6.0
1.0 1.0 118.661243274 114.333333333 1.0 0.5 6.0,2,1.0,1.0 1.0 121.278761481 92.0 1.0 0.5 6.0
1.0 1.0 121.278761481 92.0 1.0 0.5 6.0,1,1.0,1.0 1.0 118.745348578 113.166666667 1.0 0.5 6.0
1.0 1.0 118.745348578 113.166666667 1.0 0.5 6.0,1,1.0,1.0 1.0 160.907446755 104.5 1.0 0.5 6.0
1.0 1.0 160.907446755 104.5 1.0 0.5 6.0,4,-1.0,1.0 1.0 91.5120896506 92.0 0.833333333333 0.5 5.0
1.0 1.0 91.5120896506 92.0 0.833333333333 0.5 5.0,4,-1.0,1.0 1.0 80.6637117776 71.5 0.666666666667 0.5 4.0
1.0 1.0 80.6637117776 71.5 0.666666666667 0.5 4.0,4,-1.0,1.0 1.0 48.3109422445 29.3333333333 0.5 0.5 3.0
1.0 1.0 48.3109422445 29.3333333333 0.5 0.5 3.0,1,-1.0,1.0 1.0 48.3109422445 30.0 0.5 0.5 3.0
1.0 1.0 40.062829728 34.0 0.166666666667 0.5 1.0,0,1.0,1.0 1.0 40.062829728 40.0 0.166666666667 1.0 1.0
1.0 1.0 40.062829728 40.0 0.166666666667 1.0 1.0,2,-1.0,1.0 1.0 40.062829728 33.0 0.166666666667 1.0 1.0
1.0 1.0 40.062829728 33.0 0.166666666667 1.0 1.0,0,1.0,1.0 1.0 40.062829728 39.0 0.166666666667 1.5 1.0
1.0 1.0 40.062829728 39.0 0.166666666667 1.5 1.0,3,1.0,1.0 1.0 40.7552940361 35.0 0.333333333333 1.5 2.0
1.0 1.0 40.7552940361 35.0 0.333333333333 1.5 2.0,3,1.0,1.0 1.0 69.5292493989 56.3333333333 0.5 1.5 3.0
1.0 1.0 69.5292493989 56.3333333333 0.5 1.5 3.0,1,-1.0,1.0 1.0 48.3109422445 28.6666666667 0.5 1.0 3.0
1.0 1.0 48.3109422445 28.6666666667 0.5 1.0 3.0,4,-1.0,1.0 1.0 40.7552940361 37.5 0.333333333333 1.0 2.0
1.0 1.0 40.7552940361 37.5 0.333333333333 1.0 2.0,4,-1.0,1.0 1.0 40.062829728 34.0 0.166666666667 1.0 1.0
1.0 1.0 40.062829728 34.0 0.166666666667 1.0 1.0,3,1.0,1.0 1.0 48.4084382064 39.5 0.333333333333 1.0 2.0
1.0 1.0 48.4084382064 39.5 0.333333333333 1.0 2.0,3,1.0,1.0 1.0 45.6732122132 26.6666666667 0.5 1.0 3.0
1.0 1.0 45.6732122132 26.6666666667 0.5 1.0 3.0,2,-1.0,1.0 1.0 48.3109422445 29.0 0.5 1.0 3.0
1.0 1.0 48.3109422445 29.0 0.5 1.0 3.0,2,-1.0,1.0 1.0 48.3109422445 28.3333333333 0.5 1.0 3.0
1.0 1.0 48.3109422445 28.3333333333 0.5 1.0 3.0,4,-1.0,1.0 1.0 40.7552940361 36.0 0.333333333333 1.0 2.0
1.0 1.0 40.7552940361 36.0 0.333333333333 1.0 2.0,2,-1.0,1.0 1.0 48.4084382064 40.0 0.333333333333 1.0 2.0
1.0 1.0 48.4084382064 40.0 0.333333333333 1.0 2.0,2,-1.0,1.0 1.0 40.7552940361 36.5 0.333333333333 1.0 2.0
1.0 1.0 94.9913004801 90.4 0.833333333333 1.0 5.0,2,1.0,1.0 1.0 91.4493422647 89.8 0.833333333333 1.0 5.0
1.0 1.0 91.4493422647 89.8 0.833333333333 1.0 5.0,0,1.0,1.0 1.0 145.652685903 107.6 0.833333333333 1.5 5.0
1.0 1.0 145.652685903 107.6 0.833333333333 1.5 5.0,4,-1.0,1.0 1.0 81.6297365022 89.75 0.666666666667 1.5 4.0
1.0 1.0 81.6297365022 89.75 0.666666666667 1.5 4.0,4,-1.0,1.0 1.0 36.956661657 58.3333333333 0.5 1.5 3.0
1.0 1.0 36.956661657 58.3333333333 0.5 1.5 3.0,1,-1.0,1.0 1.0 48.3109422445 30.3333333333 0.5 1.0 3.0
1.0 1.0 48.3109422445 30.3333333333 0.5 1.0 3.0,0,1.0,1.0 1.0 48.3109422445 29.6666666667 0.5 1.5 3.0
1.0 1.0 48.3109422445 29.6666666667 0.5 1.5 3.0,4,-1.0,1.0 1.0 40.7552940361 34.5 0.333333333333 1.5 2.0
1.0 1.0 40.7552940361 34.5 0.333333333333 1.5 2.0,0,1.0,1.0 1.0 40.7552940361 35.5 0.333333333333 2.0 2.0
1.0 1.0 40.7552940361 35.5 0.333333333333 2.0 2.0,0,1.0,0.5 0.5 48.8304105105 40.0 0.333333333333 2.5 2.0
0.5 0.5 48.8304105105 40.0 0.333333333333 2.5 2.0,2,-1.0,0.5 0.5 40.7552940361 39.5 0.333333333333 2.5 2.0
0.5 0.5 40.7552940361 39.5 0.333333333333 2.5 2.0,1,-1.0,1.0 1.0 48.8304105105 40.0 0.333333333333 2.0 2.0
1.0 1.0 48.8304105105 40.0 0.333333333333 2.0 2.0,2,-1.0,1.0 1.0 48.4084382064 40.0 0.333333333333 2.0 2.0
1.0 1.0 48.4084382064 40.0 0.333333333333 2.0 2.0,1,-1.0,1.0 1.0 48.4084382064 39.5 0.333333333333 1.5 2.0
1.0 1.0 48.4084382064 39.5 0.333333333333 1.5 2.0,1,-1.0,1.0 1.0 48.4084382064 39.5 0.333333333333 1.0 2.0
1.0 1.0 48.4084382064 39.5 0.333333333333 1.0 2.0,0,1.0,1.0 1.0 48.4084382064 40.0 0.333333333333 1.5 2.0
0.0 0.0 250.0 150.0 0.0 3.5 1.0,3,-1.0,0.0 0.0 250.0 150.0 0.0 3.5 2.0
0.0 0.0 250.0 150.0 0.0 3.5 2.0,4,-1.0,0.0 0.0 250.0 150.0 0.0 3.5 1.0
0.0 0.0 250.0 150.0 0.0 3.5 1.0,1,-1.0,0.0 0.0 250.0 150.0 0.0 3.0 1.0
0.0 0.0 250.0 150.0 0.0 3.0 1.0,1,1.0,0.5 0.5 55.3691180686 40.0 0.166666666667 2.5 1.0
0.5 0.5 55.3691180686 40.0 0.166666666667 2.5 1.0,1,-1.0,1.0 1.0 55.3691180686 40.0 0.166666666667 2.0 1.0
1.0 1.0 55.3691180686 40.0 0.166666666667 2.0 1.0,0,1.0,0.5 0.5 40.062829728 40.0 0.166666666667 2.5 1.0
0.5 0.5 40.062829728 40.0 0.166666666667 2.5 1.0,1,-1.0,1.0 1.0 55.3691180686 40.0 0.166666666667 2.0 1.0
1.0 1.0 55.3691180686 40.0 0.166666666667 2.0 1.0,3,1.0,1.0 1.0 40.7552940361 39.5 0.333333333333 2.0 2.0
1.0 1.0 40.7552940361 39.5 0.333333333333 2.0 2.0,1,-1.0,1.0 1.0 48.8304105105 35.0 0.333333333333 1.5 2.0
1.0 1.0 48.8304105105 35.0 0.333333333333 1.5 2.0,1,-1.0,1.0 1.0 48.4084382064 39.0 0.333333333333 1.0 2.0
1.0 1.0 48.4084382064 39.0 0.333333333333 1.0 2.0,4,-1.0,1.0 1.0 40.062829728 32.0 0.166666666667 1.0 1.0
1.0 1.0 40.062829728 32.0 0.166666666667 1.0 1.0,1,-1.0,1.0 1.0 40.062829728 39.0 0.166666666667 0.5 1.0
1.0 1.0 40.062829728 39.0 0.166666666667 0.5 1.0,3,1.0,1.0 1.0 48.8304105105 40.0 0.333333333333 0.5 2.0
1.0 1.0 48.8304105105 40.0 0.333333333333 0.5 2.0,3,1.0,1.0 1.0 49.2139562716 57.3333333333 0.5 0.5 3.0
1.0 1.0 49.2139562716 57.3333333333 0.5 0.5 3.0,1,-1.0,1.0 1.0 48.3109422445 29.3333333333 0.5 0.5 3.0
1.0 1.0 49.2139562716 58.3333333333 0.5 1.0 3.0,2,-1.0,1.0 1.0 45.9545270826 26.6666666667 0.5 1.0 3.0
1.0 1.0 45.9545270826 26.6666666667 0.5 1.0 3.0,1,-1.0,1.0 1.0 48.3109422445 28.3333333333 0.5 0.5 3.0
1.0 1.0 48.3109422445 28.3333333333 0.5 0.5 3.0,3,1.0,1.0 1.0 59.2092667589 80.75 0.666666666667 0.5 4.0
1.0 1.0 59.2092667589 80.75 0.666666666667 0.5 4.0,2,-1.0,1.0 1.0 140.894352626 63.0 0.666666666667 0.5 4.0
1.0 1.0 140.894352626 63.0 0.666666666667 0.5 4.0,2,-1.0,1.0 1.0 119.499254424 70.0 0.666666666667 0.5 4.0
1.0 1.0 119.499254424 70.0 0.666666666667 0.5 4.0,4,-1.0,1.0 1.0 48.3109422445 31.0 0.5 0.5 3.0
1.0 1.0 48.3109422445 31.0 0.5 0.5 3.0,4,-1.0,1.0 1.0 48.4084382064 39.5 0.333333333333 0.5 2.0
1.0 1.0 48.4084382064 39.5 0.333333333333 0.5 2.0,4,-1.0,1.0 1.0 40.062829728 29.0 0.166666666667 0.5 1.0
1.0 1.0 40.062829728 29.0 0.166666666667 0.5 1.0,2,-1.0,1.0 1.0 40.062829728 31.0 0.166666666667 0.5 1.0
1.0 1.0 40.062829728 31.0 0.166666666667 0.5 1.0,3,1.0,1.0 1.0 48.4084382064 40.0 0.333333333333 0.5 2.0
1.0 1.0 48.4084382064 40.0 0.333333333333 0.5 2.0,0,1.0,1.0 1.0 48.4084382064 40.0 0.333333333333 1.0 2.0
1.0 1.0 48.4084382064 40.0 0.333333333333 1.0 2.0,4,-1.0,1.0 1.0 40.062829728 40.0 0.166666666667 1.0 1.0
1.0 1.0 40.062829728 40.0 0.166666666667 1.0 1.0,0,1.0,1.0 1.0 40.062829728 29.0 0.166666666667 1.5 1.0
1.0 1.0 40.062829728 29.0 0.166666666667 1.5 1.0,0,1.0,1.0 1.0 40.062829728 30.0 0.166666666667 2.0 1.0
1.0 1.0 40.062829728 30.0 0.166666666667 2.0 1.0,4,-1.0,1.0 1.0 40.062829728 33.0 0.166666666667 2.0 1.0
0.0 0.0 250.0 150.0 0.0 3.5 1.0,0,-1.0,0.0 0.0 250.0 150.0 0.0 4.0 1.0
0.0 0.0 250.0 150.0 0.0 4.0 1.0,3,-1.0,0.0 0.0 250.0 150.0 0.0 4.0 2.0
0.0 0.0 250.0 150.0 0.0 4.0 2.0,1,-1.0,0.0 0.0 250.0 150.0 0.0 3.5 2.0
0.0 0.0 250.0 150.0 0.0 3.5 2.0,2,-1.0,0.0 0.0 250.0 150.0 0.0 3.5 2.0
0.0 0.0 250.0 150.0 0.0 3.5 2.0,0,-1.0,0.0 0.0 250.0 150.0 0.0 4.0 2.0
0.0 0.0 250.0 150.0 0.0 4.0 2.0,2,-1.0,0.0 0.0 250.0 150.0 0.0 4.0 2.0
0.0 0.0 250.0 150.0 0.0 4.0 2.0,0,-1.0,0.0 0.0 250.0 150.0 0.0 4.0 2.0
0.0 0.0 250.0 150.0 0.0 4.0 2.0,0,-1.0,0.0 0.0 250.0 150.0 0.0 4.0 2.0
0.0 0.0 250.0 150.0 0.0 4.0 2.0,0,-1.0,0.0 0.0 250.0 150.0 0.0 4.0 2.0
0.0 0.0 250.0 150.0 0.0 4.0 2.0,1,-1.0,0.0 0.0 250.0 150.0 0.0 3.5 2.0
0.0 0.0 250.0 150.0 0.0 3.5 2.0,4,-1.0,0.0 0.0 250.0 150.0 0.0 3.5 1.0
0.0 0.0 250.0 150.0 0.0 3.5 1.0,3,-1.0,0.0 0.0 250.0 150.0 0.0 3.5 2.0
0.0 0.0 250.0 150.0 0.0 3.5 2.0,2,-1.0,0.0 0.0 250.0 150.0 0.0 3.5 2.0
0.0 0.0 250.0 150.0 0.0 3.5 2.0,4,-1.0,0.0 0.0 250.0 150.0 0.0 3.5 1.0
0.0 0.0 250.0 150.0 0.0 3.5 1.0,3,-1.0,0.0 0.0 250.0 150.0 0.0 3.5 2.0
0.0 0.0 250.0 150.0 0.0 4.0 3.0,2,-1.0,0.0 0.0 250.0 150.0 0.0 4.0 3.0
0.0 0.0 250.0 150.0 0.0 4.0 3.0,0,-1.0,0.0 0.0 250.0 150.0 0.0 4.0 3.0
0.0 0.0 250.0 150.0 0.0 4.0 3.0,1,-1.0,0.0 0.0 250.0 150.0 0.0 3.5 3.0
0.0 0.0 250.0 150.0 0.0 3.5 3.0,3,-1.0,0.0 0.0 250.0 150.0 0.0 3.5 4.0
0.0 0.0 250.0 150.0 0.0 3.5 4.0,1,-1.0,0.0 0.0 250.0 150.0 0.0 3.0 4.0
0.0 0.0 250.0 150.0 0.0 3.0 4.0,2,-1.0,0.0 0.0 250.0 150.0 0.0 3.0 4.0
0.0 0.0 250.0 150.0 0.0 3.0 4.0,3,-1.0,0.0 0.0 250.0 150.0 0.0 3.0 5.0
0.0 0.0 250.0 150.0 0.0 3.0 5.0,1,1.0,0.5 0.5 54.0296589897 32.0 0.833333333333 2.5 5.0
0.5 0.5 54.0296589897 32.0 0.833333333333 2.5 5.0,0,-1.0,0.0 0.0 250.0 150.0 0.0 3.0 5.0
0.0 0.0 250.0 150.0 0.0 3.0 5.0,0,-1.0,0.0 0.0 250.0 150.0 0.0 3.5 5.0
0.0 0.0 250.0 150.0 0.0 3.5 5.0,2,-1.0,0.0 0.0 250.0 150.0 0.0 3.5 5.0
0.0 0.0 250.0 150.0 0.0 3.5 5.0,1,-1.0,0.0 0.0 250.0 150.0 0.0 3.0 5.0
0.0 0.0 250.0 150.0 0.0 3.0 5.0,1,1.0,0.5 0.5 71.0442737893 43.6 0.833333333333 2.5 5.0
0.5 0.5 71.0442737893 43.6 0.833333333333 2.5 5.0,1,-1.0,1.0 1.0 74.798298371 43.2 0.833333333333 2.0 5.0
1.0 1.0 74.798298371 43.2 0.833333333333 2.0 5.0,0,1.0,0.5 0.5 54.0896609784 30.8 0.833333333333 2.5 5.0
0.5 0.5 75.4760870572 60.6666666667 1.0 2.5 6.0,2,1.0,0.5 0.5 66.6134045749 58.0 1.0 2.5 6.0
0.5 0.5 66.6134045749 58.0 1.0 2.5 6.0,4,-1.0,0.5 0.5 104.116332374 42.8 0.833333333333 2.5 5.0
0.5 0.5 104.116332374 42.8 0.833333333333 2.5 5.0,1,-1.0,1.0 1.0 131.06436153 93.6 0.833333333333 2.0 5.0
1.0 1.0 131.06436153 93.6 0.833333333333 2.0 5.0,3,1.0,1.0 1.0 93.821948643 103.166666667 1.0 2.0 6.0
1.0 1.0 93.821948643 103.166666667 1.0 2.0 6.0,3,-1.0,1.0 1.0 125.149540868 109.666666667 1.0 2.0 6.0
1.0 1.0 125.149540868 109.666666667 1.0 2.0 6.0,3,-1.0,1.0 1.0 98.5471644292 108.166666667 1.0 2.0 6.0
1.0 1.0 98.5471644292 108.166666667 1.0 2.0 6.0,1,-1.0,1.0 1.0 114.393996656 114.166666667 1.0 1.5 6.0
1.0 1.0 114.393996656 114.166666667 1.0 1.5 6.0,4,-1.0,1.0 1.0 170.293194463 99.8 0.833333333333 1.5 5.0
1.0 1.0 170.293194463 99.8 0.833333333333 1.5 5.0,3,1.0,1.0 1.0 125.642657172 109.833333333 1.0 1.5 6.0
1.0 1.0 125.642657172 109.833333333 1.0 1.5 6.0,3,-1.0,1.0 1.0 150.834540181 105.666666667 1.0 1.5 6.0
1.0 1.0 150.834540181 105.666666667 1.0 1.5 6.0,3,-1.0,1.0 1.0 113.582544143 93.0 1.0 1.5 6.0
1.0 1.0 113.582544143 93.0 1.0 1.5 6.0,1,-1.0,1.0 1.0 151.731777413 105.833333333 1.0 1.0 6.0
1.0 1.0 151.731777413 105.833333333 1.0 1.0 6.0,3,-1.0,1.0 1.0 152.451357205 107.0 1.0 1.0 6.0
1.0 1.0 152.451357205 107.0 1.0 1.0 6.0,2,-1.0,1.0 1.0 112.479561459 115.333333333 1.0 1.0 6.0
1.0 1.0 112.479561459 115.333333333 1.0 1.0 6.0,2,-1.0,1.0 1.0 126.722209503 110.166666667 1.0 1.0 6.0
0.0 0.0 250.0 150.0 0.0 3.5 5.0,2,-1.0,0.0 0.0 250.0 150.0 0.0 3.5 5.0
0.0 0.0 250.0 150.0 0.0 3.5 5.0,1,-1.0,0.0 0.0 250.0 150.0 0.0 3.0 5.0
0.0 0.0 250.0 150.0 0.0 3.0 5.0,1,1.0,0.5 0.5 87.2007010269 60.4 0.833333333333 2.5 5.0
0.5 0.5 87.2007010269 60.4 0.833333333333 2.5 5.0,3,1.0,0.5 0.5 136.254268895 82.6666666667 1.0 2.5 6.0
0.5 0.5 136.254268895 82.6666666667 1.0 2.5 6.0,3,1.0,0.5 0.5 110.5858561 70.6666666667 1.0 2.5 6.0
0.5 0.5 110.5858561 70.6666666667 1.0 2.5 6.0,3,1.0,0.5 0.5 69.5323443417 55.3333333333 1.0 2.5 6.0
0.5 0.5 69.5323443417 55.3333333333 1.0 2.5 6.0,4,-1.0,0.5 0.5 75.5176961627 71.8 0.833333333333 2.5 5.0
0.5 0.5 75.5176961627 71.8 0.833333333333 2.5 5.0,1,-1.0,1.0 1.0 121.88070673 110.0 0.833333333333 2.0 5.0
1.0 1.0 121.88070673 110.0 0.833333333333 2.0 5.0,3,1.0,1.0 1.0 113.540907813 111.166666667 1.0 2.0 6.0
1.0 1.0 113.540907813 111.166666667 1.0 2.0 6.0,2,-1.0,1.0 1.0 112.241392127 114.833333333 1.0 2.0 6.0
1.0 1.0 112.241392127 114.833333333 1.0 2.0 6.0,3,-1.0,1.0 1.0 115.49697934 92.8333333333 1.0 2.0 6.0
1.0 1.0 115.49697934 92.8333333333 1.0 2.0 6.0,2,-1.0,1.0 1.0 126.362236964 110.833333333 1.0 2.0 6.0
1.0 1.0 126.362236964 110.833333333 1.0 2.0 6.0,3,-1.0,1.0 1.0 127.76996581 106.666666667 1.0 2.0 6.0
1.0 1.0 127.76996581 106.666666667 1.0 2.0 6.0,3,-1.0,1.0 1.0 112.479561459 114.166666667 1.0 2.0 6.0
1.0 1.0 112.479561459 114.166666667 1.0 2.0 6.0,0,1.0,0.5 0.5 96.9981158753 89.8333333333 1.0 2.5 6.0
1.0 1.0 125.642657172 109.166666667 1.0 1.0 6.0,3,-1.0,1.0 1.0 105.193031424 114.833333333 1.0 1.0 6.0
1.0 1.0 105.193031424 114.833333333 1.0 1.0 6.0,0,1.0,1.0 1.0 115.49697934 92.5 1.0 1.5 6.0
1.0 1.0 115.49697934 92.5 1.0 1.5 6.0,3,-1.0,1.0 1.0 99.3885474279 110.833333333 1.0 1.5 6.0
1.0 1.0 99.3885474279 110.833333333 1.0 1.5 6.0,3,-1.0,1.0 1.0 128.636644699 110.166666667 1.0 1.5 6.0
1.0 1.0 128.636644699 110.166666667 1.0 1.5 6.0,3,-1.0,1.0 1.0 114.393996656 116.666666667 1.0 1.5 6.0
1.0 1.0 114.393996656 116.666666667 1.0 1.5 6.0,2,-1.0,1.0 1.0 121.588283996 109.0 1.0 1.5 6.0
1.0 1.0 121.588283996 109.0 1.0 1.5 6.0,2,-1.0,1.0 1.0 100.86664788 121.666666667 1.0 1.5 6.0
1.0 1.0 100.86664788 121.666666667 1.0 1.5 6.0,3,-1.0,1.0 1.0 125.54743246 110.333333333 1.0 1.5 6.0
1.0 1.0 125.54743246 110.333333333 1.0 1.5 6.0,2,-1.0,1.0 1.0 126.722209503 109.333333333 1.0 1.5 6.0
1.0 1.0 126.722209503 109.333333333 1.0 1.5 6.0,0,1.0,1.0 1.0 126.983809188 87.3333333333 1.0 2.0 6.0
1.0 1.0 126.983809188 87.3333333333 1.0 2.0 6.0,1,-1.0,1.0 1.0 111.400009129 115.5 1.0 1.5 6.0
1.0 1.0 111.400009129 115.5 1.0 1.5 6.0,0,1.0,1.0 1.0 108.06093522 114.0 1.0 2.0 6.0
1.0 1.0 108.06093522 114.0 1.0 2.0 6.0,1,-1.0,1.0 1.0 112.960971919 115.166666667 1.0 1.5 6.0
1.0 1.0 112.960971919 115.166666667 1.0 1.5 6.0,0,1.0,1.0 1.0 151.731777413 108.333333333 1.0 2.0 6.0
1.0 1.0 151.731777413 108.333333333 1.0 2.0 6.0,4,-1.0,1.0 1.0 106.844544494 85.2 0.833333333333 2.0 5.0
0.5 0.5 153.942834233 81.0 0.666666666667 2.5 4.0,1,-1.0,1.0 1.0 96.4329609762 99.25 0.666666666667 2.0 4.0
1.0 1.0 96.4329609762 99.25 0.666666666667 2.0 4.0,3,1.0,1.0 1.0 133.584553442 110.2 0.833333333333 2.0 5.0
1.0 1.0 133.584553442 110.2 0.833333333333 2.0 5.0,2,-1.0,1.0 1.0 140.212083619 116.0 0.833333333333 2.0 5.0
1.0 1.0 140.212083619 116.0 0.833333333333 2.0 5.0,3,1.0,1.0 1.0 106.64139423 118.333333333 1.0 2.0 6.0
1.0 1.0 106.64139423 118.333333333 1.0 2.0 6.0,0,1.0,0.5 0.5 96.0143362271 111.5 1.0 2.5 6.0
0.5 0.5 96.0143362271 111.5 1.0 2.5 6.0,1,-1.0,1.0 1.0 112.479561459 114.833333333 1.0 2.0 6.0
1.0 1.0 112.479561459 114.833333333 1.0 2.0 6.0,0,1.0,0.5 0.5 113.686097262 88.1666666667 1.0 2.5 6.0
0.5 0.5 113.686097262 88.1666666667 1.0 2.5 6.0,0,-1.0,0.0 0.0 250.0 150.0 0.0 3.0 6.0
0.0 0.0 250.0 150.0 0.0 3.0 6.0,1,1.0,0.5 0.5 53.7034475983 49.1666666667 1.0 2.5 6.0
0.5 0.5 53.7034475983 49.1666666667 1.0 2.5 6.0,1,-1.0,1.0 1.0 104.267155459 118.0 1.0 2.0 6.0
1.0 1.0 104.267155459 118.0 1.0 2.0 6.0,2,-1.0,1.0 1.0 97.9987440837 121.333333333 1.0 2.0 6.0
1.0 1.0 97.9987440837 121.333333333 1.0 2.0 6.0,3,-1.0,1.0 1.0 126.722209503 110.333333333 1.0 2.0 6.0
1.0 1.0 126.722209503 110.333333333 1.0 2.0 6.0,0,1.0,0.5 0.5 113.40440067 84.6666666667 1.0 2.5 6.0
0.5 0.5 113.40440067 84.6666666667 1.0 2.5 6.0,2,1.0,0.5 0.5 84.152068426 77.6666666667 1.0 2.5 6.0
0.5 0.5 84.152068426 77.6666666667 1.0 2.5 6.0,1,-1.0,1.0 1.0 86.2217346832 95.1666666667 1.0 2.0 6.0
1.0 1.0 65.1746167385 87.0 0.5 1.0 3.0,0,1.0,1.0 1.0 65.1746167385 86.0 0.5 1.5 3.0
1.0 1.0 65.1746167385 86.0 0.5 1.5 3.0,0,1.0,1.0 1.0 62.8182015765 125.0 0.5 2.0 3.0
1.0 1.0 62.8182015765 125.0 0.5 2.0 3.0,0,1.0,0.5 0.5 134.960786769 54.6666666667 0.5 2.5 3.0
0.5 0.5 134.960786769 54.6666666667 0.5 2.5 3.0,2,-1.0,0.5 0.5 134.960786769 55.6666666667 0.5 2.5 3.0
0.5 0.5 134.960786769 55.6666666667 0.5 2.5 3.0,4,-1.0,0.5 0.5 100.718891886 73.5 0.333333333333 2.5 2.0
0.5 0.5 100.718891886 73.5 0.333333333333 2.5 2.0,1,-1.0,1.0 1.0 40.7552940361 40.0 0.333333333333 2.0 2.0
1.0 1.0 40.7552940361 40.0 0.333333333333 2.0 2.0,3,1.0,1.0 1.0 162.451834518 100.666666667 0.5 2.0 3.0
1.0 1.0 162.451834518 100.666666667 0.5 2.0 3.0,3,1.0,1.0 1.0 96.3679014234 115.5 0.666666666667 2.0 4.0
1.0 1.0 96.3679014234 115.5 0.666666666667 2.0 4.0,0,1.0,0.5 0.5 183.522553064 80.0 0.666666666667 2.5 4.0
0.5 0.5 183.522553064 80.0 0.666666666667 2.5 4.0,4,-1.0,0.5 0.5 54.0809998968 35.6666666667 0.5 2.5 3.0
0.5 0.5 54.0809998968 35.6666666667 0.5 2.5 3.0,2,-1.0,0.5 0.5 48.8273096022 65.6666666667 0.5 2.5 3.0
0.5 0.5 48.8273096022 65.6666666667 0.5 2.5 3.0,2,-1.0,0.5 0.5 48.6975889139 35.3333333333 0.5 2.5 3.0
0.5 0.5 48.6975889139 35.3333333333 0.5 2.5 3.0,1,-1.0,1.0 1.0 82.254159978 123.666666667 0.5 2.0 3.0
1.0 1.0 82.254159978 123.666666667 0.5 2.0 3.0,0,1.0,0.5 0.5 42.9275312616 35.3333333333 0.5 2.5 3.0
0.5 0.5 42.9275312616 35.3333333333 0.5 2.5 3.0,3,1.0,0.5 0.5 108.656255096 41.0 0.666666666667 2.5 4.0
1.0 1.0 98.7183238755 119.0 1.0 0.5 6.0,0,1.0,1.0 1.0 112.11958892 115.0 1.0 1.0 6.0
1.0 1.0 112.11958892 115.0 1.0 1.0 6.0,0,1.0,1.0 1.0 125.642657172 110.0 1.0 1.5 6.0
1.0 1.0 125.642657172 110.0 1.0 1.5 6.0,2,-1.0,1.0 1.0 128.636644699 110.0 1.0 1.5 6.0
1.0 1.0 128.636644699 110.0 1.0 1.5 6.0,0,1.0,1.0 1.0 128.636644699 110.0 1.0 2.0 6.0
1.0 1.0 128.636644699 110.0 1.0 2.0 6.0,0,1.0,0.5 0.5 74.7335684751 78.6666666667 1.0 2.5 6.0
0.5 0.5 74.7335684751 78.6666666667 1.0 2.5 6.0,0,-1.0,0.0 0.0 250.0 150.0 0.0 3.0 6.0
0.0 0.0 250.0 150.0 0.0 3.0 6.0,1,1.0,0.5 0.5 65.5058681145 95.8333333333 1.0 2.5 6.0
0.5 0.5 65.5058681145 95.8333333333 1.0 2.5 6.0,1,-1.0,1.0 1.0 128.510560969 108.833333333 1.0 2.0 6.0
1.0 1.0 128.510560969 108.833333333 1.0 2.0 6.0,0,1.0,0.5 0.5 88.5969572925 72.1666666667 1.0 2.5 6.0
0.5 0.5 88.5969572925 72.1666666667 1.0 2.5 6.0,3,1.0,0.5 0.5 119.579989392 82.0 1.0 2.5 6.0
0.5 0.5 119.579989392 82.0 1.0 2.5 6.0,3,1.0,0.5 0.5 103.294886112 67.8333333333 1.0 2.5 6.0
0.5 0.5 103.294886112 67.8333333333 1.0 2.5 6.0,1,-1.0,1.0 1.0 93.6306842049 97.8333333333 1.0 2.0 6.0
1.0 1.0 93.6306842049 97.8333333333 1.0 2.0 6.0,0,1.0,0.5 0.5 126.419682515 97.1666666667 1.0 2.5 6.0
0.5 0.5 126.419682515 97.1666666667 1.0 2.5 6.0,1,-1.0,1.0 1.0 106.321309998 96.1666666667 1.0 2.0 6.0
1.0 1.0 106.321309998 96.1666666667 1.0 2.0 6.0,0,1.0,0.5 0.5 148.834434299 54.5 1.0 2.5 6.0
1.0 1.0 125.54743246 109.333333333 1.0 1.5 6.0,0,1.0,1.0 1.0 125.642657172 110.0 1.0 2.0 6.0
1.0 1.0 125.642657172 110.0 1.0 2.0 6.0,0,1.0,0.5 0.5 52.9855751262 66.1666666667 1.0 2.5 6.0
0.5 0.5 52.9855751262 66.1666666667 1.0 2.5 6.0,1,-1.0,1.0 1.0 101.53347218 77.3333333333 1.0 2.0 6.0
1.0 1.0 101.53347218 77.3333333333 1.0 2.0 6.0,0,1.0,0.5 0.5 58.8754782988 64.5 1.0 2.5 6.0
0.5 0.5 58.8754782988 64.5 1.0 2.5 6.0,4,-1.0,0.5 0.5 63.7148257725 67.6 0.833333333333 2.5 5.0
0.5 0.5 63.7148257725 67.6 0.833333333333 2.5 5.0,3,1.0,0.5 0.5 87.9800191659 90.6666666667 1.0 2.5 6.0
0.5 0.5 87.9800191659 90.6666666667 1.0 2.5 6.0,2,1.0,0.5 0.5 83.979383675 92.3333333333 1.0 2.5 6.0
0.5 0.5 83.979383675 92.3333333333 1.0 2.5 6.0,4,-1.0,0.5 0.5 116.470984585 98.6 0.833333333333 2.5 5.0
0.5 0.5 116.470984585 98.6 0.833333333333 2.5 5.0,3,1.0,0.5 0.5 69.3487946736 79.0 1.0 2.5 6.0
0.5 0.5 69.3487946736 79.0 1.0 2.5 6.0,3,1.0,0.5 0.5 55.5788182403 82.3333333333 1.0 2.5 6.0
0.5 0.5 55.5788182403 82.3333333333 1.0 2.5 6.0,4,-1.0,0.5 0.5 100.401610926 75.8 0.833333333333 2.5 5.0
0.5 0.5 100.401610926 75.8 0.833333333333 2.5 5.0,3,1.0,0.5 0.5 47.9721669159 42.8333333333 1.0 2.5 6.0
0.5 0.5 47.9721669159 42.8333333333 1.0 2.5 6.0,1,-1.0,1.0 1.0 106.226085286 95.5 1.0 2.0 6.0
1.0 1.0 106.226085286 95.5 1.0 2.0 6.0,0,1.0,0.5 0.5 170.923448599 70.5 1.0 2.5 6.0
0.5 0.5 170.923448599 70.5 1.0 2.5 6.0,3,1.0,0.5 0.5 156.217186682 86.3333333333 1.0 2.5 6.0
1.0 1.0 106.821403266 118.666666667 1.0 1.5 6.0,0,1.0,1.0 1.0 106.64139423 116.833333333 1.0 2.0 6.0
1.0 1.0 106.64139423 116.833333333 1.0 2.0 6.0,0,1.0,0.5 0.5 106.828944077 44.5 1.0 2.5 6.0
0.5 0.5 106.828944077 44.5 1.0 2.5 6.0,3,1.0,0.5 0.5 136.915663511 111.666666667 1.0 2.5 6.0
0.5 0.5 136.915663511 111.666666667 1.0 2.5 6.0,3,1.0,0.5 0.5 96.5464630429 87.6666666667 1.0 2.5 6.0
0.5 0.5 96.5464630429 87.6666666667 1.0 2.5 6.0,3,1.0,0.5 0.5 79.6444394685 95.0 1.0 2.5 6.0
0.5 0.5 79.6444394685 95.0 1.0 2.5 6.0,3,1.0,0.5 0.5 73.3698465797 43.6666666667 1.0 2.5 6.0
0.5 0.5 73.3698465797 43.6666666667 1.0 2.5 6.0,3,1.0,0.5 0.5 87.9383101123 87.8333333333 1.0 2.5 6.0
0.5 0.5 87.9383101123 87.8333333333 1.0 2.5 6.0,0,-1.0,0.0 0.0 250.0 150.0 0.0 3.0 6.0
0.0 0.0 250.0 150.0 0.0 3.0 6.0,1,1.0,0.5 0.5 98.7416994775 75.1666666667 1.0 2.5 6.0
0.5 0.5 98.7416994775 75.1666666667 1.0 2.5 6.0,3,1.0,0.5 0.5 102.318729743 56.3333333333 1.0 2.5 6.0
0.5 0.5 102.318729743 56.3333333333 1.0 2.5 6.0,3,1.0,0.5 0.5 113.84911098 81.6666666667 1.0 2.5 6.0
0.5 0.5 113.84911098 81.6666666667 1.0 2.5 6.0,3,1.0,0.5 0.5 92.801980443 108.166666667 1.0 2.5 6.0
0.5 0.5 92.801980443 108.166666667 1.0 2.5 6.0,3,1.0,0.5 0.5 101.200349624 65.5 1.0 2.5 6.0
0.5 0.5 101.200349624 65.5 1.0 2.5 6.0,3,1.0,0.5 0.5 161.971294059 59.0 1.0 2.5 6.0
0.5 0.5 161.971294059 59.0 1.0 2.5 6.0,4,-1.0,0.5 0.5 116.68354949 97.6 0.833333333333 2.5 5.0
0.0 0.0 250.0 150.0 0.0 4.0 5.0,1,-1.0,0.0 0.0 250.0 150.0 0.0 3.5 5.0
0.0 0.0 250.0 150.0 0.0 3.5 5.0,1,-1.0,0.0 0.0 250.0 150.0 0.0 3.0 5.0
0.0 0.0 250.0 150.0 0.0 3.0 5.0,1,1.0,0.5 0.5 78.5237273331 84.8 0.833333333333 2.5 5.0
0.5 0.5 78.5237273331 84.8 0.833333333333 2.5 5.0,3,1.0,0.5 0.5 78.0774248879 58.8333333333 1.0 2.5 6.0
0.5 0.5 78.0774248879 58.8333333333 1.0 2.5 6.0,3,1.0,0.5 0.5 151.229937083 95.1666666667 1.0 2.5 6.0
0.5 0.5 151.229937083 95.1666666667 1.0 2.5 6.0,3,1.0,0.5 0.5 61.1688075539 113.5 1.0 2.5 6.0
0.5 0.5 61.1688075539 113.5 1.0 2.5 6.0,3,1.0,0.5 0.5 127.951309505 102.166666667 1.0 2.5 6.0
0.5 0.5 127.951309505 102.166666667 1.0 2.5 6.0,3,1.0,0.5 0.5 99.3649210579 40.0 1.0 2.5 6.0
0.5 0.5 99.3649210579 40.0 1.0 2.5 6.0,3,1.0,0.5 0.5 125.157830284 78.0 1.0 2.5 6.0
0.5 0.5 125.157830284 78.0 1.0 2.5 6.0,3,1.0,0.5 0.5 58.6776020213 43.5 1.0 2.5 6.0
0.5 0.5 58.6776020213 43.5 1.0 2.5 6.0,3,1.0,0.5 0.5 169.926739209 60.3333333333 1.0 2.5 6.0
0.5 0.5 169.926739209 60.3333333333 1.0 2.5 6.0,3,1.0,0.5 0.5 57.3340137214 74.1666666667 1.0 2.5 6.0
0.5 0.5 57.3340137214 74.1666666667 1.0 2.5 6.0,3,1.0,0.5 0.5 125.000899174 69.5 1.0 2.5 6.0
0.5 0.5 125.000899174 69.5 1.0 2.5 6.0,3,1.0,0.5 0.5 90.4198365207 106.166666667 1.0 2.5 6.0
0.5 0.5 90.4198365207 106.166666667 1.0 2.5 6.0,3,1.0,0.5 0.5 152.809243655 83.0 1.0 2.5 6.0
1.0 1.0 170.039014322 101.2 0.833333333333 2.0 5.0,3,1.0,1.0 1.0 114.393996656 113.666666667 1.0 2.0 6.0
1.0 1.0 114.393996656 113.666666667 1.0 2.0 6.0,0,1.0,0.5 0.5 96.5927483411 80.1666666667 1.0 2.5 6.0
0.5 0.5 96.5927483411 80.1666666667 1.0 2.5 6.0,3,1.0,0.5 0.5 85.9257116258 60.3333333333 1.0 2.5 6.0
0.5 0.5 85.9257116258 60.3333333333 1.0 2.5 6.0,3,1.0,0.5 0.5 55.0827659769 31.3333333333 1.0 2.5 6.0
0.5 0.5 55.0827659769 31.3333333333 1.0 2.5 6.0,3,1.0,0.5 0.5 135.92536757 92.3333333333 1.0 2.5 6.0
0.5 0.5 135.92536757 92.3333333333 1.0 2.5 6.0,3,1.0,0.5 0.5 99.1150205637 113.166666667 1.0 2.5 6.0
0.5 0.5 99.1150205637 113.166666667 1.0 2.5 6.0,3,1.0,0.5 0.5 66.552346841 52.5 1.0 2.5 6.0
0.5 0.5 66.552346841 52.5 1.0 2.5 6.0,1,-1.0,1.0 1.0 117.626618811 118.333333333 1.0 2.0 6.0
1.0 1.0 117.626618811 118.333333333 1.0 2.0 6.0,0,1.0,0.5 0.5 127.341021703 100.0 1.0 2.5 6.0
0.5 0.5 127.341021703 100.0 1.0 2.5 6.0,3,1.0,0.5 0.5 90.4105290797 94.5 1.0 2.5 6.0
0.5 0.5 90.4105290797 94.5 1.0 2.5 6.0,3,1.0,0.5 0.5 117.815746525 87.0 1.0 2.5 6.0
0.5 0.5 117.815746525 87.0 1.0 2.5 6.0,3,1.0,0.5 0.5 167.359070973 100.5 1.0 2.5 6.0
0.5 0.5 167.359070973 100.5 1.0 2.5 6.0,3,1.0,0.5 0.5 99.45427934 98.3333333333 1.0 2.5 6.0
0.5 0.5 99.45427934 98.3333333333 1.0 2.5 6.0,3,1.0,0.5 0.5 129.8047746 87.1666666667 1.0 2.5 6.0
0.5 0.5 129.8047746 87.1666666667 1.0 2.5 6.0,3,1.0,0.5 0.5 90.1347749723 88.3333333333 1.0 2.5 6.0
1.0 1.0 128.857580383 105.666666667 1.0 1.5 6.0,0,1.0,1.0 1.0 129.566139407 85.5 1.0 2.0 6.0
1.0 1.0 129.566139407 85.5 1.0 2.0 6.0,0,1.0,0.5 0.5 94.4890811996 111.666666667 1.0 2.5 6.0
0.5 0.5 94.4890811996 111.666666667 1.0 2.5 6.0,3,1.0,0.5 0.5 66.0820937425 37.1666666667 1.0 2.5 6.0
0.5 0.5 66.0820937425 37.1666666667 1.0 2.5 6.0,3,1.0,0.5 0.5 101.91680339 78.8333333333 1.0 2.5 6.0
0.5 0.5 101.91680339 78.8333333333 1.0 2.5 6.0,3,1.0,0.5 0.5 80.5057172675 71.3333333333 1.0 2.5 6.0
0.5 0.5 80.5057172675 71.3333333333 1.0 2.5 6.0,3,1.0,0.5 0.5 93.7954713347 52.8333333333 1.0 2.5 6.0
0.5 0.5 93.7954713347 52.8333333333 1.0 2.5 6.0,3,1.0,0.5 0.5 70.1905946392 95.6666666667 1.0 2.5 6.0
0.5 0.5 70.1905946392 95.6666666667 1.0 2.5 6.0,3,1.0,0.5 0.5 150.116932091 78.1666666667 1.0 2.5 6.0
0.5 0.5 150.116932091 78.1666666667 1.0 2.5 6.0,3,1.0,0.5 0.5 70.8353757291 80.6666666667 1.0 2.5 6.0
0.5 0.5 70.8353757291 80.6666666667 1.0 2.5 6.0,3,1.0,0.5 0.5 109.077816933 68.3333333333 1.0 2.5 6.0
0.5 0.5 109.077816933 68.3333333333 1.0 2.5 6.0,3,1.0,0.5 0.5 101.842502983 68.8333333333 1.0 2.5 6.0
0.5 0.5 101.842502983 68.8333333333 1.0 2.5 6.0,3,1.0,0.5 0.5 108.328556865 48.0 1.0 2.5 6.0
0.5 0.5 108.328556865 48.0 1.0 2.5 6.0,3,1.0,0.5 0.5 98.3904661776 103.5 1.0 2.5 6.0
0.5 0.5 98.3904661776 103.5 1.0 2.5 6.0,3,1.0,0.5 0.5 92.7587003214 116.166666667 1.0 2.5 6.0
0.5 0.5 92.7587003214 116.166666667 1.0 2.5 6.0,3,1.0,0.5 0.5 47.7621111244 109.5 1.0 2.5 6.0
0.0 0.0 250.0 150.0 0.0 3.0 6.0,1,1.0,0.5 0.5 94.7665425581 54.0 1.0 2.5 6.0
0.5 0.5 94.7665425581 54.0 1.0 2.5 6.0,3,1.0,0.5 0.5 109.267295363 67.1666666667 1.0 2.5 6.0
0.5 0.5 109.267295363 67.1666666667 1.0 2.5 6.0,3,1.0,0.5 0.5 101.833143237 76.1666666667 1.0 2.5 6.0
0.5 0.5 101.833143237 76.1666666667 1.0 2.5 6.0,3,1.0,0.5 0.5 103.331161644 75.6666666667 1.0 2.5 6.0
0.5 0.5 103.331161644 75.6666666667 1.0 2.5 6.0,3,1.0,0.5 0.5 98.0515209113 92.0 1.0 2.5 6.0
0.5 0.5 98.0515209113 92.0 1.0 2.5 6.0,3,1.0,0.5 0.5 168.793977256 78.5 1.0 2.5 6.0
0.5 0.5 168.793977256 78.5 1.0 2.5 6.0,3,1.0,0.5 0.5 131.245118842 95.6666666667 1.0 2.5 6.0
0.5 0.5 131.245118842 95.6666666667 1.0 2.5 6.0,3,1.0,0.5 0.5 81.4739061692 82.5 1.0 2.5 6.0
0.5 0.5 81.4739061692 82.5 1.0 2.5 6.0,3,1.0,0.5 0.5 103.498200989 81.6666666667 1.0 2.5 6.0
0.5 0.5 103.498200989 81.6666666667 1.0 2.5 6.0,3,1.0,0.5 0.5 148.777534647 91.0 1.0 2.5 6.0
0.5 0.5 148.777534647 91.0 1.0 2.5 6.0,3,1.0,0.5 0.5 168.803873837 75.6666666667 1.0 2.5 6.0
0.5 0.5 168.803873837 75.6666666667 1.0 2.5 6.0,3,1.0,0.5 0.5 106.010618786 69.3333333333 1.0 2.5 6.0
0.5 0.5 106.010618786 69.3333333333 1.0 2.5 6.0,2,1.0,0.5 0.5 57.0085916606 63.8333333333 1.0 2.5 6.0
0.5 0.5 57.0085916606 63.8333333333 1.0 2.5 6.0,3,1.0,0.5 0.5 106.470853252 94.8333333333 1.0 2.5 6.0
0.5 0.5 106.470853252 94.8333333333 1.0 2.5 6.0,3,1.0,0.5 0.5 129.695983554 65.3333333333 1.0 2.5 6.0
0.0 0.0 250.0 150.0 0.0 3.5 3.0,1,-1.0,0.0 0.0 250.0 150.0 0.0 3.0 3.0
0.0 0.0 250.0 150.0 0.0 3.0 3.0,1,1.0,0.5 0.5 48.6975889139 35.3333333333 0.5 2.5 3.0
0.5 0.5 48.6975889139 35.3333333333 0.5 2.5 3.0,3,1.0,0.5 0.5 177.516213192 89.75 0.666666666667 2.5 4.0
0.5 0.5 177.516213192 89.75 0.666666666667 2.5 4.0,3,1.0,0.5 0.5 105.059542206 94.2 0.833333333333 2.5 5.0
0.5 0.5 105.059542206 94.2 0.833333333333 2.5 5.0,3,1.0,0.5 0.5 76.1768475729 89.0 1.0 2.5 6.0
0.5 0.5 76.1768475729 89.0 1.0 2.5 6.0,3,1.0,0.5 0.5 78.8929011411 108.833333333 1.0 2.5 6.0
0.5 0.5 78.8929011411 108.833333333 1.0 2.5 6.0,3,1.0,0.5 0.5 154.737271339 59.0 1.0 2.5 6.0
0.5 0.5 154.737271339 59.0 1.0 2.5 6.0,3,1.0,0.5 0.5 115.757649574 70.0 1.0 2.5 6.0
0.5 0.5 115.757649574 70.0 1.0 2.5 6.0,3,1.0,0.5 0.5 85.1092357705 107.333333333 1.0 2.5 6.0
0.5 0.5 85.1092357705 107.333333333 1.0 2.5 6.0,3,1.0,0.5 0.5 53.3517741476 49.0 1.0 2.5 6.0
0.5 0.5 53.3517741476 49.0 1.0 2.5 6.0,3,1.0,0.5 0.5 77.8509624634 98.5 1.0 2.5 6.0
0.5 0.5 77.8509624634 98.5 1.0 2.5 6.0,3,1.0,0.5 0.5 82.9592800569 88.5 1.0 2.5 6.0
0.5 0.5 82.9592800569 88.5 1.0 2.5 6.0,3,1.0,0.5 0.5 144.435060172 48.5 1.0 2.5 6.0
0.5 0.5 144.435060172 48.5 1.0 2.5 6.0,3,1.0,0.5 0.5 86.9252747367 86.1666666667 1.0 2.5 6.0
0.5 0.5 86.9252747367 86.1666666667 1.0 2.5 6.0,3,1.0,0.5 0.5 141.986315611 64.6666666667 1.0 2.5 6.0
1.0 1.0 121.946045216 109.4 0.833333333333 1.5 5.0,0,1.0,1.0 1.0 170.605237233 97.0 0.833333333333 2.0 5.0
1.0 1.0 170.605237233 97.0 0.833333333333 2.0 5.0,3,1.0,1.0 1.0 107.413316598 122.666666667 1.0 2.0 6.0
1.0 1.0 107.413316598 122.666666667 1.0 2.0 6.0,0,1.0,0.5 0.5 76.0789498409 85.0 1.0 2.5 6.0
0.5 0.5 76.0789498409 85.0 1.0 2.5 6.0,3,1.0,0.5 0.5 99.0873831007 106.833333333 1.0 2.5 6.0
0.5 0.5 99.0873831007 106.833333333 1.0 2.5 6.0,3,1.0,0.5 0.5 113.947145887 50.5 1.0 2.5 6.0
0.5 0.5 113.947145887 50.5 1.0 2.5 6.0,3,1.0,0.5 0.5 93.9582866127 101.333333333 1.0 2.5 6.0
0.5 0.5 93.9582866127 101.333333333 1.0 2.5 6.0,3,1.0,0.5 0.5 85.3840966042 55.1666666667 1.0 2.5 6.0
0.5 0.5 85.3840966042 55.1666666667 1.0 2.5 6.0,3,1.0,0.5 0.5 54.8460586635 63.8333333333 1.0 2.5 6.0
0.5 0.5 54.8460586635 63.8333333333 1.0 2.5 6.0,3,1.0,0.5 0.5 145.756696952 86.3333333333 1.0 2.5 6.0
0.5 0.5 145.756696952 86.3333333333 1.0 2.5 6.0,3,1.0,0.5 0.5 70.8840243233 54.6666666667 1.0 2.5 6.0
0.5 0.5 70.8840243233 54.6666666667 1.0 2.5 6.0,3,1.0,0.5 0.5 153.336528675 78.3333333333 1.0 2.5 6.0
0.5 0.5 153.336528675 78.3333333333 1.0 2.5 6.0,3,1.0,0.5 0.5 72.2982551101 77.8333333333 1.0 2.5 6.0
0.5 0.5 72.2982551101 77.8333333333 1.0 2.5 6.0,3,1.0,0.5 0.5 144.172494335 81.3333333333 1.0 2.5 6.0
0.5 0.5 144.172494335 81.3333333333 1.0 2.5 6.0,3,1.0,0.5 0.5 74.6232948169 59.0 1.0 2.5 6.0
0.5 0.5 74.6232948169 59.0 1.0 2.5 6.0,3,1.0,0.5 0.5 117.499941469 65.0 1.0 2.5 6.0
1.0 1.0 84.2628048566 116.0 1.0 1.0 6.0,0,1.0,1.0 1.0 112.479561459 114.5 1.0 1.5 6.0
1.0 1.0 112.479561459 114.5 1.0 1.5 6.0,0,1.0,1.0 1.0 112.11958892 115.666666667 1.0 2.0 6.0
1.0 1.0 112.11958892 115.666666667 1.0 2.0 6.0,0,1.0,0.5 0.5 127.923414385 69.0 1.0 2.5 6.0
0.5 0.5 127.923414385 69.0 1.0 2.5 6.0,3,1.0,0.5 0.5 91.8315120746 54.1666666667 1.0 2.5 6.0
0.5 0.5 91.8315120746 54.1666666667 1.0 2.5 6.0,3,1.0,0.5 0.5 123.808848339 106.833333333 1.0 2.5 6.0
0.5 0.5 123.808848339 106.833333333 1.0 2.5 6.0,2,1.0,0.5 0.5 95.8823069241 103.833333333 1.0 2.5 6.0
0.5 0.5 95.8823069241 103.833333333 1.0 2.5 6.0,3,1.0,0.5 0.5 101.065998278 53.3333333333 1.0 2.5 6.0
0.5 0.5 101.065998278 53.3333333333 1.0 2.5 6.0,3,1.0,0.5 0.5 92.3758048414 102.666666667 1.0 2.5 6.0
0.5 0.5 92.3758048414 102.666666667 1.0 2.5 6.0,3,1.0,0.5 0.5 120.790155147 121.166666667 1.0 2.5 6.0
0.5 0.5 120.790155147 121.166666667 1.0 2.5 6.0,3,1.0,0.5 0.5 52.4898706942 102.166666667 1.0 2.5 6.0
0.5 0.5 52.4898706942 102.166666667 1.0 2.5 6.0,3,1.0,0.5 0.5 91.3351974776 49.6666666667 1.0 2.5 6.0
0.5 0.5 91.3351974776 49.6666666667 1.0 2.5 6.0,3,1.0,0.5 0.5 116.07813669 89.3333333333 1.0 2.5 6.0
0.5 0.5 116.07813669 89.3333333333 1.0 2.5 6.0,2,1.0,0.5 0.5 68.2292643422 43.6666666667 1.0 2.5 6.0
0.5 0.5 68.2292643422 43.6666666667 1.0 2.5 6.0,3,1.0,0.5 0.5 73.4458091066 58.5 1.0 2.5 6.0
0.5 0.5 73.4458091066 58.5 1.0 2.5 6.0,3,1.0,0.5 0.5 69.8115189303 128.666666667 1.0 2.5 6.0
0.5 0.5 73.5718615183 97.3333333333 1.0 2.5 6.0,3,1.0,0.5 0.5 72.50578727 118.333333333 1.0 2.5 6.0
0.5 0.5 72.50578727 118.333333333 1.0 2.5 6.0,3,1.0,0.5 0.5 113.299218666 82.3333333333 1.0 2.5 6.0
0.5 0.5 113.299218666 82.3333333333 1.0 2.5 6.0,3,1.0,0.5 0.5 65.4667444594 121.166666667 1.0 2.5 6.0
0.5 0.5 65.4667444594 121.166666667 1.0 2.5 6.0,3,1.0,0.5 0.5 120.274441724 46.8333333333 1.0 2.5 6.0
0.5 0.5 120.274441724 46.8333333333 1.0 2.5 6.0,3,1.0,0.5 0.5 114.932913737 103.333333333 1.0 2.5 6.0
0.5 0.5 114.932913737 103.333333333 1.0 2.5 6.0,3,1.0,0.5 0.5 60.6382079471 92.1666666667 1.0 2.5 6.0
0.5 0.5 60.6382079471 92.1666666667 1.0 2.5 6.0,3,1.0,0.5 0.5 99.2013540106 69.1666666667 1.0 2.5 6.0
0.5 0.5 99.2013540106 69.1666666667 1.0 2.5 6.0,3,1.0,0.5 0.5 136.459773132 94.8333333333 1.0 2.5 6.0
0.5 0.5 136.459773132 94.8333333333 1.0 2.5 6.0,3,1.0,0.5 0.5 124.574981791 78.5 1.0 2.5 6.0
0.5 0.5 124.574981791 78.5 1.0 2.5 6.0,3,1.0,0.5 0.5 63.8426939105 87.6666666667 1.0 2.5 6.0
0.5 0.5 63.8426939105 87.6666666667 1.0 2.5 6.0,3,1.0,0.5 0.5 87.0700753415 105.5 1.0 2.5 6.0
0.5 0.5 87.0700753415 105.5 1.0 2.5 6.0,3,1.0,0.5 0.5 102.679265001 74.8333333333 1.0 2.5 6.0
0.5 0.5 102.679265001 74.8333333333 1.0 2.5 6.0,3,1.0,0.5 0.5 89.4153632847 68.6666666667 1.0 2.5 6.0
0.5 0.5 89.4153632847 68.6666666667 1.0 2.5 6.0,3,1.0,0.5 0.5 110.150443138 52.8333333333 1.0 2.5 6.0
0.5 0.5 110.150443138 52.8333333333 1.0 2.5 6.0,3,1.0,0.5 0.5 90.2233081979 110.666666667 1.0 2.5 6.0
0.0 0.0 250.0 150.0 0.0 4.0 5.0,3,-1.0,0.0 0.0 250.0 150.0 0.0 4.0 6.0
0.0 0.0 250.0 150.0 0.0 4.0 6.0,1,-1.0,0.0 0.0 250.0 150.0 0.0 3.5 6.0
0.0 0.0 250.0 150.0 0.0 3.5 6.0,1,-1.0,0.0 0.0 250.0 150.0 0.0 3.0 6.0
0.0 0.0 250.0 150.0 0.0 3.0 6.0,1,1.0,0.5 0.5 182.972462216 74.0 1.0 2.5 6.0
0.5 0.5 182.972462216 74.0 1.0 2.5 6.0,3,1.0,0.5 0.5 122.481099739 69.8333333333 1.0 2.5 6.0
0.5 0.5 122.481099739 69.8333333333 1.0 2.5 6.0,3,1.0,0.5 0.5 138.10200994 89.1666666667 1.0 2.5 6.0
0.5 0.5 138.10200994 89.1666666667 1.0 2.5 6.0,3,1.0,0.5 0.5 78.33482558 89.1666666667 1.0 2.5 6.0
0.5 0.5 78.33482558 89.1666666667 1.0 2.5 6.0,3,1.0,0.5 0.5 109.926225922 85.0 1.0 2.5 6.0
0.5 0.5 109.926225922 85.0 1.0 2.5 6.0,3,1.0,0.5 0.5 66.3717644032 43.5 1.0 2.5 6.0
0.5 0.5 66.3717644032 43.5 1.0 2.5 6.0,3,1.0,0.5 0.5 89.7767727381 111.833333333 1.0 2.5 6.0
0.5 0.5 89.7767727381 111.833333333 1.0 2.5 6.0,3,1.0,0.5 0.5 120.147225778 86.6666666667 1.0 2.5 6.0
0.5 0.5 120.147225778 86.6666666667 1.0 2.5 6.0,3,1.0,0.5 0.5 116.729698693 86.6666666667 1.0 2.5 6.0
0.5 0.5 116.729698693 86.6666666667 1.0 2.5 6.0,3,1.0,0.5 0.5 49.6294734095 165.5 1.0 2.5 6.0
0.5 0.5 49.6294734095 165.5 1.0 2.5 6.0,3,1.0,0.5 0.5 125.807766965 87.0 1.0 2.5 6.0
0.5 0.5 125.807766965 87.0 1.0 2.5 6.0,3,1.0,0.5 0.5 108.794203796 101.333333333 1.0 2.5 6.0
1.0 1.0 48.4084382064 40.0 0.333333333333 1.0 2.0,3,1.0,1.0 1.0 49.2139562716 63.0 0.5 1.0 3.0
1.0 1.0 49.2139562716 63.0 0.5 1.0 3.0,0,1.0,1.0 1.0 65.1746167385 89.3333333333 0.5 1.5 3.0
1.0 1.0 65.1746167385 89.3333333333 0.5 1.5 3.0,3,1.0,1.0 1.0 122.071599254 107.25 0.666666666667 1.5 4.0
1.0 1.0 122.071599254 107.25 0.666666666667 1.5 4.0,3,1.0,1.0 1.0 146.774845452 101.6 0.833333333333 1.5 5.0
1.0 1.0 146.774845452 101.6 0.833333333333 1.5 5.0,0,1.0,1.0 1.0 146.774845452 99.8 0.833333333333 2.0 5.0
1.0 1.0 146.774845452 99.8 0.833333333333 2.0 5.0,0,1.0,0.5 0.5 80.2022645288 43.4 0.833333333333 2.5 5.0
0.5 0.5 80.2022645288 43.4 0.833333333333 2.5 5.0,3,1.0,0.5 0.5 121.814964809 50.3333333333 1.0 2.5 6.0
0.5 0.5 121.814964809 50.3333333333 1.0 2.5 6.0,3,1.0,0.5 0.5 74.0977277596 73.3333333333 1.0 2.5 6.0
0.5 0.5 74.0977277596 73.3333333333 1.0 2.5 6.0,3,1.0,0.5 0.5 81.4243089375 77.8333333333 1.0 2.5 6.0
0.5 0.5 81.4243089375 77.8333333333 1.0 2.5 6.0,3,1.0,0.5 0.5 117.554217028 88.3333333333 1.0 2.5 6.0
0.5 0.5 117.554217028 88.3333333333 1.0 2.5 6.0,3,1.0,0.5 0.5 96.8335504166 79.6666666667 1.0 2.5 6.0
0.5 0.5 96.8335504166 79.6666666667 1.0 2.5 6.0,3,1.0,0.5 0.5 130.560643324 80.6666666667 1.0 2.5 6.0
0.5 0.5 130.560643324 80.6666666667 1.0 2.5 6.0,3,1.0,0.5 0.5 90.9252474819 127.5 1.0 2.5 6.0
0.5 0.5 90.9252474819 127.5 1.0 2.5 6.0,3,1.0,0.5 0.5 81.3117877422 79.6666666667 1.0 2.5 6.0
0.5 0.5 81.3117877422 79.6666666667 1.0 2.5 6.0,3,1.0,0.5 0.5 65.6042144951 81.1666666667 1.0 2.5 6.0
1.0 1.0 79.565503018 99.1666666667 1.0 1.0 6.0,0,1.0,1.0 1.0 107.400862329 93.8333333333 1.0 1.5 6.0
1.0 1.0 107.400862329 93.8333333333 1.0 1.5 6.0,0,1.0,1.0 1.0 125.642657172 110.666666667 1.0 2.0 6.0
1.0 1.0 125.642657172 110.666666667 1.0 2.0 6.0,0,1.0,0.5 0.5 82.0545429947 61.8333333333 1.0 2.5 6.0
0.5 0.5 82.0545429947 61.8333333333 1.0 2.5 6.0,3,1.0,0.5 0.5 98.9116024673 54.5 1.0 2.5 6.0
0.5 0.5 98.9116024673 54.5 1.0 2.5 6.0,3,1.0,0.5 0.5 94.5038578112 87.1666666667 1.0 2.5 6.0
0.5 0.5 94.5038578112 87.1666666667 1.0 2.5 6.0,3,1.0,0.5 0.5 123.898760137 80.6666666667 1.0 2.5 6.0
0.5 0.5 123.898760137 80.6666666667 1.0 2.5 6.0,3,1.0,0.5 0.5 81.8537273664 113.5 1.0 2.5 6.0
0.5 0.5 81.8537273664 113.5 1.0 2.5 6.0,3,1.0,0.5 0.5 56.341205236 109.333333333 1.0 2.5 6.0
0.5 0.5 56.341205236 109.333333333 1.0 2.5 6.0,3,1.0,0.5 0.5 173.231018556 95.5 1.0 2.5 6.0
0.5 0.5 173.231018556 95.5 1.0 2.5 6.0,3,1.0,0.5 0.5 105.524980024 116.166666667 1.0 2.5 6.0
0.5 0.5 105.524980024 116.166666667 1.0 2.5 6.0,3,1.0,0.5 0.5 92.0602360702 65.3333333333 1.0 2.5 6.0
0.5 0.5 92.0602360702 65.3333333333 1.0 2.5 6.0,3,1.0,0.5 0.5 48.6132283014 82.6666666667 1.0 2.5 6.0
0.5 0.5 48.6132283014 82.6666666667 1.0 2.5 6.0,3,1.0,0.5 0.5 98.9817729064 75.3333333333 1.0 2.5 6.0
0.5 0.5 98.9817729064 75.3333333333 1.0 2.5 6.0,2,1.0,0.5 0.5 106.903901219 75.6666666667 1.0 2.5 6.0
0.5 0.5 106.903901219 75.6666666667 1.0 2.5 6.0,3,1.0,0.5 0.5 96.8337755661 93.5 1.0 2.5 6.0
1.0 1.0 85.9989882272 123.666666667 1.0 1.0 6.0,0,1.0,1.0 1.0 105.795730708 117.0 1.0 1.5 6.0
1.0 1.0 105.795730708 117.0 1.0 1.5 6.0,0,1.0,1.0 1.0 114.160574423 69.6666666667 1.0 2.0 6.0
1.0 1.0 114.160574423 69.6666666667 1.0 2.0 6.0,0,1.0,0.5 0.5 76.4282045983 98.0 1.0 2.5 6.0
0.5 0.5 76.4282045983 98.0 1.0 2.5 6.0,3,1.0,0.5 0.5 73.9977220962 59.0 1.0 2.5 6.0
0.5 0.5 73.9977220962 59.0 1.0 2.5 6.0,3,1.0,0.5 0.5 87.7560502561 49.5 1.0 2.5 6.0
0.5 0.5 87.7560502561 49.5 1.0 2.5 6.0,3,1.0,0.5 0.5 131.255224232 63.1666666667 1.0 2.5 6.0
0.5 0.5 131.255224232 63.1666666667 1.0 2.5 6.0,3,1.0,0.5 0.5 146.811911892 83.0 1.0 2.5 6.0
0.5 0.5 146.811911892 83.0 1.0 2.5 6.0,3,1.0,0.5 0.5 88.2380347405 94.1666666667 1.0 2.5 6.0
0.5 0.5 88.2380347405 94.1666666667 1.0 2.5 6.0,2,1.0,0.5 0.5 165.109529381 102.166666667 1.0 2.5 6.0
0.5 0.5 165.109529381 102.166666667 1.0 2.5 6.0,3,1.0,0.5 0.5 85.8667894546 99.5 1.0 2.5 6.0
0.5 0.5 85.8667894546 99.5 1.0 2.5 6.0,3,1.0,0.5 0.5 69.7655614085 98.8333333333 1.0 2.5 6.0
0.5 0.5 69.7655614085 98.8333333333 1.0 2.5 6.0,3,1.0,0.5 0.5 52.0743659543 25.5 1.0 2.5 6.0
0.5 0.5 52.0743659543 25.5 1.0 2.5 6.0,3,1.0,0.5 0.5 80.1944758589 78.6666666667 1.0 2.5 6.0
0.5 0.5 80.1944758589 78.6666666667 1.0 2.5 6.0,3,1.0,0.5 0.5 71.7523686777 76.6666666667 1.0 2.5 6.0
0.5 0.5 71.7523686777 76.6666666667 1.0 2.5 6.0,3,1.0,0.5 0.5 174.331838826 92.3333333333 1.0 2.5 6.0
1.0 1.0 166.751928478 82.3333333333 1.0 1.5 6.0,0,1.0,1.0 1.0 120.57567847 113.833333333 1.0 2.0 6.0
1.0 1.0 120.57567847 113.833333333 1.0 2.0 6.0,0,1.0,0.5 0.5 130.297399276 81.8333333333 1.0 2.5 6.0
0.5 0.5 130.297399276 81.8333333333 1.0 2.5 6.0,3,1.0,0.5 0.5 166.427316175 90.5 1.0 2.5 6.0
0.5 0.5 166.427316175 90.5 1.0 2.5 6.0,3,1.0,0.5 0.5 75.7543797759 78.3333333333 1.0 2.5 6.0
0.5 0.5 75.7543797759 78.3333333333 1.0 2.5 6.0,3,1.0,0.5 0.5 88.9715129129 80.5 1.0 2.5 6.0
0.5 0.5 88.9715129129 80.5 1.0 2.5 6.0,3,1.0,0.5 0.5 91.3737596143 71.5 1.0 2.5 6.0
0.5 0.5 91.3737596143 71.5 1.0 2.5 6.0,3,1.0,0.5 0.5 139.755917371 67.6666666667 1.0 2.5 6.0
0.5 0.5 139.755917371 67.6666666667 1.0 2.5 6.0,3,1.0,0.5 0.5 123.385182654 67.8333333333 1.0 2.5 6.0
0.5 0.5 123.385182654 67.8333333333 1.0 2.5 6.0,3,1.0,0.5 0.5 75.4224311753 78.8333333333 1.0 2.5 6.0
0.5 0.5 75.4224311753 78.8333333333 1.0 2.5 6.0,3,1.0,0.5 0.5 137.321236763 111.666666667 1.0 2.5 6.0
0.5 0.5 137.321236763 111.666666667 1.0 2.5 6.0,3,1.0,0.5 0.5 109.113615513 78.8333333333 1.0 2.5 6.0
0.5 0.5 109.113615513 78.8333333333 1.0 2.5 6.0,3,1.0,0.5 0.5 99.3155633968 64.3333333333 1.0 2.5 6.0
0.5 0.5 99.3155633968 64.3333333333 1.0 2.5 6.0,3,1.0,0.5 0.5 103.361726796 60.6666666667 1.0 2.5 6.0
0.5 0.5 103.361726796 60.6666666667 1.0 2.5 6.0,3,1.0,0.5 0.5 99.8192103684 74.3333333333 1.0 2.5 6.0
0.5 0.5 99.8192103684 74.3333333333 1.0 2.5 6.0,3,1.0,0.5 0.5 105.471206259 104.0 1.0 2.5 6.0
1.0 1.0 113.782233181 93.3333333333 1.0 0.5 6.0,0,1.0,1.0 1.0 112.479561459 114.166666667 1.0 1.0 6.0
1.0 1.0 112.479561459 114.166666667 1.0 1.0 6.0,0,1.0,1.0 1.0 125.642657172 110.333333333 1.0 1.5 6.0
1.0 1.0 125.642657172 110.333333333 1.0 1.5 6.0,0,1.0,1.0 1.0 121.883591805 111.0 1.0 2.0 6.0
1.0 1.0 121.883591805 111.0 1.0 2.0 6.0,0,1.0,0.5 0.5 91.2932057509 90.0 1.0 2.5 6.0
0.5 0.5 91.2932057509 90.0 1.0 2.5 6.0,3,1.0,0.5 0.5 89.7866010038 72.8333333333 1.0 2.5 6.0
0.5 0.5 89.7866010038 72.8333333333 1.0 2.5 6.0,3,1.0,0.5 0.5 72.8556553121 59.8333333333 1.0 2.5 6.0
0.5 0.5 72.8556553121 59.8333333333 1.0 2.5 6.0,3,1.0,0.5 0.5 119.976207753 91.0 1.0 2.5 6.0
0.5 0.5 119.976207753 91.0 1.0 2.5 6.0,3,1.0,0.5 0.5 133.049056642 64.6666666667 1.0 2.5 6.0
0.5 0.5 133.049056642 64.6666666667 1.0 2.5 6.0,3,1.0,0.5 0.5 72.2415322751 77.1666666667 1.0 2.5 6.0
0.5 0.5 72.2415322751 77.1666666667 1.0 2.5 6.0,3,1.0,0.5 0.5 120.377213772 83.0 1.0 2.5 6.0
0.5 0.5 120.377213772 83.0 1.0 2.5 6.0,3,1.0,0.5 0.5 113.816062922 88.8333333333 1.0 2.5 6.0
0.5 0.5 113.816062922 88.8333333333 1.0 2.5 6.0,3,1.0,0.5 0.5 71.9080286472 69.5 1.0 2.5 6.0
0.5 0.5 71.9080286472 69.5 1.0 2.5 6.0,3,1.0,0.5 0.5 73.5105040144 41.6666666667 1.0 2.5 6.0
0.5 0.5 73.5105040144 41.6666666667 1.0 2.5 6.0,3,1.0,0.5 0.5 85.4224117956 100.333333333 1.0 2.5 6.0
0.5 0.5 85.4224117956 100.333333333 1.0 2.5 6.0,3,1.0,0.5 0.5 133.190659449 80.0 1.0 2.5 6.0
1.0 1.0 48.6975889139 28.3333333333 0.5 1.5 3.0,0,1.0,1.0 1.0 49.2139562716 66.0 0.5 2.0 3.0
1.0 1.0 49.2139562716 66.0 0.5 2.0 3.0,3,1.0,1.0 1.0 151.789504569 102.5 0.666666666667 2.0 4.0
1.0 1.0 151.789504569 102.5 0.666666666667 2.0 4.0,3,1.0,1.0 1.0 89.4176075691 111.2 0.833333333333 2.0 5.0
1.0 1.0 89.4176075691 111.2 0.833333333333 2.0 5.0,0,1.0,0.5 0.5 155.792109299 90.0 0.833333333333 2.5 5.0
0.5 0.5 155.792109299 90.0 0.833333333333 2.5 5.0,3,1.0,0.5 0.5 126.007665146 59.5 1.0 2.5 6.0
0.5 0.5 126.007665146 59.5 1.0 2.5 6.0,3,1.0,0.5 0.5 62.8997911131 74.0 1.0 2.5 6.0
0.5 0.5 62.8997911131 74.0 1.0 2.5 6.0,4,-1.0,0.5 0.5 74.798298371 46.8 0.833333333333 2.5 5.0
0.5 0.5 74.798298371 46.8 0.833333333333 2.5 5.0,3,1.0,0.5 0.5 96.2092229486 89.5 1.0 2.5 6.0
0.5 0.5 96.2092229486 89.5 1.0 2.5 6.0,3,1.0,0.5 0.5 122.914081989 64.1666666667 1.0 2.5 6.0
0.5 0.5 122.914081989 64.1666666667 1.0 2.5 6.0,3,1.0,0.5 0.5 89.5954429484 109.333333333 1.0 2.5 6.0
0.5 0.5 89.5954429484 109.333333333 1.0 2.5 6.0,3,1.0,0.5 0.5 76.9250073459 102.666666667 1.0 2.5 6.0
0.5 0.5 76.9250073459 102.666666667 1.0 2.5 6.0,3,1.0,0.5 0.5 114.431955711 67.1666666667 1.0 2.5 6.0
0.5 0.5 114.431955711 67.1666666667 1.0 2.5 6.0,3,1.0,0.5 0.5 84.4027225202 98.0 1.0 2.5 6.0
0.5 0.5 84.4027225202 98.0 1.0 2.5 6.0,3,1.0,0.5 0.5 58.2085958802 61.3333333333 1.0 2.5 6.0
0.5 0.5 58.2085958802 61.3333333333 1.0 2.5 6.0,2,1.0,0.5 0.5 103.720705835 86.0 1.0 2.5 6.0
1.0 1.0 69.5292493989 53.6666666667 0.5 1.5 3.0,3,1.0,1.0 1.0 134.69057405 82.5 0.666666666667 1.5 4.0
1.0 1.0 134.69057405 82.5 0.666666666667 1.5 4.0,0,1.0,1.0 1.0 143.039981952 81.75 0.666666666667 2.0 4.0
1.0 1.0 143.039981952 81.75 0.666666666667 2.0 4.0,3,1.0,1.0 1.0 121.782532366 110.8 0.833333333333 2.0 5.0
1.0 1.0 121.782532366 110.8 0.833333333333 2.0 5.0,0,1.0,0.5 0.5 46.9983494667 52.2 0.833333333333 2.5 5.0
0.5 0.5 46.9983494667 52.2 0.833333333333 2.5 5.0,3,1.0,0.5 0.5 158.383738291 74.8333333333 1.0 2.5 6.0
0.5 0.5 158.383738291 74.8333333333 1.0 2.5 6.0,3,1.0,0.5 0.5 114.471344089 84.3333333333 1.0 2.5 6.0
0.5 0.5 114.471344089 84.3333333333 1.0 2.5 6.0,3,1.0,0.5 0.5 165.050433063 93.6666666667 1.0 2.5 6.0
0.5 0.5 165.050433063 93.6666666667 1.0 2.5 6.0,3,1.0,0.5 0.5 79.5198039266 36.5 1.0 2.5 6.0
0.5 0.5 79.5198039266 36.5 1.0 2.5 6.0,3,1.0,0.5 0.5 93.7482159956 92.1666666667 1.0 2.5 6.0
0.5 0.5 93.7482159956 92.1666666667 1.0 2.5 6.0,3,1.0,0.5 0.5 84.4542685631 70.8333333333 1.0 2.5 6.0
0.5 0.5 84.4542685631 70.8333333333 1.0 2.5 6.0,3,1.0,0.5 0.5 95.5732342381 134.333333333 1.0 2.5 6.0
0.5 0.5 95.5732342381 134.333333333 1.0 2.5 6.0,3,1.0,0.5 0.5 89.9546406819 89.0 1.0 2.5 6.0
0.5 0.5 89.9546406819 89.0 1.0 2.5 6.0,2,1.0,0.5 0.5 80.6643058231 86.6666666667 1.0 2.5 6.0
0.5 0.5 80.6643058231 86.6666666667 1.0 2.5 6.0,3,1.0,0.5 0.5 73.6052827879 79.0 1.0 2.5 6.0
0.5 0.5 73.6052827879 79.0 1.0 2.5 6.0,3,1.0,0.5 0.5 110.954976853 78.8333333333 1.0 2.5 6.0
0.0 0.0 250.0 150.0 0.0 4.0 2.0,1,-1.0,0.0 0.0 250.0 150.0 0.0 3.5 2.0
0.0 0.0 250.0 150.0 0.0 3.5 2.0,1,-1.0,0.0 0.0 250.0 150.0 0.0 3.0 2.0
0.0 0.0 250.0 150.0 0.0 3.0 2.0,1,1.0,0.5 0.5 56.4835546808 40.0 0.333333333333 2.5 2.0
0.5 0.5 56.4835546808 40.0 0.333333333333 2.5 2.0,3,1.0,0.5 0.5 53.7996850274 35.6666666667 0.5 2.5 3.0
0.5 0.5 53.7996850274 35.6666666667 0.5 2.5 3.0,3,1.0,0.5 0.5 49.433333794 33.25 0.666666666667 2.5 4.0
0.5 0.5 49.433333794 33.25 0.666666666667 2.5 4.0,3,1.0,0.5 0.5 121.806196652 72.6 0.833333333333 2.5 5.0
0.5 0.5 121.806196652 72.6 0.833333333333 2.5 5.0,3,1.0,0.5 0.5 77.6141270933 88.3333333333 1.0 2.5 6.0
0.5 0.5 77.6141270933 88.3333333333 1.0 2.5 6.0,3,1.0,0.5 0.5 88.6694258835 98.6666666667 1.0 2.5 6.0
0.5 0.5 88.6694258835 98.6666666667 1.0 2.5 6.0,3,1.0,0.5 0.5 119.61836652 97.5 1.0 2.5 6.0
0.5 0.5 119.61836652 97.5 1.0 2.5 6.0,3,1.0,0.5 0.5 83.6426259966 94.0 1.0 2.5 6.0
0.5 0.5 83.6426259966 94.0 1.0 2.5 6.0,3,1.0,0.5 0.5 158.156805165 79.3333333333 1.0 2.5 6.0
0.5 0.5 158.156805165 79.3333333333 1.0 2.5 6.0,3,1.0,0.5 0.5 77.7210167074 111.666666667 1.0 2.5 6.0
0.5 0.5 77.7210167074 111.666666667 1.0 2.5 6.0,3,1.0,0.5 0.5 86.9758987457 55.1666666667 1.0 2.5 6.0
0.5 0.5 86.9758987457 55.1666666667 1.0 2.5 6.0,3,1.0,0.5 0.5 119.811364935 102.666666667 1.0 2.5 6.0
0.5 0.5 119.811364935 102.666666667 1.0 2.5 6.0,3,1.0,0.5 0.5 145.792753679 65.0 1.0 2.5 6.0
0.0 0.0 250.0 150.0 0.0 3.0 6.0,1,1.0,0.5 0.5 58.1577418286 47.5 1.0 2.5 6.0
0.5 0.5 58.1577418286 47.5 1.0 2.5 6.0,3,1.0,0.5 0.5 86.2239831247 120.833333333 1.0 2.5 6.0
0.5 0.5 86.2239831247 120.833333333 1.0 2.5 6.0,3,1.0,0.5 0.5 91.450781211 54.8333333333 1.0 2.5 6.0
0.5 0.5 91.450781211 54.8333333333 1.0 2.5 6.0,3,1.0,0.5 0.5 74.2136387896 85.6666666667 1.0 2.5 6.0
0.5 0.5 74.2136387896 85.6666666667 1.0 2.5 6.0,3,1.0,0.5 0.5 56.7439967186 63.8333333333 1.0 2.5 6.0
0.5 0.5 56.7439967186 63.8333333333 1.0 2.5 6.0,3,1.0,0.5 0.5 77.323578878 90.8333333333 1.0 2.5 6.0
0.5 0.5 77.323578878 90.8333333333 1.0 2.5 6.0,3,1.0,0.5 0.5 76.8537308073 88.6666666667 1.0 2.5 6.0
0.5 0.5 76.8537308073 88.6666666667 1.0 2.5 6.0,3,1.0,0.5 0.5 89.4658639014 90.5 1.0 2.5 6.0
0.5 0.5 89.4658639014 90.5 1.0 2.5 6.0,3,1.0,0.5 0.5 75.4760870572 59.1666666667 1.0 2.5 6.0
0.5 0.5 75.4760870572 59.1666666667 1.0 2.5 6.0,1,-1.0,1.0 1.0 85.8189791914 117.166666667 1.0 2.0 6.0
1.0 1.0 85.8189791914 117.166666667 1.0 2.0 6.0,0,1.0,0.5 0.5 107.489015149 105.5 1.0 2.5 6.0
0.5 0.5 107.489015149 105.5 1.0 2.5 6.0,3,1.0,0.5 0.5 122.836185821 111.5 1.0 2.5 6.0
0.5 0.5 122.836185821 111.5 1.0 2.5 6.0,3,1.0,0.5 0.5 167.521569937 77.0 1.0 2.5 6.0
0.5 0.5 167.521569937 77.0 1.0 2.5 6.0,3,1.0,0.5 0.5 125.205995563 81.5 1.0 2.5 6.0
0.5 0.5 125.205995563 81.5 1.0 2.5 6.0,3,1.0,0.5 0.5 160.795028156 63.5 1.0 2.5 6.0
1.0 1.0 142.898250191 83.75 0.666666666667 1.5 4.0,0,1.0,1.0 1.0 74.5423181451 98.25 0.666666666667 2.0 4.0
1.0 1.0 74.5423181451 98.25 0.666666666667 2.0 4.0,3,1.0,1.0 1.0 91.4968197184 92.2 0.833333333333 2.0 5.0
1.0 1.0 91.4968197184 92.2 0.833333333333 2.0 5.0,0,1.0,0.5 0.5 155.861004256 52.4 0.833333333333 2.5 5.0
0.5 0.5 155.861004256 52.4 0.833333333333 2.5 5.0,3,1.0,0.5 0.5 105.797955363 99.8333333333 1.0 2.5 6.0
0.5 0.5 105.797955363 99.8333333333 1.0 2.5 6.0,3,1.0,0.5 0.5 95.4693953667 69.6666666667 1.0 2.5 6.0
0.5 0.5 95.4693953667 69.6666666667 1.0 2.5 6.0,3,1.0,0.5 0.5 130.918713183 82.3333333333 1.0 2.5 6.0
0.5 0.5 130.918713183 82.3333333333 1.0 2.5 6.0,3,1.0,0.5 0.5 54.5117921582 84.3333333333 1.0 2.5 6.0
0.5 0.5 54.5117921582 84.3333333333 1.0 2.5 6.0,3,1.0,0.5 0.5 134.229204178 103.333333333 1.0 2.5 6.0
0.5 0.5 134.229204178 103.333333333 1.0 2.5 6.0,3,1.0,0.5 0.5 112.774363832 100.333333333 1.0 2.5 6.0
0.5 0.5 112.774363832 100.333333333 1.0 2.5 6.0,3,1.0,0.5 0.5 117.15766189 89.1666666667 1.0 2.5 6.0
0.5 0.5 117.15766189 89.1666666667 1.0 2.5 6.0,3,1.0,0.5 0.5 128.90010146 96.3333333333 1.0 2.5 6.0
0.5 0.5 128.90010146 96.3333333333 1.0 2.5 6.0,3,1.0,0.5 0.5 94.088326168 70.8333333333 1.0 2.5 6.0
0.5 0.5 94.088326168 70.8333333333 1.0 2.5 6.0,3,1.0,0.5 0.5 113.647315369 87.5 1.0 2.5 6.0
0.5 0.5 113.647315369 87.5 1.0 2.5 6.0,3,1.0,0.5 0.5 105.405513329 69.0 1.0 2.5 6.0
0.5 0.5 105.405513329 69.0 1.0 2.5 6.0,3,1.0,0.5 0.5 119.467329451 90.5 1.0 2.5 6.0
1.0 1.0 112.241392127 114.833333333 1.0 0.5 6.0,0,1.0,1.0 1.0 128.636644699 110.333333333 1.0 1.0 6.0
1.0 1.0 128.636644699 110.333333333 1.0 1.0 6.0,0,1.0,1.0 1.0 125.642657172 110.0 1.0 1.5 6.0
1.0 1.0 125.642657172 110.0 1.0 1.5 6.0,0,1.0,1.0 1.0 118.594296468 110.5 1.0 2.0 6.0
1.0 1.0 118.594296468 110.5 1.0 2.0 6.0,0,1.0,0.5 0.5 70.1591012864 87.8333333333 1.0 2.5 6.0
0.5 0.5 70.1591012864 87.8333333333 1.0 2.5 6.0,3,1.0,0.5 0.5 71.6264787042 71.8333333333 1.0 2.5 6.0
0.5 0.5 71.6264787042 71.8333333333 1.0 2.5 6.0,2,1.0,0.5 0.5 77.1913128327 39.0 1.0 2.5 6.0
0.5 0.5 77.1913128327 39.0 1.0 2.5 6.0,3,1.0,0.5 0.5 119.082656062 64.0 1.0 2.5 6.0
0.5 0.5 119.082656062 64.0 1.0 2.5 6.0,3,1.0,0.5 0.5 105.751658813 67.6666666667 1.0 2.5 6.0
0.5 0.5 105.751658813 67.6666666667 1.0 2.5 6.0,3,1.0,0.5 0.5 89.974112511 80.0 1.0 2.5 6.0
0.5 0.5 89.974112511 80.0 1.0 2.5 6.0,3,1.0,0.5 0.5 151.193766328 80.5 1.0 2.5 6.0
0.5 0.5 151.193766328 80.5 1.0 2.5 6.0,3,1.0,0.5 0.5 113.253039251 64.3333333333 1.0 2.5 6.0
0.5 0.5 113.253039251 64.3333333333 1.0 2.5 6.0,3,1.0,0.5 0.5 86.7387681728 95.5 1.0 2.5 6.0
0.5 0.5 86.7387681728 95.5 1.0 2.5 6.0,3,1.0,0.5 0.5 123.223530349 79.8333333333 1.0 2.5 6.0
0.5 0.5 123.223530349 79.8333333333 1.0 2.5 6.0,3,1.0,0.5 0.5 165.050433063 94.8333333333 1.0 2.5 6.0
0.5 0.5 165.050433063 94.8333333333 1.0 2.5 6.0,3,1.0,0.5 0.5 76.3123411736 71.8333333333 1.0 2.5 6.0
0.5 0.5 137.213543689 118.833333333 1.0 2.5 6.0,3,1.0,0.5 0.5 139.504104807 45.5 1.0 2.5 6.0
0.5 0.5 139.504104807 45.5 1.0 2.5 6.0,3,1.0,0.5 0.5 152.288164096 83.3333333333 1.0 2.5 6.0
0.5 0.5 152.288164096 83.3333333333 1.0 2.5 6.0,3,1.0,0.5 0.5 125.806285055 60.6666666667 1.0 2.5 6.0
0.5 0.5 125.806285055 60.6666666667 1.0 2.5 6.0,3,1.0,0.5 0.5 93.2735154605 73.0 1.0 2.5 6.0
0.5 0.5 93.2735154605 73.0 1.0 2.5 6.0,2,1.0,0.5 0.5 82.815244719 74.0 1.0 2.5 6.0
0.5 0.5 82.815244719 74.0 1.0 2.5 6.0,3,1.0,0.5 0.5 94.4727469866 86.3333333333 1.0 2.5 6.0
0.5 0.5 94.4727469866 86.3333333333 1.0 2.5 6.0,3,1.0,0.5 0.5 147.061859453 81.8333333333 1.0 2.5 6.0
0.5 0.5 147.061859453 81.8333333333 1.0 2.5 6.0,3,1.0,0.5 0.5 147.061859453 81.6666666667 1.0 2.5 6.0
0.5 0.5 147.061859453 81.6666666667 1.0 2.5 6.0,3,1.0,0.5 0.5 120.180096588 89.3333333333 1.0 2.5 6.0
0.5 0.5 120.180096588 89.3333333333 1.0 2.5 6.0,3,1.0,0.5 0.5 104.813795638 118.0 1.0 2.5 6.0
0.5 0.5 104.813795638 118.0 1.0 2.5 6.0,3,1.0,0.5 0.5 99.0105554894 54.6666666667 1.0 2.5 6.0
0.5 0.5 99.0105554894 54.6666666667 1.0 2.5 6.0,3,1.0,0.5 0.5 93.8084785238 73.0 1.0 2.5 6.0
0.5 0.5 93.8084785238 73.0 1.0 2.5 6.0,3,1.0,0.5 0.5 58.0827316717 95.1666666667 1.0 2.5 6.0
0.5 0.5 58.0827316717 95.1666666667 1.0 2.5 6.0,3,1.0,0.5 0.5 86.4442120116 81.6666666667 1.0 2.5 6.0
0.5 0.5 86.4442120116 81.6666666667 1.0 2.5 6.0,2,1.0,0.5 0.5 114.8969061 96.3333333333 1.0 2.5 6.0
1.0 1.0 40.7552940361 39.5 0.333333333333 0.5 2.0,0,1.0,1.0 1.0 48.4084382064 40.0 0.333333333333 1.0 2.0
1.0 1.0 48.4084382064 40.0 0.333333333333 1.0 2.0,3,1.0,1.0 1.0 83.2899098309 51.0 0.5 1.0 3.0
1.0 1.0 83.2899098309 51.0 0.5 1.0 3.0,0,1.0,1.0 1.0 69.5292493989 52.6666666667 0.5 1.5 3.0
1.0 1.0 69.5292493989 52.6666666667 0.5 1.5 3.0,0,1.0,1.0 1.0 83.2899098309 52.0 0.5 2.0 3.0
1.0 1.0 83.2899098309 52.0 0.5 2.0 3.0,3,1.0,1.0 1.0 150.627597766 102.5 0.666666666667 2.0 4.0
1.0 1.0 150.627597766 102.5 0.666666666667 2.0 4.0,0,1.0,0.5 0.5 75.3191305348 48.5 0.666666666667 2.5 4.0
0.5 0.5 75.3191305348 48.5 0.666666666667 2.5 4.0,3,1.0,0.5 0.5 71.5728108447 67.0 0.833333333333 2.5 5.0
0.5 0.5 71.5728108447 67.0 0.833333333333 2.5 5.0,3,1.0,0.5 0.5 72.6409350817 60.6666666667 1.0 2.5 6.0
0.5 0.5 72.6409350817 60.6666666667 1.0 2.5 6.0,3,1.0,0.5 0.5 134.641980238 118.166666667 1.0 2.5 6.0
0.5 0.5 134.641980238 118.166666667 1.0 2.5 6.0,3,1.0,0.5 0.5 99.2049851439 77.0 1.0 2.5 6.0
0.5 0.5 99.2049851439 77.0 1.0 2.5 6.0,3,1.0,0.5 0.5 127.035428056 129.333333333 1.0 2.5 6.0
0.5 0.5 127.035428056 129.333333333 1.0 2.5 6.0,3,1.0,0.5 0.5 107.80311593 110.5 1.0 2.5 6.0
0.5 0.5 107.80311593 110.5 1.0 2.5 6.0,3,1.0,0.5 0.5 58.3175618827 67.0 1.0 2.5 6.0
0.5 0.5 58.3175618827 67.0 1.0 2.5 6.0,3,1.0,0.5 0.5 80.7230815205 100.166666667 1.0 2.5 6.0
0.5 0.5 80.7230815205 100.166666667 1.0 2.5 6.0,3,1.0,0.5 0.5 110.170254415 80.3333333333 1.0 2.5 6.0
0.0 0.0 250.0 150.0 0.0 4.0 6.0,1,-1.0,0.0 0.0 250.0 150.0 0.0 3.5 6.0
0.0 0.0 250.0 150.0 0.0 3.5 6.0,1,-1.0,0.0 0.0 250.0 150.0 0.0 3.0 6.0
0.0 0.0 250.0 150.0 0.0 3.0 6.0,1,1.0,0.5 0.5 113.030571832 69.6666666667 1.0 2.5 6.0
0.5 0.5 113.030571832 69.6666666667 1.0 2.5 6.0,3,1.0,0.5 0.5 132.333727761 122.666666667 1.0 2.5 6.0
0.5 0.5 132.333727761 122.666666667 1.0 2.5 6.0,3,1.0,0.5 0.5 53.6608307423 64.6666666667 1.0 2.5 6.0
0.5 0.5 53.6608307423 64.6666666667 1.0 2.5 6.0,3,1.0,0.5 0.5 131.057930328 95.8333333333 1.0 2.5 6.0
0.5 0.5 131.057930328 95.8333333333 1.0 2.5 6.0,2,1.0,0.5 0.5 88.8534335075 71.3333333333 1.0 2.5 6.0
0.5 0.5 88.8534335075 71.3333333333 1.0 2.5 6.0,3,1.0,0.5 0.5 92.501780824 73.6666666667 1.0 2.5 6.0
0.5 0.5 92.501780824 73.6666666667 1.0 2.5 6.0,3,1.0,0.5 0.5 138.245337132 96.3333333333 1.0 2.5 6.0
0.5 0.5 138.245337132 96.3333333333 1.0 2.5 6.0,3,1.0,0.5 0.5 107.943730577 70.5 1.0 2.5 6.0
0.5 0.5 107.943730577 70.5 1.0 2.5 6.0,3,1.0,0.5 0.5 105.336690462 88.5 1.0 2.5 6.0
0.5 0.5 105.336690462 88.5 1.0 2.5 6.0,3,1.0,0.5 0.5 92.7517838597 108.833333333 1.0 2.5 6.0
0.5 0.5 92.7517838597 108.833333333 1.0 2.5 6.0,3,1.0,0.5 0.5 131.172007812 96.6666666667 1.0 2.5 6.0
0.5 0.5 131.172007812 96.6666666667 1.0 2.5 6.0,3,1.0,0.5 0.5 83.8054957426 124.833333333 1.0 2.5 6.0
0.5 0.5 83.8054957426 124.833333333 1.0 2.5 6.0,3,1.0,0.5 0.5 105.783750946 92.1666666667 1.0 2.5 6.0
1.0 1.0 143.039981952 83.75 0.666666666667 1.0 4.0,0,1.0,1.0 1.0 151.789504569 100.0 0.666666666667 1.5 4.0
1.0 1.0 151.789504569 100.0 0.666666666667 1.5 4.0,0,1.0,1.0 1.0 142.898250191 82.25 0.666666666667 2.0 4.0
1.0 1.0 142.898250191 82.25 0.666666666667 2.0 4.0,0,1.0,0.5 0.5 89.970545927 73.0 0.666666666667 2.5 4.0
0.5 0.5 89.970545927 73.0 0.666666666667 2.5 4.0,3,1.0,0.5 0.5 109.156135577 75.2 0.833333333333 2.5 5.0
0.5 0.5 109.156135577 75.2 0.833333333333 2.5 5.0,3,1.0,0.5 0.5 135.935358016 64.0 1.0 2.5 6.0
0.5 0.5 135.935358016 64.0 1.0 2.5 6.0,3,1.0,0.5 0.5 83.5618569232 70.8333333333 1.0 2.5 6.0
0.5 0.5 83.5618569232 70.8333333333 1.0 2.5 6.0,3,1.0,0.5 0.5 85.1018033632 117.0 1.0 2.5 6.0
0.5 0.5 85.1018033632 117.0 1.0 2.5 6.0,3,1.0,0.5 0.5 177.38120946 92.5 1.0 2.5 6.0
0.5 0.5 177.38120946 92.5 1.0 2.5 6.0,3,1.0,0.5 0.5 78.8796039431 93.6666666667 1.0 2.5 6.0
0.5 0.5 78.8796039431 93.6666666667 1.0 2.5 6.0,3,1.0,0.5 0.5 111.455723126 66.5 1.0 2.5 6.0
0.5 0.5 111.455723126 66.5 1.0 2.5 6.0,3,1.0,0.5 0.5 113.947145887 52.3333333333 1.0 2.5 6.0
0.5 0.5 113.947145887 52.3333333333 1.0 2.5 6.0,3,1.0,0.5 0.5 83.2639359312 63.5 1.0 2.5 6.0
0.5 0.5 83.2639359312 63.5 1.0 2.5 6.0,2,1.0,0.5 0.5 105.764763223 70.0 1.0 2.5 6.0
0.5 0.5 105.764763223 70.0 1.0 2.5 6.0,3,1.0,0.5 0.5 81.4359819234 89.8333333333 1.0 2.5 6.0
0.5 0.5 81.4359819234 89.8333333333 1.0 2.5 6.0,3,1.0,0.5 0.5 158.633893805 96.6666666667 1.0 2.5 6.0
0.0 0.0 250.0 150.0 0.0 3.0 6.0,1,1.0,0.5 0.5 127.935929658 72.6666666667 1.0 2.5 6.0
0.5 0.5 127.935929658 72.6666666667 1.0 2.5 6.0,2,1.0,0.5 0.5 132.086548833 100.833333333 1.0 2.5 6.0
0.5 0.5 132.086548833 100.833333333 1.0 2.5 6.0,3,1.0,0.5 0.5 68.3982066657 79.6666666667 1.0 2.5 6.0
0.5 0.5 68.3982066657 79.6666666667 1.0 2.5 6.0,3,1.0,0.5 0.5 94.248311743 103.833333333 1.0 2.5 6.0
0.5 0.5 94.248311743 103.833333333 1.0 2.5 6.0,2,1.0,0.5 0.5 86.4204648561 81.1666666667 1.0 2.5 6.0
0.5 0.5 86.4204648561 81.1666666667 1.0 2.5 6.0,3,1.0,0.5 0.5 84.457070595 94.6666666667 1.0 2.5 6.0
0.5 0.5 84.457070595 94.6666666667 1.0 2.5 6.0,3,1.0,0.5 0.5 45.3063518917 103.666666667 1.0 2.5 6.0
0.5 0.5 45.3063518917 103.666666667 1.0 2.5 6.0,3,1.0,0.5 0.5 96.1674991535 87.8333333333 1.0 2.5 6.0
0.5 0.5 96.1674991535 87.8333333333 1.0 2.5 6.0,2,1.0,0.5 0.5 104.709478787 100.5 1.0 2.5 6.0
0.5 0.5 104.709478787 100.5 1.0 2.5 6.0,2,1.0,0.5 0.5 125.63051491 77.6666666667 1.0 2.5 6.0
0.5 0.5 125.63051491 77.6666666667 1.0 2.5 6.0,3,1.0,0.5 0.5 95.5682803853 59.1666666667 1.0 2.5 6.0
0.5 0.5 95.5682803853 59.1666666667 1.0 2.5 6.0,3,1.0,0.5 0.5 98.7428030995 73.0 1.0 2.5 6.0
0.5 0.5 98.7428030995 73.0 1.0 2.5 6.0,2,1.0,0.5 0.5 86.3716633377 126.166666667 1.0 2.5 6.0
0.5 0.5 86.3716633377 126.166666667 1.0 2.5 6.0,3,1.0,0.5 0.5 87.6097394488 88.0 1.0 2.5 6.0
0.5 0.5 87.6097394488 88.0 1.0 2.5 6.0,3,1.0,0.5 0.5 116.798487388 51.0 1.0 2.5 6.0
0.5 0.5 58.2103861713 103.833333333 1.0 2.5 6.0,3,1.0,0.5 0.5 97.629116593 109.5 1.0 2.5 6.0
0.5 0.5 97.629116593 109.5 1.0 2.5 6.0,3,1.0,0.5 0.5 87.6967140738 93.3333333333 1.0 2.5 6.0
0.5 0.5 87.6967140738 93.3333333333 1.0 2.5 6.0,3,1.0,0.5 0.5 160.535804628 74.3333333333 1.0 2.5 6.0
0.5 0.5 160.535804628 74.3333333333 1.0 2.5 6.0,2,1.0,0.5 0.5 150.785595421 93.1666666667 1.0 2.5 6.0
0.5 0.5 150.785595421 93.1666666667 1.0 2.5 6.0,3,1.0,0.5 0.5 162.78114793 75.0 1.0 2.5 6.0
0.5 0.5 162.78114793 75.0 1.0 2.5 6.0,3,1.0,0.5 0.5 121.278267183 105.333333333 1.0 2.5 6.0
0.5 0.5 121.278267183 105.333333333 1.0 2.5 6.0,3,1.0,0.5 0.5 69.0308883512 64.1666666667 1.0 2.5 6.0
0.5 0.5 69.0308883512 64.1666666667 1.0 2.5 6.0,3,1.0,0.5 0.5 84.1951831583 89.1666666667 1.0 2.5 6.0
0.5 0.5 84.1951831583 89.1666666667 1.0 2.5 6.0,3,1.0,0.5 0.5 113.873632493 85.1666666667 1.0 2.5 6.0
0.5 0.5 113.873632493 85.1666666667 1.0 2.5 6.0,3,1.0,0.5 0.5 139.819300603 76.6666666667 1.0 2.5 6.0
0.5 0.5 139.819300603 76.6666666667 1.0 2.5 6.0,3,1.0,0.5 0.5 79.1330324442 128.333333333 1.0 2.5 6.0
0.5 0.5 79.1330324442 128.333333333 1.0 2.5 6.0,3,1.0,0.5 0.5 118.99789745 98.1666666667 1.0 2.5 6.0
0.5 0.5 118.99789745 98.1666666667 1.0 2.5 6.0,3,1.0,0.5 0.5 85.5335569212 103.833333333 1.0 2.5 6.0
0.5 0.5 85.5335569212 103.833333333 1.0 2.5 6.0,3,1.0,0.5 0.5 133.540511285 81.6666666667 1.0 2.5 6.0
0.5 0.5 133.540511285 81.6666666667 1.0 2.5 6.0,3,1.0,0.5 0.5 98.0737191809 79.3333333333 1.0 2.5 6.0
1.0 1.0 62.8182015765 125.0 0.5 0.5 3.0,0,1.0,1.0 1.0 62.8182015765 125.666666667 0.5 1.0 3.0
1.0 1.0 62.8182015765 125.666666667 0.5 1.0 3.0,0,1.0,1.0 1.0 70.9446743908 84.6666666667 0.5 1.5 3.0
1.0 1.0 70.9446743908 84.6666666667 0.5 1.5 3.0,3,1.0,1.0 1.0 130.488773854 108.25 0.666666666667 1.5 4.0
1.0 1.0 130.488773854 108.25 0.666666666667 1.5 4.0,0,1.0,1.0 1.0 161.154172568 102.25 0.666666666667 2.0 4.0
1.0 1.0 161.154172568 102.25 0.666666666667 2.0 4.0,0,1.0,0.5 0.5 44.9551815905 57.5 0.666666666667 2.5 4.0
0.5 0.5 44.9551815905 57.5 0.666666666667 2.5 4.0,3,1.0,0.5 0.5 75.5519267852 68.2 0.833333333333 2.5 5.0
0.5 0.5 75.5519267852 68.2 0.833333333333 2.5 5.0,3,1.0,0.5 0.5 106.251527291 86.8333333333 1.0 2.5 6.0
0.5 0.5 106.251527291 86.8333333333 1.0 2.5 6.0,3,1.0,0.5 0.5 175.98163887 86.6666666667 1.0 2.5 6.0
0.5 0.5 175.98163887 86.6666666667 1.0 2.5 6.0,3,1.0,0.5 0.5 91.8315120746 54.5 1.0 2.5 6.0
0.5 0.5 91.8315120746 54.5 1.0 2.5 6.0,2,1.0,0.5 0.5 72.1832925633 78.5 1.0 2.5 6.0
0.5 0.5 72.1832925633 78.5 1.0 2.5 6.0,3,1.0,0.5 0.5 82.8813721579 105.833333333 1.0 2.5 6.0
0.5 0.5 82.8813721579 105.833333333 1.0 2.5 6.0,3,1.0,0.5 0.5 157.550907693 74.5 1.0 2.5 6.0
0.5 0.5 157.550907693 74.5 1.0 2.5 6.0,3,1.0,0.5 0.5 135.245576584 62.8333333333 1.0 2.5 6.0
0.5 0.5 135.245576584 62.8333333333 1.0 2.5 6.0,3,1.0,0.5 0.5 70.2388639323 79.1666666667 1.0 2.5 6.0
0.5 0.5 70.2388639323 79.1666666667 1.0 2.5 6.0,2,1.0,0.5 0.5 106.42997991 79.1666666667 1.0 2.5 6.0
0.5 0.5 164.901070968 73.4 0.833333333333 2.5 5.0,3,1.0,0.5 0.5 140.521353899 68.0 1.0 2.5 6.0
0.5 0.5 140.521353899 68.0 1.0 2.5 6.0,3,1.0,0.5 0.5 100.285110482 120.0 1.0 2.5 6.0
0.5 0.5 100.285110482 120.0 1.0 2.5 6.0,3,1.0,0.5 0.5 126.407999985 81.8333333333 1.0 2.5 6.0
0.5 0.5 126.407999985 81.8333333333 1.0 2.5 6.0,3,1.0,0.5 0.5 93.8730249657 106.666666667 1.0 2.5 6.0
0.5 0.5 93.8730249657 106.666666667 1.0 2.5 6.0,3,1.0,0.5 0.5 158.238547259 90.5 1.0 2.5 6.0
0.5 0.5 158.238547259 90.5 1.0 2.5 6.0,3,1.0,0.5 0.5 105.375589513 83.1666666667 1.0 2.5 6.0
0.5 0.5 105.375589513 83.1666666667 1.0 2.5 6.0,3,1.0,0.5 0.5 127.920162822 70.5 1.0 2.5 6.0
0.5 0.5 127.920162822 70.5 1.0 2.5 6.0,3,1.0,0.5 0.5 130.88390085 58.1666666667 1.0 2.5 6.0
0.5 0.5 130.88390085 58.1666666667 1.0 2.5 6.0,3,1.0,0.5 0.5 121.312830393 72.5 1.0 2.5 6.0
0.5 0.5 121.312830393 72.5 1.0 2.5 6.0,3,1.0,0.5 0.5 142.13117878 100.0 1.0 2.5 6.0
0.5 0.5 142.13117878 100.0 1.0 2.5 6.0,3,1.0,0.5 0.5 137.620318177 122.166666667 1.0 2.5 6.0
0.5 0.5 137.620318177 122.166666667 1.0 2.5 6.0,3,1.0,0.5 0.5 151.313057156 73.8333333333 1.0 2.5 6.0
0.5 0.5 151.313057156 73.8333333333 1.0 2.5 6.0,3,1.0,0.5 0.5 133.041189098 65.1666666667 1.0 2.5 6.0
0.5 0.5 133.041189098 65.1666666667 1.0 2.5 6.0,3,1.0,0.5 0.5 53.7029947859 61.5 1.0 2.5 6.0
0.5 0.5 53.7029947859 61.5 1.0 2.5 6.0,2,1.0,0.5 0.5 125.130726156 53.3333333333 1.0 2.5 6.0
1.0 1.0 106.821403266 118.666666667 1.0 2.0 6.0,0,1.0,0.5 0.5 119.943988281 82.6666666667 1.0 2.5 6.0
0.5 0.5 119.943988281 82.6666666667 1.0 2.5 6.0,3,1.0,0.5 0.5 83.9153084005 90.8333333333 1.0 2.5 6.0
0.5 0.5 83.9153084005 90.8333333333 1.0 2.5 6.0,3,1.0,0.5 0.5 75.2605169869 115.0 1.0 2.5 6.0
0.5 0.5 75.2605169869 115.0 1.0 2.5 6.0,3,1.0,0.5 0.5 101.181582011 60.5 1.0 2.5 6.0
0.5 0.5 101.181582011 60.5 1.0 2.5 6.0,2,1.0,0.5 0.5 50.1217252182 108.0 1.0 2.5 6.0
0.5 0.5 50.1217252182 108.0 1.0 2.5 6.0,3,1.0,0.5 0.5 65.8248366622 74.6666666667 1.0 2.5 6.0
0.5 0.5 65.8248366622 74.6666666667 1.0 2.5 6.0,3,1.0,0.5 0.5 158.263521314 100.666666667 1.0 2.5 6.0
0.5 0.5 158.263521314 100.666666667 1.0 2.5 6.0,2,1.0,0.5 0.5 58.5412857154 98.0 1.0 2.5 6.0
0.5 0.5 58.5412857154 98.0 1.0 2.5 6.0,3,1.0,0.5 0.5 135.672671052 84.8333333333 1.0 2.5 6.0
0.5 0.5 135.672671052 84.8333333333 1.0 2.5 6.0,3,1.0,0.5 0.5 97.9477485928 64.1666666667 1.0 2.5 6.0
0.5 0.5 97.9477485928 64.1666666667 1.0 2.5 6.0,2,1.0,0.5 0.5 115.979358769 88.8333333333 1.0 2.5 6.0
0.5 0.5 115.979358769 88.8333333333 1.0 2.5 6.0,3,1.0,0.5 0.5 141.596672866 114.666666667 1.0 2.5 6.0
0.5 0.5 141.596672866 114.666666667 1.0 2.5 6.0,3,1.0,0.5 0.5 109.242699965 99.3333333333 1.0 2.5 6.0
0.5 0.5 109.242699965 99.3333333333 1.0 2.5 6.0,3,1.0,0.5 0.5 117.57110402 69.8333333333 1.0 2.5 6.0
0.5 0.5 117.57110402 69.8333333333 1.0 2.5 6.0,3,1.0,0.5 0.5 98.655253157 90.6666666667 1.0 2.5 6.0
0.0 0.0 250.0 150.0 0.0 4.0 6.0,1,-1.0,0.0 0.0 250.0 150.0 0.0 3.5 6.0
0.0 0.0 250.0 150.0 0.0 3.5 6.0,1,-1.0,0.0 0.0 250.0 150.0 0.0 3.0 6.0
0.0 0.0 250.0 150.0 0.0 3.0 6.0,1,1.0,0.5 0.5 113.449252861 85.1666666667 1.0 2.5 6.0
0.5 0.5 113.449252861 85.1666666667 1.0 2.5 6.0,3,1.0,0.5 0.5 118.847759414 66.8333333333 1.0 2.5 6.0
0.5 0.5 118.847759414 66.8333333333 1.0 2.5 6.0,3,1.0,0.5 0.5 59.3297307607 65.0 1.0 2.5 6.0
0.5 0.5 59.3297307607 65.0 1.0 2.5 6.0,2,1.0,0.5 0.5 176.719041194 72.6666666667 1.0 2.5 6.0
0.5 0.5 176.719041194 72.6666666667 1.0 2.5 6.0,3,1.0,0.5 0.5 136.419706349 81.0 1.0 2.5 6.0
0.5 0.5 136.419706349 81.0 1.0 2.5 6.0,3,1.0,0.5 0.5 138.395872341 62.6666666667 1.0 2.5 6.0
0.5 0.5 138.395872341 62.6666666667 1.0 2.5 6.0,3,1.0,0.5 0.5 108.506030273 106.166666667 1.0 2.5 6.0
0.5 0.5 108.506030273 106.166666667 1.0 2.5 6.0,3,1.0,0.5 0.5 94.4814142884 90.3333333333 1.0 2.5 6.0
0.5 0.5 94.4814142884 90.3333333333 1.0 2.5 6.0,3,1.0,0.5 0.5 117.781204394 85.1666666667 1.0 2.5 6.0
0.5 0.5 117.781204394 85.1666666667 1.0 2.5 6.0,2,1.0,0.5 0.5 72.8226008555 76.6666666667 1.0 2.5 6.0
0.5 0.5 72.8226008555 76.6666666667 1.0 2.5 6.0,3,1.0,0.5 0.5 107.456786401 87.5 1.0 2.5 6.0
0.5 0.5 107.456786401 87.5 1.0 2.5 6.0,3,1.0,0.5 0.5 93.9756179375 97.5 1.0 2.5 6.0
0.5 0.5 93.9756179375 97.5 1.0 2.5 6.0,2,1.0,0.5 0.5 110.600293739 86.0 1.0 2.5 6.0
0.0 0.0 250.0 150.0 0.0 4.0 6.0,1,-1.0,0.0 0.0 250.0 150.0 0.0 3.5 6.0
0.0 0.0 250.0 150.0 0.0 3.5 6.0,1,-1.0,0.0 0.0 250.0 150.0 0.0 3.0 6.0
0.0 0.0 250.0 150.0 0.0 3.0 6.0,1,1.0,0.5 0.5 60.8072331258 48.3333333333 1.0 2.5 6.0
0.5 0.5 60.8072331258 48.3333333333 1.0 2.5 6.0,3,1.0,0.5 0.5 135.566983677 97.0 1.0 2.5 6.0
0.5 0.5 135.566983677 97.0 1.0 2.5 6.0,3,1.0,0.5 0.5 111.542886254 68.5 1.0 2.5 6.0
0.5 0.5 111.542886254 68.5 1.0 2.5 6.0,3,1.0,0.5 0.5 142.877250849 49.5 1.0 2.5 6.0
0.5 0.5 142.877250849 49.5 1.0 2.5 6.0,2,1.0,0.5 0.5 67.9104547348 139.166666667 1.0 2.5 6.0
0.5 0.5 67.9104547348 139.166666667 1.0 2.5 6.0,2,1.0,0.5 0.5 96.0400002756 61.6666666667 1.0 2.5 6.0
0.5 0.5 96.0400002756 61.6666666667 1.0 2.5 6.0,3,1.0,0.5 0.5 133.0227474 123.5 1.0 2.5 6.0
0.5 0.5 133.0227474 123.5 1.0 2.5 6.0,3,1.0,0.5 0.5 140.444425266 91.1666666667 1.0 2.5 6.0
0.5 0.5 140.444425266 91.1666666667 1.0 2.5 6.0,3,1.0,0.5 0.5 112.476816358 106.5 1.0 2.5 6.0
0.5 0.5 112.476816358 106.5 1.0 2.5 6.0,3,1.0,0.5 0.5 160.590026519 53.3333333333 1.0 2.5 6.0
0.5 0.5 160.590026519 53.3333333333 1.0 2.5 6.0,3,1.0,0.5 0.5 103.828935506 84.3333333333 1.0 2.5 6.0
0.5 0.5 103.828935506 84.3333333333 1.0 2.5 6.0,3,1.0,0.5 0.5 70.0140579423 77.5 1.0 2.5 6.0
0.5 0.5 70.0140579423 77.5 1.0 2.5 6.0,3,1.0,0.5 0.5 58.5372193902 141.5 1.0 2.5 6.0
0.0 0.0 250.0 150.0 0.0 3.5 4.0,1,-1.0,0.0 0.0 250.0 150.0 0.0 3.0 4.0
0.0 0.0 250.0 150.0 0.0 3.0 4.0,1,1.0,0.5 0.5 75.0291455328 52.0 0.666666666667 2.5 4.0
0.5 0.5 75.0291455328 52.0 0.666666666667 2.5 4.0,3,1.0,0.5 0.5 56.8721754873 29.8 0.833333333333 2.5 5.0
0.5 0.5 56.8721754873 29.8 0.833333333333 2.5 5.0,3,1.0,0.5 0.5 112.84214863 50.1666666667 1.0 2.5 6.0
0.5 0.5 112.84214863 50.1666666667 1.0 2.5 6.0,3,1.0,0.5 0.5 121.370723891 105.5 1.0 2.5 6.0
0.5 0.5 121.370723891 105.5 1.0 2.5 6.0,3,1.0,0.5 0.5 112.970939577 80.1666666667 1.0 2.5 6.0
0.5 0.5 112.970939577 80.1666666667 1.0 2.5 6.0,3,1.0,0.5 0.5 156.680366626 79.8333333333 1.0 2.5 6.0
0.5 0.5 156.680366626 79.8333333333 1.0 2.5 6.0,3,1.0,0.5 0.5 118.825907863 65.3333333333 1.0 2.5 6.0
0.5 0.5 118.825907863 65.3333333333 1.0 2.5 6.0,3,1.0,0.5 0.5 114.729703725 61.3333333333 1.0 2.5 6.0
0.5 0.5 114.729703725 61.3333333333 1.0 2.5 6.0,3,1.0,0.5 0.5 131.320494901 114.333333333 1.0 2.5 6.0
0.5 0.5 131.320494901 114.333333333 1.0 2.5 6.0,3,1.0,0.5 0.5 120.470912846 91.0 1.0 2.5 6.0
0.5 0.5 120.470912846 91.0 1.0 2.5 6.0,3,1.0,0.5 0.5 101.694748348 73.1666666667 1.0 2.5 6.0
0.5 0.5 101.694748348 73.1666666667 1.0 2.5 6.0,3,1.0,0.5 0.5 75.2882459129 70.6666666667 1.0 2.5 6.0
0.5 0.5 75.2882459129 70.6666666667 1.0 2.5 6.0,3,1.0,0.5 0.5 106.086491336 98.8333333333 1.0 2.5 6.0
0.5 0.5 106.086491336 98.8333333333 1.0 2.5 6.0,3,1.0,0.5 0.5 166.24007821 86.8333333333 1.0 2.5 6.0
1.0 1.0 71.6684192729 100.333333333 1.0 2.0 6.0,0,1.0,0.5 0.5 64.6963280703 79.3333333333 1.0 2.5 6.0
0.5 0.5 64.6963280703 79.3333333333 1.0 2.5 6.0,3,1.0,0.5 0.5 65.6918865243 120.333333333 1.0 2.5 6.0
0.5 0.5 65.6918865243 120.333333333 1.0 2.5 6.0,3,1.0,0.5 0.5 58.8031483887 48.1666666667 1.0 2.5 6.0
0.5 0.5 58.8031483887 48.1666666667 1.0 2.5 6.0,3,1.0,0.5 0.5 116.888570791 88.6666666667 1.0 2.5 6.0
0.5 0.5 116.888570791 88.6666666667 1.0 2.5 6.0,2,1.0,0.5 0.5 139.877020439 77.0 1.0 2.5 6.0
0.5 0.5 139.877020439 77.0 1.0 2.5 6.0,3,1.0,0.5 0.5 112.187974219 90.5 1.0 2.5 6.0
0.5 0.5 112.187974219 90.5 1.0 2.5 6.0,3,1.0,0.5 0.5 77.4008536494 98.3333333333 1.0 2.5 6.0
0.5 0.5 77.4008536494 98.3333333333 1.0 2.5 6.0,3,1.0,0.5 0.5 149.111732863 75.5 1.0 2.5 6.0
0.5 0.5 149.111732863 75.5 1.0 2.5 6.0,3,1.0,0.5 0.5 152.201541174 90.6666666667 1.0 2.5 6.0
0.5 0.5 152.201541174 90.6666666667 1.0 2.5 6.0,3,1.0,0.5 0.5 121.106469345 78.6666666667 1.0 2.5 6.0
0.5 0.5 121.106469345 78.6666666667 1.0 2.5 6.0,3,1.0,0.5 0.5 113.947145887 52.5 1.0 2.5 6.0
0.5 0.5 113.947145887 52.5 1.0 2.5 6.0,3,1.0,0.5 0.5 156.464677871 95.0 1.0 2.5 6.0
0.5 0.5 156.464677871 95.0 1.0 2.5 6.0,3,1.0,0.5 0.5 121.772668689 100.666666667 1.0 2.5 6.0
0.5 0.5 121.772668689 100.666666667 1.0 2.5 6.0,3,1.0,0.5 0.5 121.13620671 75.5 1.0 2.5 6.0
0.5 0.5 121.13620671 75.5 1.0 2.5 6.0,3,1.0,0.5 0.5 116.000974566 71.8333333333 1.0 2.5 6.0
0.5 0.5 56.1337263498 78.6666666667 1.0 2.5 6.0,3,1.0,0.5 0.5 80.071417495 57.5 1.0 2.5 6.0
0.5 0.5 80.071417495 57.5 1.0 2.5 6.0,3,1.0,0.5 0.5 103.498313468 93.3333333333 1.0 2.5 6.0
0.5 0.5 103.498313468 93.3333333333 1.0 2.5 6.0,3,1.0,0.5 0.5 96.7253011806 76.6666666667 1.0 2.5 6.0
0.5 0.5 96.7253011806 76.6666666667 1.0 2.5 6.0,3,1.0,0.5 0.5 133.571475539 57.5 1.0 2.5 6.0
0.5 0.5 133.571475539 57.5 1.0 2.5 6.0,3,1.0,0.5 0.5 112.20273536 88.3333333333 1.0 2.5 6.0
0.5 0.5 112.20273536 88.3333333333 1.0 2.5 6.0,3,1.0,0.5 0.5 156.437445933 78.6666666667 1.0 2.5 6.0
0.5 0.5 156.437445933 78.6666666667 1.0 2.5 6.0,3,1.0,0.5 0.5 82.3473621131 91.6666666667 1.0 2.5 6.0
0.5 0.5 82.3473621131 91.6666666667 1.0 2.5 6.0,3,1.0,0.5 0.5 76.0851249696 99.0 1.0 2.5 6.0
0.5 0.5 76.0851249696 99.0 1.0 2.5 6.0,3,1.0,0.5 0.5 105.98658191 69.0 1.0 2.5 6.0
0.5 0.5 105.98658191 69.0 1.0 2.5 6.0,2,1.0,0.5 0.5 140.550602629 118.5 1.0 2.5 6.0
0.5 0.5 140.550602629 118.5 1.0 2.5 6.0,3,1.0,0.5 0.5 89.8914147844 70.8333333333 1.0 2.5 6.0
0.5 0.5 89.8914147844 70.8333333333 1.0 2.5 6.0,2,1.0,0.5 0.5 141.109812768 101.166666667 1.0 2.5 6.0
0.5 0.5 141.109812768 101.166666667 1.0 2.5 6.0,3,1.0,0.5 0.5 139.04078659 96.0 1.0 2.5 6.0
0.5 0.5 139.04078659 96.0 1.0 2.5 6.0,3,1.0,0.5 0.5 129.711805883 100.333333333 1.0 2.5 6.0
0.5 0.5 129.711805883 100.333333333 1.0 2.5 6.0,3,1.0,0.5 0.5 92.4770361579 107.166666667 1.0 2.5 6.0
0.0 0.0 250.0 150.0 0.0 4.0 6.0,1,-1.0,0.0 0.0 250.0 150.0 0.0 3.5 6.0
0.0 0.0 250.0 150.0 0.0 3.5 6.0,1,-1.0,0.0 0.0 250.0 150.0 0.0 3.0 6.0
0.0 0.0 250.0 150.0 0.0 3.0 6.0,1,1.0,0.5 0.5 98.2533275355 41.3333333333 1.0 2.5 6.0
0.5 0.5 98.2533275355 41.3333333333 1.0 2.5 6.0,3,1.0,0.5 0.5 66.8328067158 94.5 1.0 2.5 6.0
0.5 0.5 66.8328067158 94.5 1.0 2.5 6.0,3,1.0,0.5 0.5 148.271020147 71.6666666667 1.0 2.5 6.0
0.5 0.5 148.271020147 71.6666666667 1.0 2.5 6.0,3,1.0,0.5 0.5 99.7431101016 91.8333333333 1.0 2.5 6.0
0.5 0.5 99.7431101016 91.8333333333 1.0 2.5 6.0,2,1.0,0.5 0.5 122.34311337 51.3333333333 1.0 2.5 6.0
0.5 0.5 122.34311337 51.3333333333 1.0 2.5 6.0,3,1.0,0.5 0.5 98.2273066807 96.8333333333 1.0 2.5 6.0
0.5 0.5 98.2273066807 96.8333333333 1.0 2.5 6.0,2,1.0,0.5 0.5 131.181423751 98.0 1.0 2.5 6.0
0.5 0.5 131.181423751 98.0 1.0 2.5 6.0,3,1.0,0.5 0.5 90.4818585059 93.1666666667 1.0 2.5 6.0
0.5 0.5 90.4818585059 93.1666666667 1.0 2.5 6.0,3,1.0,0.5 0.5 137.859017797 82.5 1.0 2.5 6.0
0.5 0.5 137.859017797 82.5 1.0 2.5 6.0,3,1.0,0.5 0.5 77.4975148469 71.1666666667 1.0 2.5 6.0
0.5 0.5 77.4975148469 71.1666666667 1.0 2.5 6.0,2,1.0,0.5 0.5 128.207861578 60.6666666667 1.0 2.5 6.0
0.5 0.5 128.207861578 60.6666666667 1.0 2.5 6.0,3,1.0,0.5 0.5 126.638671094 80.8333333333 1.0 2.5 6.0
0.5 0.5 126.638671094 80.8333333333 1.0 2.5 6.0,2,1.0,0.5 0.5 69.4396648583 43.1666666667 1.0 2.5 6.0
1.0 1.0 48.4084382064 36.0 0.333333333333 0.5 2.0,0,1.0,1.0 1.0 48.4084382064 30.0 0.333333333333 1.0 2.0
1.0 1.0 48.4084382064 30.0 0.333333333333 1.0 2.0,3,1.0,1.0 1.0 105.02062795 74.0 0.5 1.0 3.0
1.0 1.0 105.02062795 74.0 0.5 1.0 3.0,0,1.0,1.0 1.0 48.8273096022 60.3333333333 0.5 1.5 3.0
1.0 1.0 48.8273096022 60.3333333333 0.5 1.5 3.0,0,1.0,1.0 1.0 70.9446743908 89.6666666667 0.5 2.0 3.0
1.0 1.0 70.9446743908 89.6666666667 0.5 2.0 3.0,3,1.0,1.0 1.0 132.813854114 82.75 0.666666666667 2.0 4.0
1.0 1.0 132.813854114 82.75 0.666666666667 2.0 4.0,3,1.0,1.0 1.0 118.863255926 104.2 0.833333333333 2.0 5.0
1.0 1.0 118.863255926 104.2 0.833333333333 2.0 5.0,0,1.0,0.5 0.5 53.7509158305 32.2 0.833333333333 2.5 5.0
0.5 0.5 53.7509158305 32.2 0.833333333333 2.5 5.0,3,1.0,0.5 0.5 103.294886112 72.0 1.0 2.5 6.0
0.5 0.5 103.294886112 72.0 1.0 2.5 6.0,3,1.0,0.5 0.5 136.362983514 82.5 1.0 2.5 6.0
0.5 0.5 136.362983514 82.5 1.0 2.5 6.0,3,1.0,0.5 0.5 62.2198924728 66.8333333333 1.0 2.5 6.0
0.5 0.5 62.2198924728 66.8333333333 1.0 2.5 6.0,3,1.0,0.5 0.5 136.354959351 96.6666666667 1.0 2.5 6.0
0.5 0.5 136.354959351 96.6666666667 1.0 2.5 6.0,3,1.0,0.5 0.5 84.5303220826 64.8333333333 1.0 2.5 6.0
0.5 0.5 84.5303220826 64.8333333333 1.0 2.5 6.0,3,1.0,0.5 0.5 71.7298830699 91.3333333333 1.0 2.5 6.0
0.5 0.5 71.7298830699 91.3333333333 1.0 2.5 6.0,3,1.0,0.5 0.5 65.8049793728 79.6666666667 1.0 2.5 6.0
0.5 0.5 65.8049793728 79.6666666667 1.0 2.5 6.0,3,1.0,0.5 0.5 152.905968007 87.8333333333 1.0 2.5 6.0
1.0 1.0 112.11958892 117.166666667 1.0 1.5 6.0,0,1.0,1.0 1.0 114.267912925 114.666666667 1.0 2.0 6.0
1.0 1.0 114.267912925 114.666666667 1.0 2.0 6.0,0,1.0,0.5 0.5 130.523131017 64.8333333333 1.0 2.5 6.0
0.5 0.5 130.523131017 64.8333333333 1.0 2.5 6.0,3,1.0,0.5 0.5 102.767143694 97.1666666667 1.0 2.5 6.0
0.5 0.5 102.767143694 97.1666666667 1.0 2.5 6.0,2,1.0,0.5 0.5 98.2643665615 41.3333333333 1.0 2.5 6.0
0.5 0.5 98.2643665615 41.3333333333 1.0 2.5 6.0,3,1.0,0.5 0.5 121.517613355 64.3333333333 1.0 2.5 6.0
0.5 0.5 121.517613355 64.3333333333 1.0 2.5 6.0,3,1.0,0.5 0.5 117.163178561 91.5 1.0 2.5 6.0
0.5 0.5 117.163178561 91.5 1.0 2.5 6.0,3,1.0,0.5 0.5 92.3663270406 51.1666666667 1.0 2.5 6.0
