1.0 1.0 31.4404460932 12.0 1.0 0.5 6.0,2,1.0,1.0 1.0 31.4404460932 12.0 1.0 0.5 6.0
1.0 1.0 31.4404460932 12.0 1.0 0.5 6.0,3,1.0,1.0 1.0 40.3286890084 8.66666666667 1.0 0.5 6.0
1.0 1.0 40.3286890084 8.66666666667 1.0 0.5 6.0,4,-1.0,1.0 1.0 43.8686892976 7.6 0.833333333333 0.5 5.0
1.0 1.0 43.8686892976 7.6 0.833333333333 0.5 5.0,2,-1.0,1.0 1.0 43.8686892976 7.4 0.833333333333 0.5 5.0
1.0 1.0 43.8686892976 7.4 0.833333333333 0.5 5.0,4,-1.0,1.0 1.0 50.8390775541 6.0 0.666666666667 0.5 4.0
1.0 1.0 50.8390775541 6.0 0.666666666667 0.5 4.0,3,1.0,1.0 1.0 43.8686892976 7.4 0.833333333333 0.5 5.0
1.0 1.0 43.8686892976 7.4 0.833333333333 0.5 5.0,3,1.0,1.0 1.0 40.3286890084 8.66666666667 1.0 0.5 6.0
1.0 1.0 40.3286890084 8.66666666667 1.0 0.5 6.0,2,1.0,1.0 1.0 40.3286890084 8.33333333333 1.0 0.5 6.0
1.0 1.0 40.3286890084 8.33333333333 1.0 0.5 6.0,4,-1.0,1.0 1.0 43.8686892976 7.4 0.833333333333 0.5 5.0
1.0 1.0 43.8686892976 7.4 0.833333333333 0.5 5.0,2,-1.0,1.0 1.0 43.8686892976 7.4 0.833333333333 0.5 5.0
1.0 1.0 43.8686892976 7.4 0.833333333333 0.5 5.0,4,-1.0,1.0 1.0 50.8390775541 6.0 0.666666666667 0.5 4.0
1.0 1.0 50.8390775541 6.0 0.666666666667 0.5 4.0,4,-1.0,1.0 1.0 34.420264154 8.0 0.5 0.5 3.0
1.0 1.0 34.420264154 8.0 0.5 0.5 3.0,2,-1.0,1.0 1.0 34.420264154 8.0 0.5 0.5 3.0
1.0 1.0 34.420264154 8.0 0.5 0.5 3.0,1,-1.0,1.0 1.0 34.420264154 8.0 0.5 0.5 3.0
1.0 1.0 34.420264154 8.0 0.5 0.5 3.0,3,1.0,1.0 1.0 49.353952123 6.75 0.666666666667 0.5 4.0
1.0 1.0 29.5134786977 8.0 0.166666666667 0.5 1.0,2,-1.0,1.0 1.0 29.5134786977 8.0 0.166666666667 0.5 1.0
1.0 1.0 29.5134786977 8.0 0.166666666667 0.5 1.0,4,-1.0,1.0 1.0 29.5134786977 8.0 0.166666666667 0.5 1.0
1.0 1.0 29.5134786977 8.0 0.166666666667 0.5 1.0,4,-1.0,1.0 1.0 29.5134786977 8.0 0.166666666667 0.5 1.0
1.0 1.0 29.5134786977 8.0 0.166666666667 0.5 1.0,2,-1.0,1.0 1.0 29.5134786977 8.0 0.166666666667 0.5 1.0
1.0 1.0 29.5134786977 8.0 0.166666666667 0.5 1.0,3,1.0,1.0 1.0 31.789771501 8.0 0.333333333333 0.5 2.0
1.0 1.0 31.789771501 8.0 0.333333333333 0.5 2.0,0,1.0,1.0 1.0 31.789771501 8.0 0.333333333333 1.0 2.0
1.0 1.0 31.789771501 8.0 0.333333333333 1.0 2.0,2,-1.0,1.0 1.0 28.8195206387 9.5 0.333333333333 1.0 2.0
1.0 1.0 28.8195206387 9.5 0.333333333333 1.0 2.0,4,-1.0,1.0 1.0 29.5134786977 8.0 0.166666666667 1.0 1.0
1.0 1.0 29.5134786977 8.0 0.166666666667 1.0 1.0,2,-1.0,1.0 1.0 29.5134786977 8.0 0.166666666667 1.0 1.0
1.0 1.0 29.5134786977 8.0 0.166666666667 1.0 1.0,4,-1.0,1.0 1.0 29.5134786977 8.0 0.166666666667 1.0 1.0
1.0 1.0 29.5134786977 8.0 0.166666666667 1.0 1.0,3,1.0,1.0 1.0 31.789771501 11.0 0.333333333333 1.0 2.0
1.0 1.0 31.789771501 11.0 0.333333333333 1.0 2.0,0,1.0,1.0 1.0 31.789771501 8.0 0.333333333333 1.5 2.0
1.0 1.0 31.789771501 8.0 0.333333333333 1.5 2.0,4,-1.0,1.0 1.0 29.5134786977 8.0 0.166666666667 1.5 1.0
1.0 1.0 29.5134786977 8.0 0.166666666667 1.5 1.0,0,1.0,1.0 1.0 29.5134786977 8.0 0.166666666667 2.0 1.0
1.0 1.0 29.5134786977 8.0 0.166666666667 2.0 1.0,0,1.0,0.5 0.5 26.1877386139 8.0 0.166666666667 2.5 1.0
1.0 1.0 37.5067131814 8.0 0.666666666667 1.0 4.0,2,1.0,1.0 1.0 50.8390775541 6.0 0.666666666667 1.0 4.0
1.0 1.0 50.8390775541 6.0 0.666666666667 1.0 4.0,4,-1.0,1.0 1.0 34.420264154 8.0 0.5 1.0 3.0
1.0 1.0 34.420264154 8.0 0.5 1.0 3.0,0,1.0,1.0 1.0 34.420264154 8.0 0.5 1.5 3.0
1.0 1.0 34.420264154 8.0 0.5 1.5 3.0,0,1.0,1.0 1.0 34.420264154 8.33333333333 0.5 2.0 3.0
1.0 1.0 34.420264154 8.33333333333 0.5 2.0 3.0,3,1.0,1.0 1.0 37.5067131814 8.0 0.666666666667 2.0 4.0
1.0 1.0 37.5067131814 8.0 0.666666666667 2.0 4.0,4,-1.0,1.0 1.0 34.420264154 8.0 0.5 2.0 3.0
1.0 1.0 34.420264154 8.0 0.5 2.0 3.0,4,-1.0,1.0 1.0 31.789771501 8.0 0.333333333333 2.0 2.0
1.0 1.0 31.789771501 8.0 0.333333333333 2.0 2.0,3,1.0,1.0 1.0 34.420264154 8.0 0.5 2.0 3.0
1.0 1.0 34.420264154 8.0 0.5 2.0 3.0,1,-1.0,1.0 1.0 34.420264154 8.33333333333 0.5 1.5 3.0
1.0 1.0 34.420264154 8.33333333333 0.5 1.5 3.0,4,-1.0,1.0 1.0 31.789771501 9.0 0.333333333333 1.5 2.0
1.0 1.0 31.789771501 9.0 0.333333333333 1.5 2.0,4,-1.0,1.0 1.0 29.5134786977 8.0 0.166666666667 1.5 1.0
1.0 1.0 29.5134786977 8.0 0.166666666667 1.5 1.0,2,-1.0,1.0 1.0 29.5134786977 8.0 0.166666666667 1.5 1.0
1.0 1.0 29.5134786977 8.0 0.166666666667 1.5 1.0,1,-1.0,1.0 1.0 29.5134786977 8.0 0.166666666667 1.0 1.0
1.0 1.0 29.5134786977 8.0 0.166666666667 1.0 1.0,4,-1.0,1.0 1.0 29.5134786977 8.0 0.166666666667 1.0 1.0
1.0 1.0 29.5134786977 8.0 0.166666666667 1.0 1.0,4,-1.0,1.0 1.0 29.5134786977 8.0 0.166666666667 1.0 1.0
0.0 0.0 250.0 150.0 0.0 3.5 1.0,2,-1.0,0.0 0.0 250.0 150.0 0.0 3.5 1.0
0.0 0.0 250.0 150.0 0.0 3.5 1.0,2,-1.0,0.0 0.0 250.0 150.0 0.0 3.5 1.0
0.0 0.0 250.0 150.0 0.0 3.5 1.0,2,-1.0,0.0 0.0 250.0 150.0 0.0 3.5 1.0
0.0 0.0 250.0 150.0 0.0 3.5 1.0,3,-1.0,0.0 0.0 250.0 150.0 0.0 3.5 2.0
0.0 0.0 250.0 150.0 0.0 3.5 2.0,4,-1.0,0.0 0.0 250.0 150.0 0.0 3.5 1.0
0.0 0.0 250.0 150.0 0.0 3.5 1.0,2,-1.0,0.0 0.0 250.0 150.0 0.0 3.5 1.0
0.0 0.0 250.0 150.0 0.0 3.5 1.0,3,-1.0,0.0 0.0 250.0 150.0 0.0 3.5 2.0
0.0 0.0 250.0 150.0 0.0 3.5 2.0,2,-1.0,0.0 0.0 250.0 150.0 0.0 3.5 2.0
0.0 0.0 250.0 150.0 0.0 3.5 2.0,0,-1.0,0.0 0.0 250.0 150.0 0.0 4.0 2.0
0.0 0.0 250.0 150.0 0.0 4.0 2.0,3,-1.0,0.0 0.0 250.0 150.0 0.0 4.0 3.0
0.0 0.0 250.0 150.0 0.0 4.0 3.0,2,-1.0,0.0 0.0 250.0 150.0 0.0 4.0 3.0
0.0 0.0 250.0 150.0 0.0 4.0 3.0,0,-1.0,0.0 0.0 250.0 150.0 0.0 4.0 3.0
0.0 0.0 250.0 150.0 0.0 4.0 3.0,0,-1.0,0.0 0.0 250.0 150.0 0.0 4.0 3.0
0.0 0.0 250.0 150.0 0.0 4.0 3.0,0,-1.0,0.0 0.0 250.0 150.0 0.0 4.0 3.0
0.0 0.0 250.0 150.0 0.0 4.0 3.0,2,-1.0,0.0 0.0 250.0 150.0 0.0 4.0 3.0
1.0 1.0 34.420264154 8.0 0.5 1.0 3.0,0,1.0,1.0 1.0 34.420264154 8.0 0.5 1.5 3.0
1.0 1.0 34.420264154 8.0 0.5 1.5 3.0,1,-1.0,1.0 1.0 34.420264154 8.0 0.5 1.0 3.0
1.0 1.0 34.420264154 8.0 0.5 1.0 3.0,2,-1.0,1.0 1.0 34.420264154 8.0 0.5 1.0 3.0
1.0 1.0 34.420264154 8.0 0.5 1.0 3.0,2,-1.0,1.0 1.0 32.4400969125 9.0 0.5 1.0 3.0
1.0 1.0 32.4400969125 9.0 0.5 1.0 3.0,0,1.0,1.0 1.0 34.420264154 8.0 0.5 1.5 3.0
1.0 1.0 34.420264154 8.0 0.5 1.5 3.0,4,-1.0,1.0 1.0 31.789771501 8.0 0.333333333333 1.5 2.0
1.0 1.0 31.789771501 8.0 0.333333333333 1.5 2.0,0,1.0,1.0 1.0 31.789771501 8.0 0.333333333333 2.0 2.0
1.0 1.0 31.789771501 8.0 0.333333333333 2.0 2.0,0,1.0,0.5 0.5 62.9407345241 48.5 0.333333333333 2.5 2.0
0.5 0.5 62.9407345241 48.5 0.333333333333 2.5 2.0,0,-1.0,0.0 0.0 250.0 150.0 0.0 3.0 2.0
0.0 0.0 250.0 150.0 0.0 3.0 2.0,1,1.0,0.5 0.5 31.789771501 8.0 0.333333333333 2.5 2.0
0.5 0.5 31.789771501 8.0 0.333333333333 2.5 2.0,3,1.0,0.5 0.5 33.3116841261 8.0 0.5 2.5 3.0
0.5 0.5 33.3116841261 8.0 0.5 2.5 3.0,0,-1.0,0.0 0.0 250.0 150.0 0.0 3.0 3.0
0.0 0.0 250.0 150.0 0.0 3.0 3.0,1,1.0,0.5 0.5 55.2221056483 34.0 0.5 2.5 3.0
0.5 0.5 55.2221056483 34.0 0.5 2.5 3.0,4,-1.0,0.5 0.5 31.789771501 8.0 0.333333333333 2.5 2.0
0.5 0.5 31.789771501 8.0 0.333333333333 2.5 2.0,0,-1.0,0.0 0.0 250.0 150.0 0.0 3.0 2.0
0.0 0.0 250.0 150.0 0.0 3.5 1.0,3,-1.0,0.0 0.0 250.0 150.0 0.0 3.5 2.0
0.0 0.0 250.0 150.0 0.0 3.5 2.0,1,-1.0,0.0 0.0 250.0 150.0 0.0 3.0 2.0
0.0 0.0 250.0 150.0 0.0 3.0 2.0,3,-1.0,0.0 0.0 250.0 150.0 0.0 3.0 3.0
0.0 0.0 250.0 150.0 0.0 3.0 3.0,1,1.0,0.5 0.5 42.9872698586 34.3333333333 0.5 2.5 3.0
0.5 0.5 42.9872698586 34.3333333333 0.5 2.5 3.0,1,-1.0,1.0 1.0 34.420264154 8.0 0.5 2.0 3.0
1.0 1.0 34.420264154 8.0 0.5 2.0 3.0,4,-1.0,1.0 1.0 31.789771501 8.0 0.333333333333 2.0 2.0
1.0 1.0 31.789771501 8.0 0.333333333333 2.0 2.0,0,1.0,0.5 0.5 48.4189809198 47.0 0.333333333333 2.5 2.0
0.5 0.5 48.4189809198 47.0 0.333333333333 2.5 2.0,3,1.0,0.5 0.5 123.440973253 68.0 0.5 2.5 3.0
0.5 0.5 123.440973253 68.0 0.5 2.5 3.0,3,1.0,0.5 0.5 98.1056024248 70.5 0.666666666667 2.5 4.0
0.5 0.5 98.1056024248 70.5 0.666666666667 2.5 4.0,1,-1.0,1.0 1.0 50.8390775541 6.5 0.666666666667 2.0 4.0
1.0 1.0 50.8390775541 6.5 0.666666666667 2.0 4.0,0,1.0,0.5 0.5 69.0953554189 45.75 0.666666666667 2.5 4.0
0.5 0.5 69.0953554189 45.75 0.666666666667 2.5 4.0,0,-1.0,0.0 0.0 250.0 150.0 0.0 3.0 4.0
0.0 0.0 250.0 150.0 0.0 3.0 4.0,4,-1.0,0.0 0.0 250.0 150.0 0.0 3.0 3.0
0.0 0.0 250.0 150.0 0.0 3.0 3.0,2,-1.0,0.0 0.0 250.0 150.0 0.0 3.0 3.0
0.0 0.0 250.0 150.0 0.0 3.0 3.0,0,-1.0,0.0 0.0 250.0 150.0 0.0 3.5 3.0
0.0 0.0 250.0 150.0 0.0 4.0 4.0,2,-1.0,0.0 0.0 250.0 150.0 0.0 4.0 4.0
0.0 0.0 250.0 150.0 0.0 4.0 4.0,1,-1.0,0.0 0.0 250.0 150.0 0.0 3.5 4.0
0.0 0.0 250.0 150.0 0.0 3.5 4.0,1,-1.0,0.0 0.0 250.0 150.0 0.0 3.0 4.0
0.0 0.0 250.0 150.0 0.0 3.0 4.0,3,-1.0,0.0 0.0 250.0 150.0 0.0 3.0 5.0
0.0 0.0 250.0 150.0 0.0 3.0 5.0,2,-1.0,0.0 0.0 250.0 150.0 0.0 3.0 5.0
0.0 0.0 250.0 150.0 0.0 3.0 5.0,1,1.0,0.5 0.5 84.3815182254 60.8 0.833333333333 2.5 5.0
0.5 0.5 84.3815182254 60.8 0.833333333333 2.5 5.0,4,-1.0,0.5 0.5 69.5525759856 67.75 0.666666666667 2.5 4.0
0.5 0.5 69.5525759856 67.75 0.666666666667 2.5 4.0,3,1.0,0.5 0.5 62.7907685829 26.0 0.833333333333 2.5 5.0
0.5 0.5 62.7907685829 26.0 0.833333333333 2.5 5.0,3,1.0,0.5 0.5 40.3286890084 8.66666666667 1.0 2.5 6.0
0.5 0.5 40.3286890084 8.66666666667 1.0 2.5 6.0,2,1.0,0.5 0.5 39.3386053876 8.66666666667 1.0 2.5 6.0
0.5 0.5 39.3386053876 8.66666666667 1.0 2.5 6.0,1,-1.0,1.0 1.0 40.3286890084 8.66666666667 1.0 2.0 6.0
1.0 1.0 40.3286890084 8.66666666667 1.0 2.0 6.0,1,-1.0,1.0 1.0 40.3286890084 8.83333333333 1.0 1.5 6.0
1.0 1.0 40.3286890084 8.83333333333 1.0 1.5 6.0,1,-1.0,1.0 1.0 40.3286890084 8.66666666667 1.0 1.0 6.0
1.0 1.0 40.3286890084 8.66666666667 1.0 1.0 6.0,4,-1.0,1.0 1.0 43.8686892976 7.8 0.833333333333 1.0 5.0
1.0 1.0 43.8686892976 7.8 0.833333333333 1.0 5.0,2,-1.0,1.0 1.0 43.8686892976 7.6 0.833333333333 1.0 5.0
0.5 0.5 45.1418776517 10.3333333333 1.0 2.5 6.0,3,1.0,0.5 0.5 52.6182419601 22.0 1.0 2.5 6.0
0.5 0.5 52.6182419601 22.0 1.0 2.5 6.0,2,1.0,0.5 0.5 51.2989963334 35.0 1.0 2.5 6.0
0.5 0.5 51.2989963334 35.0 1.0 2.5 6.0,3,1.0,0.5 0.5 71.9841274372 38.5 1.0 2.5 6.0
0.5 0.5 71.9841274372 38.5 1.0 2.5 6.0,4,-1.0,0.5 0.5 50.2510355835 25.2 0.833333333333 2.5 5.0
0.5 0.5 50.2510355835 25.2 0.833333333333 2.5 5.0,1,-1.0,1.0 1.0 43.8686892976 7.6 0.833333333333 2.0 5.0
1.0 1.0 43.8686892976 7.6 0.833333333333 2.0 5.0,1,-1.0,1.0 1.0 43.8686892976 7.4 0.833333333333 1.5 5.0
1.0 1.0 43.8686892976 7.4 0.833333333333 1.5 5.0,3,1.0,1.0 1.0 40.3286890084 8.5 1.0 1.5 6.0
1.0 1.0 40.3286890084 8.5 1.0 1.5 6.0,4,-1.0,1.0 1.0 43.8686892976 7.4 0.833333333333 1.5 5.0
1.0 1.0 43.8686892976 7.4 0.833333333333 1.5 5.0,4,-1.0,1.0 1.0 50.8390775541 6.0 0.666666666667 1.5 4.0
1.0 1.0 50.8390775541 6.0 0.666666666667 1.5 4.0,1,-1.0,1.0 1.0 50.8390775541 6.0 0.666666666667 1.0 4.0
1.0 1.0 50.8390775541 6.0 0.666666666667 1.0 4.0,3,1.0,1.0 1.0 43.8686892976 7.8 0.833333333333 1.0 5.0
1.0 1.0 43.8686892976 7.8 0.833333333333 1.0 5.0,0,1.0,1.0 1.0 43.8686892976 7.8 0.833333333333 1.5 5.0
1.0 1.0 43.8686892976 7.8 0.833333333333 1.5 5.0,2,-1.0,1.0 1.0 43.8686892976 7.8 0.833333333333 1.5 5.0
1.0 1.0 43.8686892976 7.8 0.833333333333 1.5 5.0,3,1.0,1.0 1.0 40.3286890084 8.33333333333 1.0 1.5 6.0
1.0 1.0 40.3286890084 8.33333333333 1.0 1.5 6.0,2,-1.0,1.0 1.0 40.3286890084 8.5 1.0 1.5 6.0
0.0 0.0 250.0 150.0 0.0 3.5 5.0,2,-1.0,0.0 0.0 250.0 150.0 0.0 3.5 5.0
0.0 0.0 250.0 150.0 0.0 3.5 5.0,1,-1.0,0.0 0.0 250.0 150.0 0.0 3.0 5.0
0.0 0.0 250.0 150.0 0.0 3.0 5.0,1,1.0,0.5 0.5 56.476215501 86.2 0.833333333333 2.5 5.0
0.5 0.5 56.476215501 86.2 0.833333333333 2.5 5.0,3,1.0,0.5 0.5 47.8412108652 10.1666666667 1.0 2.5 6.0
0.5 0.5 47.8412108652 10.1666666667 1.0 2.5 6.0,3,1.0,0.5 0.5 58.8656174136 24.3333333333 1.0 2.5 6.0
0.5 0.5 58.8656174136 24.3333333333 1.0 2.5 6.0,3,1.0,0.5 0.5 69.6655802333 39.1666666667 1.0 2.5 6.0
0.5 0.5 69.6655802333 39.1666666667 1.0 2.5 6.0,4,-1.0,0.5 0.5 66.1130033838 26.4 0.833333333333 2.5 5.0
0.5 0.5 66.1130033838 26.4 0.833333333333 2.5 5.0,1,-1.0,1.0 1.0 43.8686892976 7.4 0.833333333333 2.0 5.0
1.0 1.0 43.8686892976 7.4 0.833333333333 2.0 5.0,3,1.0,1.0 1.0 40.3286890084 8.33333333333 1.0 2.0 6.0
1.0 1.0 40.3286890084 8.33333333333 1.0 2.0 6.0,2,-1.0,1.0 1.0 40.3286890084 8.66666666667 1.0 2.0 6.0
1.0 1.0 40.3286890084 8.66666666667 1.0 2.0 6.0,3,-1.0,1.0 1.0 40.3286890084 8.33333333333 1.0 2.0 6.0
1.0 1.0 40.3286890084 8.33333333333 1.0 2.0 6.0,2,-1.0,1.0 1.0 40.3286890084 8.66666666667 1.0 2.0 6.0
1.0 1.0 40.3286890084 8.66666666667 1.0 2.0 6.0,3,-1.0,1.0 1.0 40.3286890084 8.5 1.0 2.0 6.0
1.0 1.0 40.3286890084 8.5 1.0 2.0 6.0,3,-1.0,1.0 1.0 40.3286890084 8.5 1.0 2.0 6.0
1.0 1.0 40.3286890084 8.5 1.0 2.0 6.0,0,1.0,0.5 0.5 56.7097735894 23.1666666667 1.0 2.5 6.0
1.0 1.0 40.3286890084 8.33333333333 1.0 1.0 6.0,3,-1.0,1.0 1.0 40.3286890084 8.66666666667 1.0 1.0 6.0
1.0 1.0 40.3286890084 8.66666666667 1.0 1.0 6.0,0,1.0,1.0 1.0 40.3286890084 8.33333333333 1.0 1.5 6.0
1.0 1.0 40.3286890084 8.33333333333 1.0 1.5 6.0,3,-1.0,1.0 1.0 40.3286890084 8.33333333333 1.0 1.5 6.0
1.0 1.0 40.3286890084 8.33333333333 1.0 1.5 6.0,3,-1.0,1.0 1.0 40.3286890084 8.33333333333 1.0 1.5 6.0
1.0 1.0 40.3286890084 8.33333333333 1.0 1.5 6.0,3,-1.0,1.0 1.0 40.3286890084 8.5 1.0 1.5 6.0
1.0 1.0 40.3286890084 8.5 1.0 1.5 6.0,2,-1.0,1.0 1.0 39.3386053876 9.0 1.0 1.5 6.0
1.0 1.0 39.3386053876 9.0 1.0 1.5 6.0,2,-1.0,1.0 1.0 40.3286890084 8.5 1.0 1.5 6.0
1.0 1.0 40.3286890084 8.5 1.0 1.5 6.0,3,-1.0,1.0 1.0 40.3286890084 8.33333333333 1.0 1.5 6.0
1.0 1.0 40.3286890084 8.33333333333 1.0 1.5 6.0,3,-1.0,1.0 1.0 40.3286890084 8.5 1.0 1.5 6.0
1.0 1.0 40.3286890084 8.5 1.0 1.5 6.0,3,-1.0,1.0 1.0 40.3286890084 8.5 1.0 1.5 6.0
1.0 1.0 40.3286890084 8.5 1.0 1.5 6.0,3,-1.0,1.0 1.0 40.3286890084 8.33333333333 1.0 1.5 6.0
1.0 1.0 40.3286890084 8.33333333333 1.0 1.5 6.0,3,-1.0,1.0 1.0 40.3286890084 8.5 1.0 1.5 6.0
1.0 1.0 40.3286890084 8.5 1.0 1.5 6.0,3,-1.0,1.0 1.0 40.3286890084 8.66666666667 1.0 1.5 6.0
1.0 1.0 40.3286890084 8.66666666667 1.0 1.5 6.0,2,-1.0,1.0 1.0 40.3286890084 8.33333333333 1.0 1.5 6.0
1.0 1.0 40.3286890084 8.33333333333 1.0 1.5 6.0,3,-1.0,1.0 1.0 40.3286890084 8.5 1.0 1.5 6.0
0.5 0.5 43.8686892976 7.4 0.833333333333 2.5 5.0,1,-1.0,1.0 1.0 43.8686892976 7.4 0.833333333333 2.0 5.0
1.0 1.0 43.8686892976 7.4 0.833333333333 2.0 5.0,0,1.0,0.5 0.5 43.8686892976 7.4 0.833333333333 2.5 5.0
0.5 0.5 43.8686892976 7.4 0.833333333333 2.5 5.0,1,-1.0,1.0 1.0 43.8686892976 7.8 0.833333333333 2.0 5.0
1.0 1.0 43.8686892976 7.8 0.833333333333 2.0 5.0,0,1.0,0.5 0.5 72.7037888955 25.4 0.833333333333 2.5 5.0
0.5 0.5 72.7037888955 25.4 0.833333333333 2.5 5.0,3,1.0,0.5 0.5 68.8177446848 35.8333333333 1.0 2.5 6.0
0.5 0.5 68.8177446848 35.8333333333 1.0 2.5 6.0,3,1.0,0.5 0.5 78.4779820981 38.3333333333 1.0 2.5 6.0
0.5 0.5 78.4779820981 38.3333333333 1.0 2.5 6.0,1,-1.0,1.0 1.0 40.3286890084 8.33333333333 1.0 2.0 6.0
1.0 1.0 40.3286890084 8.33333333333 1.0 2.0 6.0,0,1.0,0.5 0.5 65.75490134 62.6666666667 1.0 2.5 6.0
0.5 0.5 65.75490134 62.6666666667 1.0 2.5 6.0,1,-1.0,1.0 1.0 40.3286890084 8.66666666667 1.0 2.0 6.0
1.0 1.0 40.3286890084 8.66666666667 1.0 2.0 6.0,0,1.0,0.5 0.5 81.5091037345 51.1666666667 1.0 2.5 6.0
0.5 0.5 81.5091037345 51.1666666667 1.0 2.5 6.0,2,1.0,0.5 0.5 48.3466441269 23.3333333333 1.0 2.5 6.0
0.5 0.5 48.3466441269 23.3333333333 1.0 2.5 6.0,2,1.0,0.5 0.5 57.9338646723 36.0 1.0 2.5 6.0
0.5 0.5 57.9338646723 36.0 1.0 2.5 6.0,3,1.0,0.5 0.5 69.1711273166 23.3333333333 1.0 2.5 6.0
0.5 0.5 69.1711273166 23.3333333333 1.0 2.5 6.0,3,1.0,0.5 0.5 40.3286890084 8.33333333333 1.0 2.5 6.0
0.5 0.5 40.3286890084 8.33333333333 1.0 2.5 6.0,2,1.0,0.5 0.5 60.7118694579 39.3333333333 1.0 2.5 6.0
1.0 1.0 34.420264154 8.0 0.5 1.0 3.0,0,1.0,1.0 1.0 34.420264154 8.0 0.5 1.5 3.0
1.0 1.0 34.420264154 8.0 0.5 1.5 3.0,3,1.0,1.0 1.0 49.353952123 6.5 0.666666666667 1.5 4.0
1.0 1.0 49.353952123 6.5 0.666666666667 1.5 4.0,0,1.0,1.0 1.0 50.8390775541 6.0 0.666666666667 2.0 4.0
1.0 1.0 50.8390775541 6.0 0.666666666667 2.0 4.0,3,1.0,1.0 1.0 43.8686892976 7.4 0.833333333333 2.0 5.0
1.0 1.0 43.8686892976 7.4 0.833333333333 2.0 5.0,3,1.0,1.0 1.0 40.3286890084 8.33333333333 1.0 2.0 6.0
1.0 1.0 40.3286890084 8.33333333333 1.0 2.0 6.0,0,1.0,0.5 0.5 79.346722298 38.3333333333 1.0 2.5 6.0
0.5 0.5 79.346722298 38.3333333333 1.0 2.5 6.0,3,1.0,0.5 0.5 45.6473109134 23.6666666667 1.0 2.5 6.0
0.5 0.5 45.6473109134 23.6666666667 1.0 2.5 6.0,2,1.0,0.5 0.5 56.8058027928 39.8333333333 1.0 2.5 6.0
0.5 0.5 56.8058027928 39.8333333333 1.0 2.5 6.0,3,1.0,0.5 0.5 52.3707367914 35.8333333333 1.0 2.5 6.0
0.5 0.5 52.3707367914 35.8333333333 1.0 2.5 6.0,3,1.0,0.5 0.5 47.7804490939 10.3333333333 1.0 2.5 6.0
0.5 0.5 47.7804490939 10.3333333333 1.0 2.5 6.0,2,1.0,0.5 0.5 40.3286890084 8.5 1.0 2.5 6.0
0.5 0.5 40.3286890084 8.5 1.0 2.5 6.0,2,1.0,0.5 0.5 90.2268840111 64.3333333333 1.0 2.5 6.0
0.5 0.5 90.2268840111 64.3333333333 1.0 2.5 6.0,3,1.0,0.5 0.5 46.7846670523 37.0 1.0 2.5 6.0
0.5 0.5 46.7846670523 37.0 1.0 2.5 6.0,2,1.0,0.5 0.5 66.0768281336 59.1666666667 1.0 2.5 6.0
0.5 0.5 66.0768281336 59.1666666667 1.0 2.5 6.0,3,1.0,0.5 0.5 74.7590273058 64.8333333333 1.0 2.5 6.0
1.0 1.0 40.3286890084 8.83333333333 1.0 0.5 6.0,2,-1.0,1.0 1.0 40.3286890084 8.33333333333 1.0 0.5 6.0
1.0 1.0 40.3286890084 8.33333333333 1.0 0.5 6.0,0,1.0,1.0 1.0 40.3286890084 8.33333333333 1.0 1.0 6.0
1.0 1.0 40.3286890084 8.33333333333 1.0 1.0 6.0,1,-1.0,1.0 1.0 40.3286890084 8.33333333333 1.0 0.5 6.0
1.0 1.0 40.3286890084 8.33333333333 1.0 0.5 6.0,0,1.0,1.0 1.0 40.3286890084 8.33333333333 1.0 1.0 6.0
1.0 1.0 40.3286890084 8.33333333333 1.0 1.0 6.0,0,1.0,1.0 1.0 40.3286890084 8.33333333333 1.0 1.5 6.0
1.0 1.0 40.3286890084 8.33333333333 1.0 1.5 6.0,0,1.0,1.0 1.0 40.3286890084 8.66666666667 1.0 2.0 6.0
1.0 1.0 40.3286890084 8.66666666667 1.0 2.0 6.0,0,1.0,0.5 0.5 57.2363608875 36.3333333333 1.0 2.5 6.0
0.5 0.5 57.2363608875 36.3333333333 1.0 2.5 6.0,3,1.0,0.5 0.5 52.6182419601 23.1666666667 1.0 2.5 6.0
0.5 0.5 52.6182419601 23.1666666667 1.0 2.5 6.0,0,-1.0,0.0 0.0 250.0 150.0 0.0 3.0 6.0
0.0 0.0 250.0 150.0 0.0 3.0 6.0,1,1.0,0.5 0.5 74.2674290664 39.0 1.0 2.5 6.0
0.5 0.5 74.2674290664 39.0 1.0 2.5 6.0,2,1.0,0.5 0.5 72.0791128902 64.5 1.0 2.5 6.0
0.5 0.5 72.0791128902 64.5 1.0 2.5 6.0,3,1.0,0.5 0.5 62.751823641 37.0 1.0 2.5 6.0
0.5 0.5 62.751823641 37.0 1.0 2.5 6.0,3,1.0,0.5 0.5 59.7869370818 40.1666666667 1.0 2.5 6.0
0.5 0.5 59.7869370818 40.1666666667 1.0 2.5 6.0,3,1.0,0.5 0.5 58.8656174136 22.6666666667 1.0 2.5 6.0
0.5 0.5 58.8656174136 22.6666666667 1.0 2.5 6.0,3,1.0,0.5 0.5 69.1112902193 39.1666666667 1.0 2.5 6.0
1.0 1.0 40.3286890084 8.5 1.0 1.5 6.0,0,1.0,1.0 1.0 40.3286890084 8.66666666667 1.0 2.0 6.0
1.0 1.0 40.3286890084 8.66666666667 1.0 2.0 6.0,0,1.0,0.5 0.5 52.6182419601 21.6666666667 1.0 2.5 6.0
0.5 0.5 52.6182419601 21.6666666667 1.0 2.5 6.0,1,-1.0,1.0 1.0 40.3286890084 8.33333333333 1.0 2.0 6.0
1.0 1.0 40.3286890084 8.33333333333 1.0 2.0 6.0,0,1.0,0.5 0.5 40.2798322561 21.3333333333 1.0 2.5 6.0
0.5 0.5 40.2798322561 21.3333333333 1.0 2.5 6.0,4,-1.0,0.5 0.5 55.449867109 25.6 0.833333333333 2.5 5.0
0.5 0.5 55.449867109 25.6 0.833333333333 2.5 5.0,3,1.0,0.5 0.5 46.3771920763 33.5 1.0 2.5 6.0
0.5 0.5 46.3771920763 33.5 1.0 2.5 6.0,2,1.0,0.5 0.5 65.6010447253 39.1666666667 1.0 2.5 6.0
0.5 0.5 65.6010447253 39.1666666667 1.0 2.5 6.0,4,-1.0,0.5 0.5 43.8686892976 7.4 0.833333333333 2.5 5.0
0.5 0.5 43.8686892976 7.4 0.833333333333 2.5 5.0,3,1.0,0.5 0.5 63.6876940084 54.3333333333 1.0 2.5 6.0
0.5 0.5 63.6876940084 54.3333333333 1.0 2.5 6.0,3,1.0,0.5 0.5 47.5329439251 22.6666666667 1.0 2.5 6.0
0.5 0.5 47.5329439251 22.6666666667 1.0 2.5 6.0,4,-1.0,0.5 0.5 53.4173213142 25.4 0.833333333333 2.5 5.0
0.5 0.5 53.4173213142 25.4 0.833333333333 2.5 5.0,3,1.0,0.5 0.5 45.6473109134 23.1666666667 1.0 2.5 6.0
0.5 0.5 45.6473109134 23.1666666667 1.0 2.5 6.0,1,-1.0,1.0 1.0 40.3286890084 8.83333333333 1.0 2.0 6.0
1.0 1.0 40.3286890084 8.83333333333 1.0 2.0 6.0,0,1.0,0.5 0.5 70.6879912577 49.5 1.0 2.5 6.0
0.5 0.5 70.6879912577 49.5 1.0 2.5 6.0,3,1.0,0.5 0.5 58.8656174136 23.0 1.0 2.5 6.0
1.0 1.0 40.3286890084 8.33333333333 1.0 1.5 6.0,0,1.0,1.0 1.0 40.3286890084 8.33333333333 1.0 2.0 6.0
1.0 1.0 40.3286890084 8.33333333333 1.0 2.0 6.0,0,1.0,0.5 0.5 40.3286890084 8.5 1.0 2.5 6.0
0.5 0.5 40.3286890084 8.5 1.0 2.5 6.0,3,1.0,0.5 0.5 60.0609384413 53.8333333333 1.0 2.5 6.0
0.5 0.5 60.0609384413 53.8333333333 1.0 2.5 6.0,3,1.0,0.5 0.5 63.3013433296 38.1666666667 1.0 2.5 6.0
0.5 0.5 63.3013433296 38.1666666667 1.0 2.5 6.0,3,1.0,0.5 0.5 72.7823766185 57.5 1.0 2.5 6.0
0.5 0.5 72.7823766185 57.5 1.0 2.5 6.0,3,1.0,0.5 0.5 45.1664818746 21.5 1.0 2.5 6.0
0.5 0.5 45.1664818746 21.5 1.0 2.5 6.0,3,1.0,0.5 0.5 71.4462892801 37.8333333333 1.0 2.5 6.0
0.5 0.5 71.4462892801 37.8333333333 1.0 2.5 6.0,0,-1.0,0.0 0.0 250.0 150.0 0.0 3.0 6.0
0.0 0.0 250.0 150.0 0.0 3.0 6.0,1,1.0,0.5 0.5 51.7277513495 38.3333333333 1.0 2.5 6.0
0.5 0.5 51.7277513495 38.3333333333 1.0 2.5 6.0,3,1.0,0.5 0.5 47.5329439251 23.1666666667 1.0 2.5 6.0
0.5 0.5 47.5329439251 23.1666666667 1.0 2.5 6.0,3,1.0,0.5 0.5 68.6130585352 37.0 1.0 2.5 6.0
0.5 0.5 68.6130585352 37.0 1.0 2.5 6.0,3,1.0,0.5 0.5 63.9126159108 39.3333333333 1.0 2.5 6.0
0.5 0.5 63.9126159108 39.3333333333 1.0 2.5 6.0,3,1.0,0.5 0.5 78.0948944278 51.0 1.0 2.5 6.0
0.5 0.5 78.0948944278 51.0 1.0 2.5 6.0,3,1.0,0.5 0.5 87.1177082723 66.5 1.0 2.5 6.0
0.5 0.5 87.1177082723 66.5 1.0 2.5 6.0,4,-1.0,0.5 0.5 43.2035412808 7.6 0.833333333333 2.5 5.0
0.0 0.0 250.0 150.0 0.0 4.0 5.0,1,-1.0,0.0 0.0 250.0 150.0 0.0 3.5 5.0
0.0 0.0 250.0 150.0 0.0 3.5 5.0,1,-1.0,0.0 0.0 250.0 150.0 0.0 3.0 5.0
0.0 0.0 250.0 150.0 0.0 3.0 5.0,1,1.0,0.5 0.5 94.1662443849 62.8 0.833333333333 2.5 5.0
0.5 0.5 94.1662443849 62.8 0.833333333333 2.5 5.0,3,1.0,0.5 0.5 63.921149451 39.3333333333 1.0 2.5 6.0
0.5 0.5 63.921149451 39.3333333333 1.0 2.5 6.0,3,1.0,0.5 0.5 48.2858823556 21.5 1.0 2.5 6.0
0.5 0.5 48.2858823556 21.5 1.0 2.5 6.0,3,1.0,0.5 0.5 51.413857328 22.8333333333 1.0 2.5 6.0
0.5 0.5 51.413857328 22.8333333333 1.0 2.5 6.0,3,1.0,0.5 0.5 70.9020261131 35.6666666667 1.0 2.5 6.0
0.5 0.5 70.9020261131 35.6666666667 1.0 2.5 6.0,3,1.0,0.5 0.5 54.6254921611 23.5 1.0 2.5 6.0
0.5 0.5 54.6254921611 23.5 1.0 2.5 6.0,3,1.0,0.5 0.5 56.7705353607 23.1666666667 1.0 2.5 6.0
0.5 0.5 56.7705353607 23.1666666667 1.0 2.5 6.0,3,1.0,0.5 0.5 56.0970884128 23.3333333333 1.0 2.5 6.0
0.5 0.5 56.0970884128 23.3333333333 1.0 2.5 6.0,3,1.0,0.5 0.5 40.3286890084 8.5 1.0 2.5 6.0
0.5 0.5 40.3286890084 8.5 1.0 2.5 6.0,3,1.0,0.5 0.5 83.2911707414 39.6666666667 1.0 2.5 6.0
0.5 0.5 83.2911707414 39.6666666667 1.0 2.5 6.0,3,1.0,0.5 0.5 82.0318549782 53.0 1.0 2.5 6.0
0.5 0.5 82.0318549782 53.0 1.0 2.5 6.0,3,1.0,0.5 0.5 67.0289298288 52.8333333333 1.0 2.5 6.0
0.5 0.5 67.0289298288 52.8333333333 1.0 2.5 6.0,3,1.0,0.5 0.5 40.83412227 22.1666666667 1.0 2.5 6.0
1.0 1.0 43.8686892976 7.6 0.833333333333 2.0 5.0,3,1.0,1.0 1.0 40.3286890084 8.33333333333 1.0 2.0 6.0
1.0 1.0 40.3286890084 8.33333333333 1.0 2.0 6.0,0,1.0,0.5 0.5 40.3286890084 8.5 1.0 2.5 6.0
0.5 0.5 40.3286890084 8.5 1.0 2.5 6.0,3,1.0,0.5 0.5 47.7923541129 23.1666666667 1.0 2.5 6.0
0.5 0.5 47.7923541129 23.1666666667 1.0 2.5 6.0,3,1.0,0.5 0.5 73.1947103426 52.0 1.0 2.5 6.0
0.5 0.5 73.1947103426 52.0 1.0 2.5 6.0,3,1.0,0.5 0.5 56.8980702651 38.3333333333 1.0 2.5 6.0
0.5 0.5 56.8980702651 38.3333333333 1.0 2.5 6.0,3,1.0,0.5 0.5 63.6872083432 39.1666666667 1.0 2.5 6.0
0.5 0.5 63.6872083432 39.1666666667 1.0 2.5 6.0,3,1.0,0.5 0.5 67.0656039483 22.1666666667 1.0 2.5 6.0
0.5 0.5 67.0656039483 22.1666666667 1.0 2.5 6.0,1,-1.0,1.0 1.0 40.3286890084 8.83333333333 1.0 2.0 6.0
1.0 1.0 40.3286890084 8.83333333333 1.0 2.0 6.0,0,1.0,0.5 0.5 56.0770303381 36.3333333333 1.0 2.5 6.0
0.5 0.5 56.0770303381 36.3333333333 1.0 2.5 6.0,3,1.0,0.5 0.5 84.0358486802 65.0 1.0 2.5 6.0
0.5 0.5 84.0358486802 65.0 1.0 2.5 6.0,3,1.0,0.5 0.5 76.2795090968 40.5 1.0 2.5 6.0
0.5 0.5 76.2795090968 40.5 1.0 2.5 6.0,3,1.0,0.5 0.5 47.7804490939 8.83333333333 1.0 2.5 6.0
0.5 0.5 47.7804490939 8.83333333333 1.0 2.5 6.0,3,1.0,0.5 0.5 58.735659855 23.0 1.0 2.5 6.0
0.5 0.5 58.735659855 23.0 1.0 2.5 6.0,3,1.0,0.5 0.5 67.0274265759 38.3333333333 1.0 2.5 6.0
0.5 0.5 67.0274265759 38.3333333333 1.0 2.5 6.0,3,1.0,0.5 0.5 57.0675272909 51.6666666667 1.0 2.5 6.0
1.0 1.0 40.3286890084 9.0 1.0 1.5 6.0,0,1.0,1.0 1.0 40.3286890084 8.33333333333 1.0 2.0 6.0
1.0 1.0 40.3286890084 8.33333333333 1.0 2.0 6.0,0,1.0,0.5 0.5 39.7743989944 8.66666666667 1.0 2.5 6.0
0.5 0.5 39.7743989944 8.66666666667 1.0 2.5 6.0,3,1.0,0.5 0.5 52.1247137174 22.6666666667 1.0 2.5 6.0
0.5 0.5 52.1247137174 22.6666666667 1.0 2.5 6.0,3,1.0,0.5 0.5 88.1584517694 54.5 1.0 2.5 6.0
0.5 0.5 88.1584517694 54.5 1.0 2.5 6.0,3,1.0,0.5 0.5 63.5895521949 38.1666666667 1.0 2.5 6.0
0.5 0.5 63.5895521949 38.1666666667 1.0 2.5 6.0,3,1.0,0.5 0.5 59.6138438627 23.1666666667 1.0 2.5 6.0
0.5 0.5 59.6138438627 23.1666666667 1.0 2.5 6.0,3,1.0,0.5 0.5 40.3286890084 8.33333333333 1.0 2.5 6.0
0.5 0.5 40.3286890084 8.33333333333 1.0 2.5 6.0,3,1.0,0.5 0.5 75.2588579056 50.6666666667 1.0 2.5 6.0
0.5 0.5 75.2588579056 50.6666666667 1.0 2.5 6.0,3,1.0,0.5 0.5 66.6827058117 38.1666666667 1.0 2.5 6.0
0.5 0.5 66.6827058117 38.1666666667 1.0 2.5 6.0,3,1.0,0.5 0.5 84.7253575516 39.0 1.0 2.5 6.0
0.5 0.5 84.7253575516 39.0 1.0 2.5 6.0,3,1.0,0.5 0.5 64.7765854602 23.5 1.0 2.5 6.0
0.5 0.5 64.7765854602 23.5 1.0 2.5 6.0,3,1.0,0.5 0.5 71.8704605302 24.1666666667 1.0 2.5 6.0
0.5 0.5 71.8704605302 24.1666666667 1.0 2.5 6.0,3,1.0,0.5 0.5 40.3286890084 8.33333333333 1.0 2.5 6.0
0.5 0.5 40.3286890084 8.33333333333 1.0 2.5 6.0,3,1.0,0.5 0.5 59.9210973959 38.5 1.0 2.5 6.0
0.5 0.5 59.9210973959 38.5 1.0 2.5 6.0,3,1.0,0.5 0.5 81.2010413229 50.6666666667 1.0 2.5 6.0
0.0 0.0 250.0 150.0 0.0 3.0 6.0,1,1.0,0.5 0.5 51.7885131207 37.0 1.0 2.5 6.0
0.5 0.5 51.7885131207 37.0 1.0 2.5 6.0,3,1.0,0.5 0.5 78.720225968 53.6666666667 1.0 2.5 6.0
0.5 0.5 78.720225968 53.6666666667 1.0 2.5 6.0,3,1.0,0.5 0.5 62.7337768346 37.5 1.0 2.5 6.0
0.5 0.5 62.7337768346 37.5 1.0 2.5 6.0,3,1.0,0.5 0.5 62.8663787403 38.0 1.0 2.5 6.0
0.5 0.5 62.8663787403 38.0 1.0 2.5 6.0,3,1.0,0.5 0.5 61.8432478812 37.0 1.0 2.5 6.0
0.5 0.5 61.8432478812 37.0 1.0 2.5 6.0,3,1.0,0.5 0.5 70.9962581978 35.5 1.0 2.5 6.0
0.5 0.5 70.9962581978 35.5 1.0 2.5 6.0,3,1.0,0.5 0.5 52.6182419601 22.6666666667 1.0 2.5 6.0
0.5 0.5 52.6182419601 22.6666666667 1.0 2.5 6.0,3,1.0,0.5 0.5 58.1261376402 38.3333333333 1.0 2.5 6.0
0.5 0.5 58.1261376402 38.3333333333 1.0 2.5 6.0,3,1.0,0.5 0.5 64.4683185201 38.8333333333 1.0 2.5 6.0
0.5 0.5 64.4683185201 38.8333333333 1.0 2.5 6.0,3,1.0,0.5 0.5 56.0970884128 23.1666666667 1.0 2.5 6.0
0.5 0.5 56.0970884128 23.1666666667 1.0 2.5 6.0,3,1.0,0.5 0.5 70.591797833 37.3333333333 1.0 2.5 6.0
0.5 0.5 70.591797833 37.3333333333 1.0 2.5 6.0,3,1.0,0.5 0.5 76.3826991081 54.0 1.0 2.5 6.0
0.5 0.5 76.3826991081 54.0 1.0 2.5 6.0,2,1.0,0.5 0.5 66.381816264 51.6666666667 1.0 2.5 6.0
0.5 0.5 66.381816264 51.6666666667 1.0 2.5 6.0,3,1.0,0.5 0.5 69.3573233762 39.6666666667 1.0 2.5 6.0
0.5 0.5 69.3573233762 39.6666666667 1.0 2.5 6.0,3,1.0,0.5 0.5 45.1664818746 22.1666666667 1.0 2.5 6.0
0.0 0.0 250.0 150.0 0.0 3.5 3.0,1,-1.0,0.0 0.0 250.0 150.0 0.0 3.0 3.0
0.0 0.0 250.0 150.0 0.0 3.0 3.0,1,1.0,0.5 0.5 72.9905738628 37.3333333333 0.5 2.5 3.0
0.5 0.5 72.9905738628 37.3333333333 0.5 2.5 3.0,3,1.0,0.5 0.5 65.0644993183 26.0 0.666666666667 2.5 4.0
0.5 0.5 65.0644993183 26.0 0.666666666667 2.5 4.0,3,1.0,0.5 0.5 81.6546812478 45.2 0.833333333333 2.5 5.0
0.5 0.5 81.6546812478 45.2 0.833333333333 2.5 5.0,3,1.0,0.5 0.5 64.1105578795 25.5 1.0 2.5 6.0
0.5 0.5 64.1105578795 25.5 1.0 2.5 6.0,3,1.0,0.5 0.5 53.3293051597 38.0 1.0 2.5 6.0
0.5 0.5 53.3293051597 38.0 1.0 2.5 6.0,3,1.0,0.5 0.5 82.7400478002 51.1666666667 1.0 2.5 6.0
0.5 0.5 82.7400478002 51.1666666667 1.0 2.5 6.0,3,1.0,0.5 0.5 47.7804490939 11.0 1.0 2.5 6.0
0.5 0.5 47.7804490939 11.0 1.0 2.5 6.0,3,1.0,0.5 0.5 67.3686095895 40.3333333333 1.0 2.5 6.0
0.5 0.5 67.3686095895 40.3333333333 1.0 2.5 6.0,3,1.0,0.5 0.5 42.0239844145 51.3333333333 1.0 2.5 6.0
0.5 0.5 42.0239844145 51.3333333333 1.0 2.5 6.0,3,1.0,0.5 0.5 45.1418776517 10.3333333333 1.0 2.5 6.0
0.5 0.5 45.1418776517 10.3333333333 1.0 2.5 6.0,3,1.0,0.5 0.5 47.5329439251 23.1666666667 1.0 2.5 6.0
0.5 0.5 47.5329439251 23.1666666667 1.0 2.5 6.0,3,1.0,0.5 0.5 100.206429705 41.5 1.0 2.5 6.0
0.5 0.5 100.206429705 41.5 1.0 2.5 6.0,3,1.0,0.5 0.5 73.5913324796 37.8333333333 1.0 2.5 6.0
0.5 0.5 73.5913324796 37.8333333333 1.0 2.5 6.0,3,1.0,0.5 0.5 51.5453285071 39.5 1.0 2.5 6.0
1.0 1.0 43.8686892976 7.8 0.833333333333 1.5 5.0,0,1.0,1.0 1.0 43.8686892976 7.6 0.833333333333 2.0 5.0
1.0 1.0 43.8686892976 7.6 0.833333333333 2.0 5.0,3,1.0,1.0 1.0 40.3286890084 8.5 1.0 2.0 6.0
1.0 1.0 40.3286890084 8.5 1.0 2.0 6.0,0,1.0,0.5 0.5 77.4492582893 39.0 1.0 2.5 6.0
0.5 0.5 77.4492582893 39.0 1.0 2.5 6.0,3,1.0,0.5 0.5 56.0970884128 22.0 1.0 2.5 6.0
0.5 0.5 56.0970884128 22.0 1.0 2.5 6.0,3,1.0,0.5 0.5 39.7743989944 8.5 1.0 2.5 6.0
0.5 0.5 39.7743989944 8.5 1.0 2.5 6.0,3,1.0,0.5 0.5 64.6881209731 37.0 1.0 2.5 6.0
0.5 0.5 64.6881209731 37.0 1.0 2.5 6.0,3,1.0,0.5 0.5 56.5527837255 39.6666666667 1.0 2.5 6.0
0.5 0.5 56.5527837255 39.6666666667 1.0 2.5 6.0,3,1.0,0.5 0.5 84.1647882924 55.8333333333 1.0 2.5 6.0
0.5 0.5 84.1647882924 55.8333333333 1.0 2.5 6.0,3,1.0,0.5 0.5 56.0970884128 23.3333333333 1.0 2.5 6.0
0.5 0.5 56.0970884128 23.3333333333 1.0 2.5 6.0,3,1.0,0.5 0.5 40.3286890084 8.5 1.0 2.5 6.0
0.5 0.5 40.3286890084 8.5 1.0 2.5 6.0,3,1.0,0.5 0.5 75.9592764903 57.5 1.0 2.5 6.0
0.5 0.5 75.9592764903 57.5 1.0 2.5 6.0,3,1.0,0.5 0.5 76.6467411682 37.6666666667 1.0 2.5 6.0
0.5 0.5 76.6467411682 37.6666666667 1.0 2.5 6.0,3,1.0,0.5 0.5 45.6473109134 23.1666666667 1.0 2.5 6.0
0.5 0.5 45.6473109134 23.1666666667 1.0 2.5 6.0,3,1.0,0.5 0.5 54.686247817 49.6666666667 1.0 2.5 6.0
0.5 0.5 54.686247817 49.6666666667 1.0 2.5 6.0,3,1.0,0.5 0.5 61.3152271544 36.3333333333 1.0 2.5 6.0
1.0 1.0 40.3286890084 8.5 1.0 1.0 6.0,0,1.0,1.0 1.0 40.3286890084 8.66666666667 1.0 1.5 6.0
1.0 1.0 40.3286890084 8.66666666667 1.0 1.5 6.0,0,1.0,1.0 1.0 40.3286890084 8.33333333333 1.0 2.0 6.0
1.0 1.0 40.3286890084 8.33333333333 1.0 2.0 6.0,0,1.0,0.5 0.5 58.7964216263 23.3333333333 1.0 2.5 6.0
0.5 0.5 58.7964216263 23.3333333333 1.0 2.5 6.0,3,1.0,0.5 0.5 59.6244092917 51.3333333333 1.0 2.5 6.0
0.5 0.5 59.6244092917 51.3333333333 1.0 2.5 6.0,3,1.0,0.5 0.5 81.0149729065 40.5 1.0 2.5 6.0
0.5 0.5 81.0149729065 40.5 1.0 2.5 6.0,2,1.0,0.5 0.5 45.1664818746 21.5 1.0 2.5 6.0
0.5 0.5 45.1664818746 21.5 1.0 2.5 6.0,3,1.0,0.5 0.5 64.1066543005 38.8333333333 1.0 2.5 6.0
0.5 0.5 64.1066543005 38.8333333333 1.0 2.5 6.0,3,1.0,0.5 0.5 63.7395678282 26.0 1.0 2.5 6.0
0.5 0.5 63.7395678282 26.0 1.0 2.5 6.0,3,1.0,0.5 0.5 65.3856247578 37.0 1.0 2.5 6.0
0.5 0.5 65.3856247578 37.0 1.0 2.5 6.0,3,1.0,0.5 0.5 57.3248253746 23.3333333333 1.0 2.5 6.0
0.5 0.5 57.3248253746 23.3333333333 1.0 2.5 6.0,3,1.0,0.5 0.5 47.8412108652 10.1666666667 1.0 2.5 6.0
0.5 0.5 47.8412108652 10.1666666667 1.0 2.5 6.0,3,1.0,0.5 0.5 80.7447098715 63.8333333333 1.0 2.5 6.0
0.5 0.5 80.7447098715 63.8333333333 1.0 2.5 6.0,2,1.0,0.5 0.5 50.177620156 26.6666666667 1.0 2.5 6.0
0.5 0.5 50.177620156 26.6666666667 1.0 2.5 6.0,3,1.0,0.5 0.5 49.9796705179 23.3333333333 1.0 2.5 6.0
0.5 0.5 49.9796705179 23.3333333333 1.0 2.5 6.0,3,1.0,0.5 0.5 39.0758796067 34.5 1.0 2.5 6.0
0.5 0.5 50.7296097555 21.5 1.0 2.5 6.0,3,1.0,0.5 0.5 67.3686095895 39.5 1.0 2.5 6.0
0.5 0.5 67.3686095895 39.5 1.0 2.5 6.0,3,1.0,0.5 0.5 58.3848371971 54.5 1.0 2.5 6.0
0.5 0.5 58.3848371971 54.5 1.0 2.5 6.0,3,1.0,0.5 0.5 82.6096615786 39.5 1.0 2.5 6.0
0.5 0.5 82.6096615786 39.5 1.0 2.5 6.0,3,1.0,0.5 0.5 47.8412108652 10.1666666667 1.0 2.5 6.0
0.5 0.5 47.8412108652 10.1666666667 1.0 2.5 6.0,3,1.0,0.5 0.5 71.0853260757 37.1666666667 1.0 2.5 6.0
0.5 0.5 71.0853260757 37.1666666667 1.0 2.5 6.0,3,1.0,0.5 0.5 45.1932975016 36.3333333333 1.0 2.5 6.0
0.5 0.5 45.1932975016 36.3333333333 1.0 2.5 6.0,3,1.0,0.5 0.5 59.0043757145 51.5 1.0 2.5 6.0
0.5 0.5 59.0043757145 51.5 1.0 2.5 6.0,3,1.0,0.5 0.5 45.1628073273 23.1666666667 1.0 2.5 6.0
0.5 0.5 45.1628073273 23.1666666667 1.0 2.5 6.0,3,1.0,0.5 0.5 68.9902440228 36.1666666667 1.0 2.5 6.0
0.5 0.5 68.9902440228 36.1666666667 1.0 2.5 6.0,3,1.0,0.5 0.5 42.24413684 24.5 1.0 2.5 6.0
0.5 0.5 42.24413684 24.5 1.0 2.5 6.0,3,1.0,0.5 0.5 68.76698724 37.8333333333 1.0 2.5 6.0
0.5 0.5 68.76698724 37.8333333333 1.0 2.5 6.0,3,1.0,0.5 0.5 55.5637280744 36.0 1.0 2.5 6.0
0.5 0.5 55.5637280744 36.0 1.0 2.5 6.0,3,1.0,0.5 0.5 60.0401074214 38.1666666667 1.0 2.5 6.0
0.5 0.5 60.0401074214 38.1666666667 1.0 2.5 6.0,3,1.0,0.5 0.5 63.6096102696 25.0 1.0 2.5 6.0
0.5 0.5 63.6096102696 25.0 1.0 2.5 6.0,3,1.0,0.5 0.5 51.7446707336 36.3333333333 1.0 2.5 6.0
0.0 0.0 250.0 150.0 0.0 4.0 5.0,3,-1.0,0.0 0.0 250.0 150.0 0.0 4.0 6.0
0.0 0.0 250.0 150.0 0.0 4.0 6.0,1,-1.0,0.0 0.0 250.0 150.0 0.0 3.5 6.0
0.0 0.0 250.0 150.0 0.0 3.5 6.0,1,-1.0,0.0 0.0 250.0 150.0 0.0 3.0 6.0
0.0 0.0 250.0 150.0 0.0 3.0 6.0,1,1.0,0.5 0.5 57.7226114073 48.5 1.0 2.5 6.0
0.5 0.5 57.7226114073 48.5 1.0 2.5 6.0,3,1.0,0.5 0.5 56.9010416639 37.3333333333 1.0 2.5 6.0
0.5 0.5 56.9010416639 37.3333333333 1.0 2.5 6.0,3,1.0,0.5 0.5 77.2128356948 37.3333333333 1.0 2.5 6.0
0.5 0.5 77.2128356948 37.3333333333 1.0 2.5 6.0,3,1.0,0.5 0.5 45.1418776517 10.3333333333 1.0 2.5 6.0
0.5 0.5 45.1418776517 10.3333333333 1.0 2.5 6.0,3,1.0,0.5 0.5 66.273386505 36.6666666667 1.0 2.5 6.0
0.5 0.5 66.273386505 36.6666666667 1.0 2.5 6.0,3,1.0,0.5 0.5 45.1664818746 21.8333333333 1.0 2.5 6.0
0.5 0.5 45.1664818746 21.8333333333 1.0 2.5 6.0,3,1.0,0.5 0.5 51.7277513495 36.1666666667 1.0 2.5 6.0
0.5 0.5 51.7277513495 36.1666666667 1.0 2.5 6.0,3,1.0,0.5 0.5 71.8096987589 25.0 1.0 2.5 6.0
0.5 0.5 71.8096987589 25.0 1.0 2.5 6.0,3,1.0,0.5 0.5 73.7389018232 49.5 1.0 2.5 6.0
0.5 0.5 73.7389018232 49.5 1.0 2.5 6.0,3,1.0,0.5 0.5 45.1664818746 21.8333333333 1.0 2.5 6.0
0.5 0.5 45.1664818746 21.8333333333 1.0 2.5 6.0,3,1.0,0.5 0.5 77.3307282137 75.8333333333 1.0 2.5 6.0
0.5 0.5 77.3307282137 75.8333333333 1.0 2.5 6.0,3,1.0,0.5 0.5 58.735659855 23.1666666667 1.0 2.5 6.0
1.0 1.0 31.789771501 8.0 0.333333333333 1.0 2.0,3,1.0,1.0 1.0 34.420264154 8.0 0.5 1.0 3.0
1.0 1.0 34.420264154 8.0 0.5 1.0 3.0,0,1.0,1.0 1.0 34.420264154 8.0 0.5 1.5 3.0
1.0 1.0 34.420264154 8.0 0.5 1.5 3.0,3,1.0,1.0 1.0 50.8390775541 6.0 0.666666666667 1.5 4.0
1.0 1.0 50.8390775541 6.0 0.666666666667 1.5 4.0,3,1.0,1.0 1.0 42.6805889526 8.0 0.833333333333 1.5 5.0
1.0 1.0 42.6805889526 8.0 0.833333333333 1.5 5.0,0,1.0,1.0 1.0 43.8686892976 7.4 0.833333333333 2.0 5.0
1.0 1.0 43.8686892976 7.4 0.833333333333 2.0 5.0,0,1.0,0.5 0.5 70.9563163017 43.6 0.833333333333 2.5 5.0
0.5 0.5 70.9563163017 43.6 0.833333333333 2.5 5.0,3,1.0,0.5 0.5 35.6994987327 24.8333333333 1.0 2.5 6.0
0.5 0.5 35.6994987327 24.8333333333 1.0 2.5 6.0,3,1.0,0.5 0.5 74.0848607223 38.0 1.0 2.5 6.0
0.5 0.5 74.0848607223 38.0 1.0 2.5 6.0,3,1.0,0.5 0.5 42.24413684 25.1666666667 1.0 2.5 6.0
0.5 0.5 42.24413684 25.1666666667 1.0 2.5 6.0,3,1.0,0.5 0.5 52.6790037314 22.6666666667 1.0 2.5 6.0
0.5 0.5 52.6790037314 22.6666666667 1.0 2.5 6.0,3,1.0,0.5 0.5 39.7743989944 8.66666666667 1.0 2.5 6.0
0.5 0.5 39.7743989944 8.66666666667 1.0 2.5 6.0,3,1.0,0.5 0.5 45.1664818746 21.3333333333 1.0 2.5 6.0
0.5 0.5 45.1664818746 21.3333333333 1.0 2.5 6.0,3,1.0,0.5 0.5 92.4738335443 53.1666666667 1.0 2.5 6.0
0.5 0.5 92.4738335443 53.1666666667 1.0 2.5 6.0,3,1.0,0.5 0.5 49.2580135039 20.8333333333 1.0 2.5 6.0
0.5 0.5 49.2580135039 20.8333333333 1.0 2.5 6.0,3,1.0,0.5 0.5 44.443358264 37.8333333333 1.0 2.5 6.0
1.0 1.0 40.3286890084 8.33333333333 1.0 1.0 6.0,0,1.0,1.0 1.0 40.3286890084 8.66666666667 1.0 1.5 6.0
1.0 1.0 40.3286890084 8.66666666667 1.0 1.5 6.0,0,1.0,1.0 1.0 40.3286890084 8.5 1.0 2.0 6.0
1.0 1.0 40.3286890084 8.5 1.0 2.0 6.0,0,1.0,0.5 0.5 59.9513010037 36.3333333333 1.0 2.5 6.0
0.5 0.5 59.9513010037 36.3333333333 1.0 2.5 6.0,3,1.0,0.5 0.5 56.6344057461 35.8333333333 1.0 2.5 6.0
0.5 0.5 56.6344057461 35.8333333333 1.0 2.5 6.0,3,1.0,0.5 0.5 70.7040841443 51.3333333333 1.0 2.5 6.0
0.5 0.5 70.7040841443 51.3333333333 1.0 2.5 6.0,3,1.0,0.5 0.5 77.9553490287 51.8333333333 1.0 2.5 6.0
0.5 0.5 77.9553490287 51.8333333333 1.0 2.5 6.0,3,1.0,0.5 0.5 48.3466441269 24.0 1.0 2.5 6.0
0.5 0.5 48.3466441269 24.0 1.0 2.5 6.0,3,1.0,0.5 0.5 65.5490138218 52.1666666667 1.0 2.5 6.0
0.5 0.5 65.5490138218 52.1666666667 1.0 2.5 6.0,3,1.0,0.5 0.5 47.7804490939 10.1666666667 1.0 2.5 6.0
0.5 0.5 47.7804490939 10.1666666667 1.0 2.5 6.0,3,1.0,0.5 0.5 55.0154130222 41.3333333333 1.0 2.5 6.0
0.5 0.5 55.0154130222 41.3333333333 1.0 2.5 6.0,3,1.0,0.5 0.5 75.9592764903 39.3333333333 1.0 2.5 6.0
0.5 0.5 75.9592764903 39.3333333333 1.0 2.5 6.0,3,1.0,0.5 0.5 56.8269695757 34.5 1.0 2.5 6.0
0.5 0.5 56.8269695757 34.5 1.0 2.5 6.0,3,1.0,0.5 0.5 51.7446707336 36.1666666667 1.0 2.5 6.0
0.5 0.5 51.7446707336 36.1666666667 1.0 2.5 6.0,2,1.0,0.5 0.5 56.5852552683 36.8333333333 1.0 2.5 6.0
0.5 0.5 56.5852552683 36.8333333333 1.0 2.5 6.0,3,1.0,0.5 0.5 51.2423228659 23.3333333333 1.0 2.5 6.0
1.0 1.0 40.3286890084 8.33333333333 1.0 1.0 6.0,0,1.0,1.0 1.0 40.3286890084 8.33333333333 1.0 1.5 6.0
1.0 1.0 40.3286890084 8.33333333333 1.0 1.5 6.0,0,1.0,1.0 1.0 40.3286890084 8.66666666667 1.0 2.0 6.0
1.0 1.0 40.3286890084 8.66666666667 1.0 2.0 6.0,0,1.0,0.5 0.5 76.4086697559 51.1666666667 1.0 2.5 6.0
0.5 0.5 76.4086697559 51.1666666667 1.0 2.5 6.0,3,1.0,0.5 0.5 68.4467546335 37.1666666667 1.0 2.5 6.0
0.5 0.5 68.4467546335 37.1666666667 1.0 2.5 6.0,3,1.0,0.5 0.5 92.9058554285 39.1666666667 1.0 2.5 6.0
0.5 0.5 92.9058554285 39.1666666667 1.0 2.5 6.0,3,1.0,0.5 0.5 85.854052835 71.0 1.0 2.5 6.0
0.5 0.5 85.854052835 71.0 1.0 2.5 6.0,3,1.0,0.5 0.5 48.8739344138 38.5 1.0 2.5 6.0
0.5 0.5 48.8739344138 38.5 1.0 2.5 6.0,3,1.0,0.5 0.5 40.3286890084 8.33333333333 1.0 2.5 6.0
0.5 0.5 40.3286890084 8.33333333333 1.0 2.5 6.0,2,1.0,0.5 0.5 82.4674156011 40.6666666667 1.0 2.5 6.0
0.5 0.5 82.4674156011 40.6666666667 1.0 2.5 6.0,3,1.0,0.5 0.5 76.6836491735 26.6666666667 1.0 2.5 6.0
0.5 0.5 76.6836491735 26.6666666667 1.0 2.5 6.0,3,1.0,0.5 0.5 47.7804490939 10.1666666667 1.0 2.5 6.0
0.5 0.5 47.7804490939 10.1666666667 1.0 2.5 6.0,3,1.0,0.5 0.5 52.3846649381 36.6666666667 1.0 2.5 6.0
0.5 0.5 52.3846649381 36.6666666667 1.0 2.5 6.0,3,1.0,0.5 0.5 63.5561863151 35.0 1.0 2.5 6.0
0.5 0.5 63.5561863151 35.0 1.0 2.5 6.0,3,1.0,0.5 0.5 80.2933158925 38.5 1.0 2.5 6.0
0.5 0.5 80.2933158925 38.5 1.0 2.5 6.0,3,1.0,0.5 0.5 72.3504724791 38.0 1.0 2.5 6.0
1.0 1.0 40.3286890084 8.33333333333 1.0 1.5 6.0,0,1.0,1.0 1.0 40.3286890084 8.5 1.0 2.0 6.0
1.0 1.0 40.3286890084 8.5 1.0 2.0 6.0,0,1.0,0.5 0.5 47.7923541129 23.3333333333 1.0 2.5 6.0
0.5 0.5 47.7923541129 23.3333333333 1.0 2.5 6.0,3,1.0,0.5 0.5 61.2802273893 37.6666666667 1.0 2.5 6.0
0.5 0.5 61.2802273893 37.6666666667 1.0 2.5 6.0,3,1.0,0.5 0.5 58.7050591657 37.0 1.0 2.5 6.0
0.5 0.5 58.7050591657 37.0 1.0 2.5 6.0,3,1.0,0.5 0.5 59.7288244279 36.0 1.0 2.5 6.0
0.5 0.5 59.7288244279 36.0 1.0 2.5 6.0,3,1.0,0.5 0.5 60.8399268245 62.5 1.0 2.5 6.0
0.5 0.5 60.8399268245 62.5 1.0 2.5 6.0,3,1.0,0.5 0.5 31.4404460932 9.83333333333 1.0 2.5 6.0
0.5 0.5 31.4404460932 9.83333333333 1.0 2.5 6.0,3,1.0,0.5 0.5 52.0272778267 53.3333333333 1.0 2.5 6.0
0.5 0.5 52.0272778267 53.3333333333 1.0 2.5 6.0,3,1.0,0.5 0.5 58.8656174136 22.5 1.0 2.5 6.0
0.5 0.5 58.8656174136 22.5 1.0 2.5 6.0,3,1.0,0.5 0.5 75.2717435469 41.6666666667 1.0 2.5 6.0
0.5 0.5 75.2717435469 41.6666666667 1.0 2.5 6.0,3,1.0,0.5 0.5 68.0587685212 36.0 1.0 2.5 6.0
0.5 0.5 68.0587685212 36.0 1.0 2.5 6.0,3,1.0,0.5 0.5 49.9796705179 23.5 1.0 2.5 6.0
0.5 0.5 49.9796705179 23.5 1.0 2.5 6.0,3,1.0,0.5 0.5 47.6790849769 37.8333333333 1.0 2.5 6.0
0.5 0.5 47.6790849769 37.8333333333 1.0 2.5 6.0,3,1.0,0.5 0.5 45.1628073273 22.5 1.0 2.5 6.0
0.5 0.5 45.1628073273 22.5 1.0 2.5 6.0,3,1.0,0.5 0.5 57.5565524997 36.0 1.0 2.5 6.0
1.0 1.0 40.3286890084 8.33333333333 1.0 0.5 6.0,0,1.0,1.0 1.0 40.3286890084 8.66666666667 1.0 1.0 6.0
1.0 1.0 40.3286890084 8.66666666667 1.0 1.0 6.0,0,1.0,1.0 1.0 40.3286890084 8.33333333333 1.0 1.5 6.0
1.0 1.0 40.3286890084 8.33333333333 1.0 1.5 6.0,0,1.0,1.0 1.0 40.3286890084 8.66666666667 1.0 2.0 6.0
1.0 1.0 40.3286890084 8.66666666667 1.0 2.0 6.0,0,1.0,0.5 0.5 52.4995409182 34.5 1.0 2.5 6.0
0.5 0.5 52.4995409182 34.5 1.0 2.5 6.0,3,1.0,0.5 0.5 47.6790849769 38.1666666667 1.0 2.5 6.0
0.5 0.5 47.6790849769 38.1666666667 1.0 2.5 6.0,3,1.0,0.5 0.5 59.2973692362 24.3333333333 1.0 2.5 6.0
0.5 0.5 59.2973692362 24.3333333333 1.0 2.5 6.0,3,1.0,0.5 0.5 102.94863871 52.8333333333 1.0 2.5 6.0
0.5 0.5 102.94863871 52.8333333333 1.0 2.5 6.0,3,1.0,0.5 0.5 48.8005631626 38.3333333333 1.0 2.5 6.0
0.5 0.5 48.8005631626 38.3333333333 1.0 2.5 6.0,3,1.0,0.5 0.5 56.2270459714 22.3333333333 1.0 2.5 6.0
0.5 0.5 56.2270459714 22.3333333333 1.0 2.5 6.0,3,1.0,0.5 0.5 58.735659855 21.5 1.0 2.5 6.0
0.5 0.5 58.735659855 21.5 1.0 2.5 6.0,3,1.0,0.5 0.5 40.9167410666 24.3333333333 1.0 2.5 6.0
0.5 0.5 40.9167410666 24.3333333333 1.0 2.5 6.0,3,1.0,0.5 0.5 40.3286890084 8.66666666667 1.0 2.5 6.0
0.5 0.5 40.3286890084 8.66666666667 1.0 2.5 6.0,3,1.0,0.5 0.5 47.5329439251 23.1666666667 1.0 2.5 6.0
0.5 0.5 47.5329439251 23.1666666667 1.0 2.5 6.0,3,1.0,0.5 0.5 39.7743989944 8.33333333333 1.0 2.5 6.0
0.5 0.5 39.7743989944 8.33333333333 1.0 2.5 6.0,3,1.0,0.5 0.5 56.7705353607 23.8333333333 1.0 2.5 6.0
1.0 1.0 34.420264154 8.0 0.5 1.5 3.0,0,1.0,1.0 1.0 34.420264154 9.0 0.5 2.0 3.0
1.0 1.0 34.420264154 9.0 0.5 2.0 3.0,3,1.0,1.0 1.0 50.8390775541 6.0 0.666666666667 2.0 4.0
1.0 1.0 50.8390775541 6.0 0.666666666667 2.0 4.0,3,1.0,1.0 1.0 43.8686892976 7.4 0.833333333333 2.0 5.0
1.0 1.0 43.8686892976 7.4 0.833333333333 2.0 5.0,0,1.0,0.5 0.5 63.5259907948 25.2 0.833333333333 2.5 5.0
0.5 0.5 63.5259907948 25.2 0.833333333333 2.5 5.0,3,1.0,0.5 0.5 47.1556571037 38.8333333333 1.0 2.5 6.0
0.5 0.5 47.1556571037 38.8333333333 1.0 2.5 6.0,3,1.0,0.5 0.5 51.7446707336 35.3333333333 1.0 2.5 6.0
0.5 0.5 51.7446707336 35.3333333333 1.0 2.5 6.0,4,-1.0,0.5 0.5 112.604675038 44.0 0.833333333333 2.5 5.0
0.5 0.5 112.604675038 44.0 0.833333333333 2.5 5.0,3,1.0,0.5 0.5 45.1664818746 21.5 1.0 2.5 6.0
0.5 0.5 45.1664818746 21.5 1.0 2.5 6.0,3,1.0,0.5 0.5 40.3286890084 8.5 1.0 2.5 6.0
0.5 0.5 40.3286890084 8.5 1.0 2.5 6.0,3,1.0,0.5 0.5 76.6467411682 38.3333333333 1.0 2.5 6.0
0.5 0.5 76.6467411682 38.3333333333 1.0 2.5 6.0,3,1.0,0.5 0.5 69.2127815931 76.8333333333 1.0 2.5 6.0
0.5 0.5 69.2127815931 76.8333333333 1.0 2.5 6.0,3,1.0,0.5 0.5 58.1613117664 35.6666666667 1.0 2.5 6.0
0.5 0.5 58.1613117664 35.6666666667 1.0 2.5 6.0,3,1.0,0.5 0.5 40.3286890084 8.5 1.0 2.5 6.0
0.5 0.5 40.3286890084 8.5 1.0 2.5 6.0,3,1.0,0.5 0.5 64.4270325061 25.1666666667 1.0 2.5 6.0
0.5 0.5 64.4270325061 25.1666666667 1.0 2.5 6.0,2,1.0,0.5 0.5 40.3286890084 8.5 1.0 2.5 6.0
1.0 1.0 34.420264154 8.0 0.5 1.5 3.0,3,1.0,1.0 1.0 50.8390775541 6.0 0.666666666667 1.5 4.0
1.0 1.0 50.8390775541 6.0 0.666666666667 1.5 4.0,0,1.0,1.0 1.0 50.8390775541 6.0 0.666666666667 2.0 4.0
1.0 1.0 50.8390775541 6.0 0.666666666667 2.0 4.0,3,1.0,1.0 1.0 43.8686892976 7.6 0.833333333333 2.0 5.0
1.0 1.0 43.8686892976 7.6 0.833333333333 2.0 5.0,0,1.0,0.5 0.5 72.0386408788 25.0 0.833333333333 2.5 5.0
0.5 0.5 72.0386408788 25.0 0.833333333333 2.5 5.0,3,1.0,0.5 0.5 76.6318360528 38.5 1.0 2.5 6.0
0.5 0.5 76.6318360528 38.5 1.0 2.5 6.0,3,1.0,0.5 0.5 72.475201775 38.0 1.0 2.5 6.0
0.5 0.5 72.475201775 38.0 1.0 2.5 6.0,3,1.0,0.5 0.5 59.7287483976 39.8333333333 1.0 2.5 6.0
0.5 0.5 59.7287483976 39.8333333333 1.0 2.5 6.0,3,1.0,0.5 0.5 69.2492717546 36.6666666667 1.0 2.5 6.0
0.5 0.5 69.2492717546 36.6666666667 1.0 2.5 6.0,3,1.0,0.5 0.5 103.28458773 50.5 1.0 2.5 6.0
0.5 0.5 103.28458773 50.5 1.0 2.5 6.0,3,1.0,0.5 0.5 64.4086872198 36.8333333333 1.0 2.5 6.0
0.5 0.5 64.4086872198 36.8333333333 1.0 2.5 6.0,3,1.0,0.5 0.5 51.413857328 22.0 1.0 2.5 6.0
0.5 0.5 51.413857328 22.0 1.0 2.5 6.0,3,1.0,0.5 0.5 68.1173246046 50.6666666667 1.0 2.5 6.0
0.5 0.5 68.1173246046 50.6666666667 1.0 2.5 6.0,2,1.0,0.5 0.5 40.3286890084 8.5 1.0 2.5 6.0
0.5 0.5 40.3286890084 8.5 1.0 2.5 6.0,3,1.0,0.5 0.5 57.2640636034 23.6666666667 1.0 2.5 6.0
0.5 0.5 57.2640636034 23.6666666667 1.0 2.5 6.0,3,1.0,0.5 0.5 61.5887131844 51.3333333333 1.0 2.5 6.0
0.0 0.0 250.0 150.0 0.0 4.0 2.0,1,-1.0,0.0 0.0 250.0 150.0 0.0 3.5 2.0
0.0 0.0 250.0 150.0 0.0 3.5 2.0,1,-1.0,0.0 0.0 250.0 150.0 0.0 3.0 2.0
0.0 0.0 250.0 150.0 0.0 3.0 2.0,1,1.0,0.5 0.5 48.4189809198 48.5 0.333333333333 2.5 2.0
0.5 0.5 48.4189809198 48.5 0.333333333333 2.5 2.0,3,1.0,0.5 0.5 84.0767134753 63.6666666667 0.5 2.5 3.0
0.5 0.5 84.0767134753 63.6666666667 0.5 2.5 3.0,3,1.0,0.5 0.5 51.5972274466 26.25 0.666666666667 2.5 4.0
0.5 0.5 51.5972274466 26.25 0.666666666667 2.5 4.0,3,1.0,0.5 0.5 42.0864666114 41.8 0.833333333333 2.5 5.0
0.5 0.5 42.0864666114 41.8 0.833333333333 2.5 5.0,3,1.0,0.5 0.5 40.3286890084 8.5 1.0 2.5 6.0
0.5 0.5 40.3286890084 8.5 1.0 2.5 6.0,3,1.0,0.5 0.5 39.7743989944 8.33333333333 1.0 2.5 6.0
0.5 0.5 39.7743989944 8.33333333333 1.0 2.5 6.0,3,1.0,0.5 0.5 53.2153972308 23.1666666667 1.0 2.5 6.0
0.5 0.5 53.2153972308 23.1666666667 1.0 2.5 6.0,3,1.0,0.5 0.5 41.4171883951 35.1666666667 1.0 2.5 6.0
0.5 0.5 41.4171883951 35.1666666667 1.0 2.5 6.0,3,1.0,0.5 0.5 75.7518671652 68.8333333333 1.0 2.5 6.0
0.5 0.5 75.7518671652 68.8333333333 1.0 2.5 6.0,3,1.0,0.5 0.5 81.3639039819 69.3333333333 1.0 2.5 6.0
0.5 0.5 81.3639039819 69.3333333333 1.0 2.5 6.0,3,1.0,0.5 0.5 40.3286890084 8.5 1.0 2.5 6.0
0.5 0.5 40.3286890084 8.5 1.0 2.5 6.0,3,1.0,0.5 0.5 77.862075049 51.5 1.0 2.5 6.0
0.5 0.5 77.862075049 51.5 1.0 2.5 6.0,3,1.0,0.5 0.5 68.8512149982 37.6666666667 1.0 2.5 6.0
0.0 0.0 250.0 150.0 0.0 3.0 6.0,1,1.0,0.5 0.5 85.5562630493 54.5 1.0 2.5 6.0
0.5 0.5 85.5562630493 54.5 1.0 2.5 6.0,3,1.0,0.5 0.5 69.6047669347 25.5 1.0 2.5 6.0
0.5 0.5 69.6047669347 25.5 1.0 2.5 6.0,3,1.0,0.5 0.5 52.6182419601 23.3333333333 1.0 2.5 6.0
0.5 0.5 52.6182419601 23.3333333333 1.0 2.5 6.0,3,1.0,0.5 0.5 45.113950575 36.5 1.0 2.5 6.0
0.5 0.5 45.113950575 36.5 1.0 2.5 6.0,3,1.0,0.5 0.5 60.8207070114 38.0 1.0 2.5 6.0
0.5 0.5 60.8207070114 38.0 1.0 2.5 6.0,3,1.0,0.5 0.5 78.5978479325 39.1666666667 1.0 2.5 6.0
0.5 0.5 78.5978479325 39.1666666667 1.0 2.5 6.0,3,1.0,0.5 0.5 39.7743989944 8.5 1.0 2.5 6.0
0.5 0.5 39.7743989944 8.5 1.0 2.5 6.0,3,1.0,0.5 0.5 47.4840871729 36.3333333333 1.0 2.5 6.0
0.5 0.5 47.4840871729 36.3333333333 1.0 2.5 6.0,3,1.0,0.5 0.5 82.0260243381 39.0 1.0 2.5 6.0
0.5 0.5 82.0260243381 39.0 1.0 2.5 6.0,1,-1.0,1.0 1.0 40.3286890084 8.5 1.0 2.0 6.0
1.0 1.0 40.3286890084 8.5 1.0 2.0 6.0,0,1.0,0.5 0.5 66.9417994536 39.0 1.0 2.5 6.0
0.5 0.5 66.9417994536 39.0 1.0 2.5 6.0,3,1.0,0.5 0.5 75.9592764903 38.6666666667 1.0 2.5 6.0
0.5 0.5 75.9592764903 38.6666666667 1.0 2.5 6.0,3,1.0,0.5 0.5 58.8656174136 23.3333333333 1.0 2.5 6.0
0.5 0.5 58.8656174136 23.3333333333 1.0 2.5 6.0,3,1.0,0.5 0.5 57.3861905367 33.3333333333 1.0 2.5 6.0
0.5 0.5 57.3861905367 33.3333333333 1.0 2.5 6.0,3,1.0,0.5 0.5 77.1324833111 38.1666666667 1.0 2.5 6.0
1.0 1.0 49.353952123 6.75 0.666666666667 1.5 4.0,0,1.0,1.0 1.0 50.8390775541 6.0 0.666666666667 2.0 4.0
1.0 1.0 50.8390775541 6.0 0.666666666667 2.0 4.0,3,1.0,1.0 1.0 43.8686892976 7.4 0.833333333333 2.0 5.0
1.0 1.0 43.8686892976 7.4 0.833333333333 2.0 5.0,0,1.0,0.5 0.5 65.2919062968 25.4 0.833333333333 2.5 5.0
0.5 0.5 65.2919062968 25.4 0.833333333333 2.5 5.0,3,1.0,0.5 0.5 39.0758796067 36.0 1.0 2.5 6.0
0.5 0.5 39.0758796067 36.0 1.0 2.5 6.0,3,1.0,0.5 0.5 73.2963915745 38.1666666667 1.0 2.5 6.0
0.5 0.5 73.2963915745 38.1666666667 1.0 2.5 6.0,3,1.0,0.5 0.5 54.135737007 47.0 1.0 2.5 6.0
0.5 0.5 54.135737007 47.0 1.0 2.5 6.0,3,1.0,0.5 0.5 49.9796705179 23.5 1.0 2.5 6.0
0.5 0.5 49.9796705179 23.5 1.0 2.5 6.0,3,1.0,0.5 0.5 40.3286890084 9.0 1.0 2.5 6.0
0.5 0.5 40.3286890084 9.0 1.0 2.5 6.0,3,1.0,0.5 0.5 61.0961254392 50.1666666667 1.0 2.5 6.0
0.5 0.5 61.0961254392 50.1666666667 1.0 2.5 6.0,3,1.0,0.5 0.5 54.5394071748 48.1666666667 1.0 2.5 6.0
0.5 0.5 54.5394071748 48.1666666667 1.0 2.5 6.0,3,1.0,0.5 0.5 48.2858823556 23.1666666667 1.0 2.5 6.0
0.5 0.5 48.2858823556 23.1666666667 1.0 2.5 6.0,3,1.0,0.5 0.5 67.0656039483 24.0 1.0 2.5 6.0
0.5 0.5 67.0656039483 24.0 1.0 2.5 6.0,3,1.0,0.5 0.5 40.3286890084 8.66666666667 1.0 2.5 6.0
0.5 0.5 40.3286890084 8.66666666667 1.0 2.5 6.0,3,1.0,0.5 0.5 47.8412108652 10.3333333333 1.0 2.5 6.0
0.5 0.5 47.8412108652 10.3333333333 1.0 2.5 6.0,3,1.0,0.5 0.5 60.6183005641 38.3333333333 1.0 2.5 6.0
1.0 1.0 40.3286890084 8.5 1.0 0.5 6.0,0,1.0,1.0 1.0 40.3286890084 8.33333333333 1.0 1.0 6.0
1.0 1.0 40.3286890084 8.33333333333 1.0 1.0 6.0,0,1.0,1.0 1.0 40.3286890084 8.66666666667 1.0 1.5 6.0
1.0 1.0 40.3286890084 8.66666666667 1.0 1.5 6.0,0,1.0,1.0 1.0 40.3286890084 8.33333333333 1.0 2.0 6.0
1.0 1.0 40.3286890084 8.33333333333 1.0 2.0 6.0,0,1.0,0.5 0.5 49.9796705179 23.1666666667 1.0 2.5 6.0
0.5 0.5 49.9796705179 23.1666666667 1.0 2.5 6.0,3,1.0,0.5 0.5 61.5292916944 39.0 1.0 2.5 6.0
0.5 0.5 61.5292916944 39.0 1.0 2.5 6.0,2,1.0,0.5 0.5 60.9708131538 36.6666666667 1.0 2.5 6.0
0.5 0.5 60.9708131538 36.6666666667 1.0 2.5 6.0,3,1.0,0.5 0.5 52.1247137174 23.3333333333 1.0 2.5 6.0
0.5 0.5 52.1247137174 23.3333333333 1.0 2.5 6.0,3,1.0,0.5 0.5 57.5565524997 37.5 1.0 2.5 6.0
0.5 0.5 57.5565524997 37.5 1.0 2.5 6.0,3,1.0,0.5 0.5 90.1844818636 54.5 1.0 2.5 6.0
0.5 0.5 90.1844818636 54.5 1.0 2.5 6.0,3,1.0,0.5 0.5 49.9796705179 23.0 1.0 2.5 6.0
0.5 0.5 49.9796705179 23.0 1.0 2.5 6.0,3,1.0,0.5 0.5 58.735659855 23.5 1.0 2.5 6.0
0.5 0.5 58.735659855 23.5 1.0 2.5 6.0,3,1.0,0.5 0.5 68.4301367297 38.0 1.0 2.5 6.0
0.5 0.5 68.4301367297 38.0 1.0 2.5 6.0,3,1.0,0.5 0.5 75.9592764903 38.5 1.0 2.5 6.0
0.5 0.5 75.9592764903 38.5 1.0 2.5 6.0,3,1.0,0.5 0.5 40.3286890084 8.33333333333 1.0 2.5 6.0
0.5 0.5 40.3286890084 8.33333333333 1.0 2.5 6.0,3,1.0,0.5 0.5 48.2858823556 23.1666666667 1.0 2.5 6.0
0.5 0.5 56.0970884128 23.5 1.0 2.5 6.0,3,1.0,0.5 0.5 81.3908359788 38.0 1.0 2.5 6.0
0.5 0.5 81.3908359788 38.0 1.0 2.5 6.0,3,1.0,0.5 0.5 75.8078157384 38.6666666667 1.0 2.5 6.0
0.5 0.5 75.8078157384 38.6666666667 1.0 2.5 6.0,3,1.0,0.5 0.5 61.2372805755 40.0 1.0 2.5 6.0
0.5 0.5 61.2372805755 40.0 1.0 2.5 6.0,3,1.0,0.5 0.5 52.3707367914 36.5 1.0 2.5 6.0
0.5 0.5 52.3707367914 36.5 1.0 2.5 6.0,2,1.0,0.5 0.5 58.7911603274 49.5 1.0 2.5 6.0
0.5 0.5 58.7911603274 49.5 1.0 2.5 6.0,3,1.0,0.5 0.5 58.3720891709 23.6666666667 1.0 2.5 6.0
0.5 0.5 58.3720891709 23.6666666667 1.0 2.5 6.0,3,1.0,0.5 0.5 79.346722298 38.0 1.0 2.5 6.0
0.5 0.5 79.346722298 38.0 1.0 2.5 6.0,3,1.0,0.5 0.5 64.3579386733 23.5 1.0 2.5 6.0
0.5 0.5 64.3579386733 23.5 1.0 2.5 6.0,3,1.0,0.5 0.5 65.0237390051 36.5 1.0 2.5 6.0
0.5 0.5 65.0237390051 36.5 1.0 2.5 6.0,3,1.0,0.5 0.5 42.7495701017 35.8333333333 1.0 2.5 6.0
0.5 0.5 42.7495701017 35.8333333333 1.0 2.5 6.0,3,1.0,0.5 0.5 58.735659855 23.5 1.0 2.5 6.0
0.5 0.5 58.735659855 23.5 1.0 2.5 6.0,3,1.0,0.5 0.5 60.5055910177 36.1666666667 1.0 2.5 6.0
0.5 0.5 60.5055910177 36.1666666667 1.0 2.5 6.0,3,1.0,0.5 0.5 58.1813698411 23.5 1.0 2.5 6.0
0.5 0.5 58.1813698411 23.5 1.0 2.5 6.0,3,1.0,0.5 0.5 47.7315923416 23.1666666667 1.0 2.5 6.0
0.5 0.5 47.7315923416 23.1666666667 1.0 2.5 6.0,2,1.0,0.5 0.5 73.0596641994 69.5 1.0 2.5 6.0
1.0 1.0 31.789771501 8.0 0.333333333333 0.5 2.0,0,1.0,1.0 1.0 28.8195206387 9.5 0.333333333333 1.0 2.0
1.0 1.0 28.8195206387 9.5 0.333333333333 1.0 2.0,3,1.0,1.0 1.0 34.420264154 8.0 0.5 1.0 3.0
1.0 1.0 34.420264154 8.0 0.5 1.0 3.0,0,1.0,1.0 1.0 32.4400969125 9.0 0.5 1.5 3.0
1.0 1.0 32.4400969125 9.0 0.5 1.5 3.0,0,1.0,1.0 1.0 34.420264154 8.0 0.5 2.0 3.0
1.0 1.0 34.420264154 8.0 0.5 2.0 3.0,3,1.0,1.0 1.0 50.8390775541 6.0 0.666666666667 2.0 4.0
1.0 1.0 50.8390775541 6.0 0.666666666667 2.0 4.0,0,1.0,0.5 0.5 66.6353950127 27.75 0.666666666667 2.5 4.0
0.5 0.5 66.6353950127 27.75 0.666666666667 2.5 4.0,3,1.0,0.5 0.5 57.0149422109 22.8 0.833333333333 2.5 5.0
0.5 0.5 57.0149422109 22.8 0.833333333333 2.5 5.0,3,1.0,0.5 0.5 62.4715073616 49.8333333333 1.0 2.5 6.0
0.5 0.5 62.4715073616 49.8333333333 1.0 2.5 6.0,3,1.0,0.5 0.5 58.7156017804 36.5 1.0 2.5 6.0
0.5 0.5 58.7156017804 36.5 1.0 2.5 6.0,3,1.0,0.5 0.5 58.5987091333 39.1666666667 1.0 2.5 6.0
0.5 0.5 58.5987091333 39.1666666667 1.0 2.5 6.0,3,1.0,0.5 0.5 54.1049347758 34.8333333333 1.0 2.5 6.0
0.5 0.5 54.1049347758 34.8333333333 1.0 2.5 6.0,3,1.0,0.5 0.5 44.6121918606 21.6666666667 1.0 2.5 6.0
0.5 0.5 44.6121918606 21.6666666667 1.0 2.5 6.0,3,1.0,0.5 0.5 45.1418776517 10.1666666667 1.0 2.5 6.0
0.5 0.5 45.1418776517 10.1666666667 1.0 2.5 6.0,3,1.0,0.5 0.5 47.8412108652 9.16666666667 1.0 2.5 6.0
0.5 0.5 47.8412108652 9.16666666667 1.0 2.5 6.0,3,1.0,0.5 0.5 42.3048986113 24.6666666667 1.0 2.5 6.0
0.0 0.0 250.0 150.0 0.0 4.0 6.0,1,-1.0,0.0 0.0 250.0 150.0 0.0 3.5 6.0
0.0 0.0 250.0 150.0 0.0 3.5 6.0,1,-1.0,0.0 0.0 250.0 150.0 0.0 3.0 6.0
0.0 0.0 250.0 150.0 0.0 3.0 6.0,1,1.0,0.5 0.5 79.3289781681 51.5 1.0 2.5 6.0
0.5 0.5 79.3289781681 51.5 1.0 2.5 6.0,3,1.0,0.5 0.5 40.2798322561 20.8333333333 1.0 2.5 6.0
0.5 0.5 40.2798322561 20.8333333333 1.0 2.5 6.0,3,1.0,0.5 0.5 62.9017115118 40.0 1.0 2.5 6.0
0.5 0.5 62.9017115118 40.0 1.0 2.5 6.0,3,1.0,0.5 0.5 46.9314820903 33.5 1.0 2.5 6.0
0.5 0.5 46.9314820903 33.5 1.0 2.5 6.0,2,1.0,0.5 0.5 61.0631666186 38.5 1.0 2.5 6.0
0.5 0.5 61.0631666186 38.5 1.0 2.5 6.0,3,1.0,0.5 0.5 59.6680626567 36.5 1.0 2.5 6.0
0.5 0.5 59.6680626567 36.5 1.0 2.5 6.0,3,1.0,0.5 0.5 48.2858823556 23.8333333333 1.0 2.5 6.0
0.5 0.5 48.2858823556 23.8333333333 1.0 2.5 6.0,3,1.0,0.5 0.5 44.9408632568 50.0 1.0 2.5 6.0
0.5 0.5 44.9408632568 50.0 1.0 2.5 6.0,3,1.0,0.5 0.5 56.422540074 51.6666666667 1.0 2.5 6.0
0.5 0.5 56.422540074 51.6666666667 1.0 2.5 6.0,3,1.0,0.5 0.5 73.5913324796 37.0 1.0 2.5 6.0
0.5 0.5 73.5913324796 37.0 1.0 2.5 6.0,3,1.0,0.5 0.5 56.2270459714 24.1666666667 1.0 2.5 6.0
0.5 0.5 56.2270459714 24.1666666667 1.0 2.5 6.0,3,1.0,0.5 0.5 47.8412108652 9.33333333333 1.0 2.5 6.0
0.5 0.5 47.8412108652 9.33333333333 1.0 2.5 6.0,3,1.0,0.5 0.5 54.0775316089 37.1666666667 1.0 2.5 6.0
1.0 1.0 50.8390775541 6.0 0.666666666667 1.0 4.0,0,1.0,1.0 1.0 50.8390775541 6.0 0.666666666667 1.5 4.0
1.0 1.0 50.8390775541 6.0 0.666666666667 1.5 4.0,0,1.0,1.0 1.0 49.353952123 6.75 0.666666666667 2.0 4.0
1.0 1.0 49.353952123 6.75 0.666666666667 2.0 4.0,0,1.0,0.5 0.5 50.8390775541 6.0 0.666666666667 2.5 4.0
0.5 0.5 50.8390775541 6.0 0.666666666667 2.5 4.0,3,1.0,0.5 0.5 73.4298351681 37.8 0.833333333333 2.5 5.0
0.5 0.5 73.4298351681 37.8 0.833333333333 2.5 5.0,3,1.0,0.5 0.5 45.6473109134 23.3333333333 1.0 2.5 6.0
0.5 0.5 45.6473109134 23.3333333333 1.0 2.5 6.0,3,1.0,0.5 0.5 56.0970884128 23.3333333333 1.0 2.5 6.0
0.5 0.5 56.0970884128 23.3333333333 1.0 2.5 6.0,3,1.0,0.5 0.5 56.2270459714 24.3333333333 1.0 2.5 6.0
0.5 0.5 56.2270459714 24.3333333333 1.0 2.5 6.0,3,1.0,0.5 0.5 59.2366074649 23.6666666667 1.0 2.5 6.0
0.5 0.5 59.2366074649 23.6666666667 1.0 2.5 6.0,3,1.0,0.5 0.5 56.0970884128 23.5 1.0 2.5 6.0
0.5 0.5 56.0970884128 23.5 1.0 2.5 6.0,3,1.0,0.5 0.5 51.4761727374 25.0 1.0 2.5 6.0
0.5 0.5 51.4761727374 25.0 1.0 2.5 6.0,3,1.0,0.5 0.5 76.280395477 51.1666666667 1.0 2.5 6.0
0.5 0.5 76.280395477 51.1666666667 1.0 2.5 6.0,3,1.0,0.5 0.5 45.1664818746 21.5 1.0 2.5 6.0
0.5 0.5 45.1664818746 21.5 1.0 2.5 6.0,2,1.0,0.5 0.5 65.8455526017 68.6666666667 1.0 2.5 6.0
0.5 0.5 65.8455526017 68.6666666667 1.0 2.5 6.0,3,1.0,0.5 0.5 88.4789150008 66.0 1.0 2.5 6.0
0.5 0.5 88.4789150008 66.0 1.0 2.5 6.0,3,1.0,0.5 0.5 48.5888879968 38.5 1.0 2.5 6.0
0.0 0.0 250.0 150.0 0.0 3.0 6.0,1,1.0,0.5 0.5 75.8897381191 52.8333333333 1.0 2.5 6.0
0.5 0.5 75.8897381191 52.8333333333 1.0 2.5 6.0,2,1.0,0.5 0.5 59.268206863 38.5 1.0 2.5 6.0
0.5 0.5 59.268206863 38.5 1.0 2.5 6.0,3,1.0,0.5 0.5 72.1586484588 38.0 1.0 2.5 6.0
0.5 0.5 72.1586484588 38.0 1.0 2.5 6.0,3,1.0,0.5 0.5 63.0374187703 35.5 1.0 2.5 6.0
0.5 0.5 63.0374187703 35.5 1.0 2.5 6.0,2,1.0,0.5 0.5 56.1180180884 36.1666666667 1.0 2.5 6.0
0.5 0.5 56.1180180884 36.1666666667 1.0 2.5 6.0,3,1.0,0.5 0.5 86.7681560782 53.3333333333 1.0 2.5 6.0
0.5 0.5 86.7681560782 53.3333333333 1.0 2.5 6.0,3,1.0,0.5 0.5 61.4066495394 25.1666666667 1.0 2.5 6.0
0.5 0.5 61.4066495394 25.1666666667 1.0 2.5 6.0,3,1.0,0.5 0.5 45.6473109134 22.5 1.0 2.5 6.0
0.5 0.5 45.6473109134 22.5 1.0 2.5 6.0,2,1.0,0.5 0.5 70.8699648654 39.8333333333 1.0 2.5 6.0
0.5 0.5 70.8699648654 39.8333333333 1.0 2.5 6.0,2,1.0,0.5 0.5 40.3286890084 8.83333333333 1.0 2.5 6.0
0.5 0.5 40.3286890084 8.83333333333 1.0 2.5 6.0,3,1.0,0.5 0.5 67.9990512875 65.5 1.0 2.5 6.0
0.5 0.5 67.9990512875 65.5 1.0 2.5 6.0,3,1.0,0.5 0.5 40.3286890084 8.5 1.0 2.5 6.0
0.5 0.5 40.3286890084 8.5 1.0 2.5 6.0,2,1.0,0.5 0.5 48.2858823556 21.8333333333 1.0 2.5 6.0
0.5 0.5 48.2858823556 21.8333333333 1.0 2.5 6.0,3,1.0,0.5 0.5 92.6939078484 39.8333333333 1.0 2.5 6.0
0.5 0.5 92.6939078484 39.8333333333 1.0 2.5 6.0,3,1.0,0.5 0.5 48.3466441269 23.1666666667 1.0 2.5 6.0
0.5 0.5 53.0538309322 34.8333333333 1.0 2.5 6.0,3,1.0,0.5 0.5 40.5828378972 36.8333333333 1.0 2.5 6.0
0.5 0.5 40.5828378972 36.8333333333 1.0 2.5 6.0,3,1.0,0.5 0.5 58.2421316123 23.1666666667 1.0 2.5 6.0
0.5 0.5 58.2421316123 23.1666666667 1.0 2.5 6.0,3,1.0,0.5 0.5 79.0885849954 49.1666666667 1.0 2.5 6.0
0.5 0.5 79.0885849954 49.1666666667 1.0 2.5 6.0,2,1.0,0.5 0.5 52.6182419601 23.8333333333 1.0 2.5 6.0
0.5 0.5 52.6182419601 23.8333333333 1.0 2.5 6.0,3,1.0,0.5 0.5 42.24413684 23.0 1.0 2.5 6.0
0.5 0.5 42.24413684 23.0 1.0 2.5 6.0,3,1.0,0.5 0.5 95.4622454929 53.8333333333 1.0 2.5 6.0
0.5 0.5 95.4622454929 53.8333333333 1.0 2.5 6.0,3,1.0,0.5 0.5 79.5690621867 37.6666666667 1.0 2.5 6.0
0.5 0.5 79.5690621867 37.6666666667 1.0 2.5 6.0,3,1.0,0.5 0.5 52.7351676863 52.0 1.0 2.5 6.0
0.5 0.5 52.7351676863 52.0 1.0 2.5 6.0,3,1.0,0.5 0.5 78.4948996412 67.5 1.0 2.5 6.0
0.5 0.5 78.4948996412 67.5 1.0 2.5 6.0,3,1.0,0.5 0.5 73.6209307207 39.5 1.0 2.5 6.0
0.5 0.5 73.6209307207 39.5 1.0 2.5 6.0,3,1.0,0.5 0.5 51.4761727374 25.0 1.0 2.5 6.0
0.5 0.5 51.4761727374 25.0 1.0 2.5 6.0,3,1.0,0.5 0.5 66.2481817118 25.0 1.0 2.5 6.0
0.5 0.5 66.2481817118 25.0 1.0 2.5 6.0,3,1.0,0.5 0.5 52.6182419601 23.3333333333 1.0 2.5 6.0
0.5 0.5 52.6182419601 23.3333333333 1.0 2.5 6.0,3,1.0,0.5 0.5 45.6473109134 23.1666666667 1.0 2.5 6.0
0.5 0.5 45.6473109134 23.1666666667 1.0 2.5 6.0,3,1.0,0.5 0.5 69.1784441913 39.3333333333 1.0 2.5 6.0
1.0 1.0 34.420264154 8.0 0.5 0.5 3.0,0,1.0,1.0 1.0 32.4400969125 8.33333333333 0.5 1.0 3.0
1.0 1.0 32.4400969125 8.33333333333 0.5 1.0 3.0,0,1.0,1.0 1.0 34.420264154 8.0 0.5 1.5 3.0
1.0 1.0 34.420264154 8.0 0.5 1.5 3.0,3,1.0,1.0 1.0 50.8390775541 6.0 0.666666666667 1.5 4.0
1.0 1.0 50.8390775541 6.0 0.666666666667 1.5 4.0,0,1.0,1.0 1.0 49.353952123 6.75 0.666666666667 2.0 4.0
1.0 1.0 49.353952123 6.75 0.666666666667 2.0 4.0,0,1.0,0.5 0.5 66.4404586748 26.25 0.666666666667 2.5 4.0
0.5 0.5 66.4404586748 26.25 0.666666666667 2.5 4.0,3,1.0,0.5 0.5 62.9467176531 26.4 0.833333333333 2.5 5.0
0.5 0.5 62.9467176531 26.4 0.833333333333 2.5 5.0,3,1.0,0.5 0.5 63.6335659902 34.8333333333 1.0 2.5 6.0
0.5 0.5 63.6335659902 34.8333333333 1.0 2.5 6.0,3,1.0,0.5 0.5 45.6473109134 23.1666666667 1.0 2.5 6.0
0.5 0.5 45.6473109134 23.1666666667 1.0 2.5 6.0,3,1.0,0.5 0.5 45.6473109134 23.3333333333 1.0 2.5 6.0
0.5 0.5 45.6473109134 23.3333333333 1.0 2.5 6.0,2,1.0,0.5 0.5 96.2641922664 51.0 1.0 2.5 6.0
0.5 0.5 96.2641922664 51.0 1.0 2.5 6.0,3,1.0,0.5 0.5 63.6096102696 25.3333333333 1.0 2.5 6.0
0.5 0.5 63.6096102696 25.3333333333 1.0 2.5 6.0,3,1.0,0.5 0.5 59.1500741794 49.3333333333 1.0 2.5 6.0
0.5 0.5 59.1500741794 49.3333333333 1.0 2.5 6.0,3,1.0,0.5 0.5 44.6625558567 50.6666666667 1.0 2.5 6.0
0.5 0.5 44.6625558567 50.6666666667 1.0 2.5 6.0,3,1.0,0.5 0.5 54.3832421758 35.0 1.0 2.5 6.0
0.5 0.5 54.3832421758 35.0 1.0 2.5 6.0,2,1.0,0.5 0.5 69.2492717546 37.5 1.0 2.5 6.0
0.5 0.5 43.8686892976 7.4 0.833333333333 2.5 5.0,3,1.0,0.5 0.5 71.2792625109 36.5 1.0 2.5 6.0
0.5 0.5 71.2792625109 36.5 1.0 2.5 6.0,3,1.0,0.5 0.5 47.8412108652 10.0 1.0 2.5 6.0
0.5 0.5 47.8412108652 10.0 1.0 2.5 6.0,3,1.0,0.5 0.5 64.2836606083 36.0 1.0 2.5 6.0
0.5 0.5 64.2836606083 36.0 1.0 2.5 6.0,3,1.0,0.5 0.5 48.0750942792 50.8333333333 1.0 2.5 6.0
0.5 0.5 48.0750942792 50.8333333333 1.0 2.5 6.0,3,1.0,0.5 0.5 71.1252757411 51.3333333333 1.0 2.5 6.0
0.5 0.5 71.1252757411 51.3333333333 1.0 2.5 6.0,3,1.0,0.5 0.5 61.214782738 49.0 1.0 2.5 6.0
0.5 0.5 61.214782738 49.0 1.0 2.5 6.0,3,1.0,0.5 0.5 48.3466441269 23.1666666667 1.0 2.5 6.0
0.5 0.5 48.3466441269 23.1666666667 1.0 2.5 6.0,3,1.0,0.5 0.5 78.9588111369 39.8333333333 1.0 2.5 6.0
0.5 0.5 78.9588111369 39.8333333333 1.0 2.5 6.0,3,1.0,0.5 0.5 86.7978344672 39.8333333333 1.0 2.5 6.0
0.5 0.5 86.7978344672 39.8333333333 1.0 2.5 6.0,3,1.0,0.5 0.5 40.3286890084 8.66666666667 1.0 2.5 6.0
0.5 0.5 40.3286890084 8.66666666667 1.0 2.5 6.0,3,1.0,0.5 0.5 82.0260243381 38.8333333333 1.0 2.5 6.0
0.5 0.5 82.0260243381 38.8333333333 1.0 2.5 6.0,3,1.0,0.5 0.5 45.1664818746 21.3333333333 1.0 2.5 6.0
0.5 0.5 45.1664818746 21.3333333333 1.0 2.5 6.0,3,1.0,0.5 0.5 62.6279707328 24.0 1.0 2.5 6.0
0.5 0.5 62.6279707328 24.0 1.0 2.5 6.0,3,1.0,0.5 0.5 56.685140471 37.3333333333 1.0 2.5 6.0
0.5 0.5 56.685140471 37.3333333333 1.0 2.5 6.0,2,1.0,0.5 0.5 58.5693519073 38.5 1.0 2.5 6.0
1.0 1.0 40.3286890084 8.5 1.0 2.0 6.0,0,1.0,0.5 0.5 69.1711273166 25.0 1.0 2.5 6.0
0.5 0.5 69.1711273166 25.0 1.0 2.5 6.0,3,1.0,0.5 0.5 49.2580135039 21.6666666667 1.0 2.5 6.0
0.5 0.5 49.2580135039 21.6666666667 1.0 2.5 6.0,3,1.0,0.5 0.5 57.9128774328 38.5 1.0 2.5 6.0
0.5 0.5 57.9128774328 38.5 1.0 2.5 6.0,3,1.0,0.5 0.5 68.8512149982 36.0 1.0 2.5 6.0
0.5 0.5 68.8512149982 36.0 1.0 2.5 6.0,2,1.0,0.5 0.5 48.2858823556 23.5 1.0 2.5 6.0
0.5 0.5 48.2858823556 23.5 1.0 2.5 6.0,3,1.0,0.5 0.5 71.4563161271 36.0 1.0 2.5 6.0
0.5 0.5 71.4563161271 36.0 1.0 2.5 6.0,3,1.0,0.5 0.5 62.3244057916 36.0 1.0 2.5 6.0
0.5 0.5 62.3244057916 36.0 1.0 2.5 6.0,2,1.0,0.5 0.5 48.2858823556 23.6666666667 1.0 2.5 6.0
0.5 0.5 48.2858823556 23.6666666667 1.0 2.5 6.0,3,1.0,0.5 0.5 65.8808468955 38.5 1.0 2.5 6.0
0.5 0.5 65.8808468955 38.5 1.0 2.5 6.0,3,1.0,0.5 0.5 50.8595673141 22.5 1.0 2.5 6.0
0.5 0.5 50.8595673141 22.5 1.0 2.5 6.0,2,1.0,0.5 0.5 67.0656039483 25.0 1.0 2.5 6.0
0.5 0.5 67.0656039483 25.0 1.0 2.5 6.0,3,1.0,0.5 0.5 56.0770303381 36.6666666667 1.0 2.5 6.0
0.5 0.5 56.0770303381 36.6666666667 1.0 2.5 6.0,3,1.0,0.5 0.5 71.8997222672 38.6666666667 1.0 2.5 6.0
0.5 0.5 71.8997222672 38.6666666667 1.0 2.5 6.0,3,1.0,0.5 0.5 51.2804730623 50.5 1.0 2.5 6.0
0.5 0.5 51.2804730623 50.5 1.0 2.5 6.0,3,1.0,0.5 0.5 75.1214201739 51.8333333333 1.0 2.5 6.0
0.0 0.0 250.0 150.0 0.0 4.0 6.0,1,-1.0,0.0 0.0 250.0 150.0 0.0 3.5 6.0
0.0 0.0 250.0 150.0 0.0 3.5 6.0,1,-1.0,0.0 0.0 250.0 150.0 0.0 3.0 6.0
0.0 0.0 250.0 150.0 0.0 3.0 6.0,1,1.0,0.5 0.5 59.703795835 49.5 1.0 2.5 6.0
0.5 0.5 59.703795835 49.5 1.0 2.5 6.0,3,1.0,0.5 0.5 82.7810089937 39.6666666667 1.0 2.5 6.0
0.5 0.5 82.7810089937 39.6666666667 1.0 2.5 6.0,3,1.0,0.5 0.5 64.2672495147 50.3333333333 1.0 2.5 6.0
0.5 0.5 64.2672495147 50.3333333333 1.0 2.5 6.0,2,1.0,0.5 0.5 58.6181122448 56.1666666667 1.0 2.5 6.0
0.5 0.5 58.6181122448 56.1666666667 1.0 2.5 6.0,3,1.0,0.5 0.5 40.2798322561 21.5 1.0 2.5 6.0
0.5 0.5 40.2798322561 21.5 1.0 2.5 6.0,3,1.0,0.5 0.5 88.9033578356 38.8333333333 1.0 2.5 6.0
0.5 0.5 88.9033578356 38.8333333333 1.0 2.5 6.0,3,1.0,0.5 0.5 60.6671573164 25.5 1.0 2.5 6.0
0.5 0.5 60.6671573164 25.5 1.0 2.5 6.0,3,1.0,0.5 0.5 48.0383771868 35.6666666667 1.0 2.5 6.0
0.5 0.5 48.0383771868 35.6666666667 1.0 2.5 6.0,3,1.0,0.5 0.5 89.8494880511 68.5 1.0 2.5 6.0
0.5 0.5 89.8494880511 68.5 1.0 2.5 6.0,2,1.0,0.5 0.5 43.1758630411 36.6666666667 1.0 2.5 6.0
0.5 0.5 43.1758630411 36.6666666667 1.0 2.5 6.0,3,1.0,0.5 0.5 52.6182419601 23.1666666667 1.0 2.5 6.0
0.5 0.5 52.6182419601 23.1666666667 1.0 2.5 6.0,3,1.0,0.5 0.5 61.6174566326 39.1666666667 1.0 2.5 6.0
0.5 0.5 61.6174566326 39.1666666667 1.0 2.5 6.0,2,1.0,0.5 0.5 34.7923767545 22.6666666667 1.0 2.5 6.0
0.0 0.0 250.0 150.0 0.0 4.0 6.0,1,-1.0,0.0 0.0 250.0 150.0 0.0 3.5 6.0
0.0 0.0 250.0 150.0 0.0 3.5 6.0,1,-1.0,0.0 0.0 250.0 150.0 0.0 3.0 6.0
0.0 0.0 250.0 150.0 0.0 3.0 6.0,1,1.0,0.5 0.5 54.9179810575 38.3333333333 1.0 2.5 6.0
0.5 0.5 54.9179810575 38.3333333333 1.0 2.5 6.0,3,1.0,0.5 0.5 52.6182419601 21.8333333333 1.0 2.5 6.0
0.5 0.5 52.6182419601 21.8333333333 1.0 2.5 6.0,3,1.0,0.5 0.5 56.0801157321 37.0 1.0 2.5 6.0
0.5 0.5 56.0801157321 37.0 1.0 2.5 6.0,3,1.0,0.5 0.5 35.2978100162 35.6666666667 1.0 2.5 6.0
0.5 0.5 35.2978100162 35.6666666667 1.0 2.5 6.0,2,1.0,0.5 0.5 68.7407179528 39.1666666667 1.0 2.5 6.0
0.5 0.5 68.7407179528 39.1666666667 1.0 2.5 6.0,2,1.0,0.5 0.5 89.3078182004 37.5 1.0 2.5 6.0
0.5 0.5 89.3078182004 37.5 1.0 2.5 6.0,3,1.0,0.5 0.5 58.735659855 23.1666666667 1.0 2.5 6.0
0.5 0.5 58.735659855 23.1666666667 1.0 2.5 6.0,3,1.0,0.5 0.5 64.4270325061 25.5 1.0 2.5 6.0
0.5 0.5 64.4270325061 25.5 1.0 2.5 6.0,3,1.0,0.5 0.5 68.4467546335 37.3333333333 1.0 2.5 6.0
0.5 0.5 68.4467546335 37.3333333333 1.0 2.5 6.0,3,1.0,0.5 0.5 43.4313025436 52.1666666667 1.0 2.5 6.0
0.5 0.5 43.4313025436 52.1666666667 1.0 2.5 6.0,3,1.0,0.5 0.5 47.8412108652 10.1666666667 1.0 2.5 6.0
0.5 0.5 47.8412108652 10.1666666667 1.0 2.5 6.0,3,1.0,0.5 0.5 52.6182419601 22.0 1.0 2.5 6.0
0.5 0.5 52.6182419601 22.0 1.0 2.5 6.0,3,1.0,0.5 0.5 51.2242760595 21.6666666667 1.0 2.5 6.0
0.0 0.0 250.0 150.0 0.0 3.5 4.0,1,-1.0,0.0 0.0 250.0 150.0 0.0 3.0 4.0
0.0 0.0 250.0 150.0 0.0 3.0 4.0,1,1.0,0.5 0.5 77.2671801722 70.5 0.666666666667 2.5 4.0
0.5 0.5 77.2671801722 70.5 0.666666666667 2.5 4.0,3,1.0,0.5 0.5 59.1388596061 38.6 0.833333333333 2.5 5.0
0.5 0.5 59.1388596061 38.6 0.833333333333 2.5 5.0,3,1.0,0.5 0.5 56.0986824718 58.8333333333 1.0 2.5 6.0
0.5 0.5 56.0986824718 58.8333333333 1.0 2.5 6.0,3,1.0,0.5 0.5 44.2362629173 50.6666666667 1.0 2.5 6.0
0.5 0.5 44.2362629173 50.6666666667 1.0 2.5 6.0,3,1.0,0.5 0.5 64.3579386733 23.1666666667 1.0 2.5 6.0
0.5 0.5 64.3579386733 23.1666666667 1.0 2.5 6.0,3,1.0,0.5 0.5 52.6611072168 23.6666666667 1.0 2.5 6.0
0.5 0.5 52.6611072168 23.6666666667 1.0 2.5 6.0,3,1.0,0.5 0.5 65.5155823164 37.5 1.0 2.5 6.0
0.5 0.5 65.5155823164 37.5 1.0 2.5 6.0,3,1.0,0.5 0.5 54.1049347758 33.8333333333 1.0 2.5 6.0
0.5 0.5 54.1049347758 33.8333333333 1.0 2.5 6.0,3,1.0,0.5 0.5 107.260318239 54.1666666667 1.0 2.5 6.0
0.5 0.5 107.260318239 54.1666666667 1.0 2.5 6.0,3,1.0,0.5 0.5 59.0595538488 23.8333333333 1.0 2.5 6.0
0.5 0.5 59.0595538488 23.8333333333 1.0 2.5 6.0,3,1.0,0.5 0.5 68.6377669783 36.3333333333 1.0 2.5 6.0
0.5 0.5 68.6377669783 36.3333333333 1.0 2.5 6.0,3,1.0,0.5 0.5 39.7743989944 8.33333333333 1.0 2.5 6.0
0.5 0.5 39.7743989944 8.33333333333 1.0 2.5 6.0,3,1.0,0.5 0.5 81.3687956274 51.1666666667 1.0 2.5 6.0
0.5 0.5 81.3687956274 51.1666666667 1.0 2.5 6.0,3,1.0,0.5 0.5 40.3286890084 8.33333333333 1.0 2.5 6.0
1.0 1.0 40.3286890084 8.5 1.0 2.0 6.0,0,1.0,0.5 0.5 45.1418776517 10.1666666667 1.0 2.5 6.0
0.5 0.5 45.1418776517 10.1666666667 1.0 2.5 6.0,3,1.0,0.5 0.5 81.0148835047 53.0 1.0 2.5 6.0
0.5 0.5 81.0148835047 53.0 1.0 2.5 6.0,3,1.0,0.5 0.5 40.3286890084 8.66666666667 1.0 2.5 6.0
0.5 0.5 40.3286890084 8.66666666667 1.0 2.5 6.0,3,1.0,0.5 0.5 68.4528883081 38.1666666667 1.0 2.5 6.0
0.5 0.5 68.4528883081 38.1666666667 1.0 2.5 6.0,2,1.0,0.5 0.5 47.7804490939 10.1666666667 1.0 2.5 6.0
0.5 0.5 47.7804490939 10.1666666667 1.0 2.5 6.0,3,1.0,0.5 0.5 52.6182419601 23.3333333333 1.0 2.5 6.0
0.5 0.5 52.6182419601 23.3333333333 1.0 2.5 6.0,3,1.0,0.5 0.5 44.443358264 37.8333333333 1.0 2.5 6.0
0.5 0.5 44.443358264 37.8333333333 1.0 2.5 6.0,3,1.0,0.5 0.5 62.1530068491 23.5 1.0 2.5 6.0
0.5 0.5 62.1530068491 23.5 1.0 2.5 6.0,3,1.0,0.5 0.5 73.6634649322 70.0 1.0 2.5 6.0
0.5 0.5 73.6634649322 70.0 1.0 2.5 6.0,3,1.0,0.5 0.5 66.3362699656 50.6666666667 1.0 2.5 6.0
0.5 0.5 66.3362699656 50.6666666667 1.0 2.5 6.0,3,1.0,0.5 0.5 52.6964399883 23.6666666667 1.0 2.5 6.0
0.5 0.5 52.6964399883 23.6666666667 1.0 2.5 6.0,3,1.0,0.5 0.5 70.8699648654 40.0 1.0 2.5 6.0
0.5 0.5 70.8699648654 40.0 1.0 2.5 6.0,3,1.0,0.5 0.5 83.7855842794 64.3333333333 1.0 2.5 6.0
0.5 0.5 83.7855842794 64.3333333333 1.0 2.5 6.0,3,1.0,0.5 0.5 59.6680626567 36.1666666667 1.0 2.5 6.0
0.5 0.5 59.6680626567 36.1666666667 1.0 2.5 6.0,3,1.0,0.5 0.5 56.0970884128 23.1666666667 1.0 2.5 6.0
0.5 0.5 66.8180987795 38.0 1.0 2.5 6.0,3,1.0,0.5 0.5 65.5460751204 64.0 1.0 2.5 6.0
0.5 0.5 65.5460751204 64.0 1.0 2.5 6.0,3,1.0,0.5 0.5 65.8446314889 34.5 1.0 2.5 6.0
0.5 0.5 65.8446314889 34.5 1.0 2.5 6.0,3,1.0,0.5 0.5 78.5275872731 41.0 1.0 2.5 6.0
0.5 0.5 78.5275872731 41.0 1.0 2.5 6.0,3,1.0,0.5 0.5 58.3720891709 24.3333333333 1.0 2.5 6.0
0.5 0.5 58.3720891709 24.3333333333 1.0 2.5 6.0,3,1.0,0.5 0.5 47.7804490939 8.66666666667 1.0 2.5 6.0
0.5 0.5 47.7804490939 8.66666666667 1.0 2.5 6.0,3,1.0,0.5 0.5 45.1418776517 10.5 1.0 2.5 6.0
0.5 0.5 45.1418776517 10.5 1.0 2.5 6.0,3,1.0,0.5 0.5 51.5170905366 52.1666666667 1.0 2.5 6.0
0.5 0.5 51.5170905366 52.1666666667 1.0 2.5 6.0,3,1.0,0.5 0.5 64.8937814465 35.8333333333 1.0 2.5 6.0
0.5 0.5 64.8937814465 35.8333333333 1.0 2.5 6.0,3,1.0,0.5 0.5 59.9513010037 36.3333333333 1.0 2.5 6.0
0.5 0.5 59.9513010037 36.3333333333 1.0 2.5 6.0,2,1.0,0.5 0.5 52.3707367914 36.3333333333 1.0 2.5 6.0
0.5 0.5 52.3707367914 36.3333333333 1.0 2.5 6.0,3,1.0,0.5 0.5 67.3686095895 38.6666666667 1.0 2.5 6.0
0.5 0.5 67.3686095895 38.6666666667 1.0 2.5 6.0,2,1.0,0.5 0.5 125.430355061 71.1666666667 1.0 2.5 6.0
0.5 0.5 125.430355061 71.1666666667 1.0 2.5 6.0,3,1.0,0.5 0.5 56.5980360227 24.1666666667 1.0 2.5 6.0
0.5 0.5 56.5980360227 24.1666666667 1.0 2.5 6.0,3,1.0,0.5 0.5 40.83412227 21.5 1.0 2.5 6.0
0.5 0.5 40.83412227 21.5 1.0 2.5 6.0,3,1.0,0.5 0.5 49.9796705179 23.3333333333 1.0 2.5 6.0
0.0 0.0 250.0 150.0 0.0 4.0 6.0,1,-1.0,0.0 0.0 250.0 150.0 0.0 3.5 6.0
0.0 0.0 250.0 150.0 0.0 3.5 6.0,1,-1.0,0.0 0.0 250.0 150.0 0.0 3.0 6.0
0.0 0.0 250.0 150.0 0.0 3.0 6.0,1,1.0,0.5 0.5 50.7580795616 23.8333333333 1.0 2.5 6.0
0.5 0.5 50.7580795616 23.8333333333 1.0 2.5 6.0,3,1.0,0.5 0.5 47.7804490939 10.1666666667 1.0 2.5 6.0
0.5 0.5 47.7804490939 10.1666666667 1.0 2.5 6.0,3,1.0,0.5 0.5 70.5979315076 38.1666666667 1.0 2.5 6.0
0.5 0.5 70.5979315076 38.1666666667 1.0 2.5 6.0,3,1.0,0.5 0.5 44.6085173133 23.3333333333 1.0 2.5 6.0
0.5 0.5 44.6085173133 23.3333333333 1.0 2.5 6.0,2,1.0,0.5 0.5 60.5785409031 38.3333333333 1.0 2.5 6.0
0.5 0.5 60.5785409031 38.3333333333 1.0 2.5 6.0,3,1.0,0.5 0.5 51.2177766111 33.3333333333 1.0 2.5 6.0
0.5 0.5 51.2177766111 33.3333333333 1.0 2.5 6.0,2,1.0,0.5 0.5 47.3565605061 23.6666666667 1.0 2.5 6.0
0.5 0.5 47.3565605061 23.6666666667 1.0 2.5 6.0,3,1.0,0.5 0.5 77.5286876879 50.3333333333 1.0 2.5 6.0
0.5 0.5 77.5286876879 50.3333333333 1.0 2.5 6.0,3,1.0,0.5 0.5 51.413857328 23.0 1.0 2.5 6.0
0.5 0.5 51.413857328 23.0 1.0 2.5 6.0,3,1.0,0.5 0.5 56.5852552683 36.3333333333 1.0 2.5 6.0
0.5 0.5 56.5852552683 36.3333333333 1.0 2.5 6.0,2,1.0,0.5 0.5 67.0656039483 23.0 1.0 2.5 6.0
0.5 0.5 67.0656039483 23.0 1.0 2.5 6.0,3,1.0,0.5 0.5 40.3286890084 8.83333333333 1.0 2.5 6.0
0.5 0.5 40.3286890084 8.83333333333 1.0 2.5 6.0,2,1.0,0.5 0.5 56.5980360227 24.3333333333 1.0 2.5 6.0
1.0 1.0 31.789771501 8.0 0.333333333333 0.5 2.0,0,1.0,1.0 1.0 31.789771501 8.0 0.333333333333 1.0 2.0
1.0 1.0 31.789771501 8.0 0.333333333333 1.0 2.0,3,1.0,1.0 1.0 32.4400969125 9.0 0.5 1.0 3.0
1.0 1.0 32.4400969125 9.0 0.5 1.0 3.0,0,1.0,1.0 1.0 34.420264154 8.0 0.5 1.5 3.0
1.0 1.0 34.420264154 8.0 0.5 1.5 3.0,0,1.0,1.0 1.0 32.4400969125 9.0 0.5 2.0 3.0
1.0 1.0 32.4400969125 9.0 0.5 2.0 3.0,3,1.0,1.0 1.0 50.8390775541 5.75 0.666666666667 2.0 4.0
1.0 1.0 50.8390775541 5.75 0.666666666667 2.0 4.0,3,1.0,1.0 1.0 43.8686892976 7.6 0.833333333333 2.0 5.0
1.0 1.0 43.8686892976 7.6 0.833333333333 2.0 5.0,0,1.0,0.5 0.5 43.2035412808 7.4 0.833333333333 2.5 5.0
0.5 0.5 43.2035412808 7.4 0.833333333333 2.5 5.0,3,1.0,0.5 0.5 57.8670195755 36.3333333333 1.0 2.5 6.0
0.5 0.5 57.8670195755 36.3333333333 1.0 2.5 6.0,3,1.0,0.5 0.5 40.3286890084 8.83333333333 1.0 2.5 6.0
0.5 0.5 40.3286890084 8.83333333333 1.0 2.5 6.0,3,1.0,0.5 0.5 47.7804490939 10.5 1.0 2.5 6.0
0.5 0.5 47.7804490939 10.5 1.0 2.5 6.0,3,1.0,0.5 0.5 50.9218827235 25.8333333333 1.0 2.5 6.0
0.5 0.5 50.9218827235 25.8333333333 1.0 2.5 6.0,3,1.0,0.5 0.5 59.7287483976 39.0 1.0 2.5 6.0
0.5 0.5 59.7287483976 39.0 1.0 2.5 6.0,3,1.0,0.5 0.5 40.8672531247 22.8333333333 1.0 2.5 6.0
0.5 0.5 40.8672531247 22.8333333333 1.0 2.5 6.0,3,1.0,0.5 0.5 78.7752474764 41.5 1.0 2.5 6.0
0.5 0.5 78.7752474764 41.5 1.0 2.5 6.0,3,1.0,0.5 0.5 90.2260108728 39.1666666667 1.0 2.5 6.0
1.0 1.0 40.3286890084 8.33333333333 1.0 1.5 6.0,0,1.0,1.0 1.0 40.3286890084 8.33333333333 1.0 2.0 6.0
1.0 1.0 40.3286890084 8.33333333333 1.0 2.0 6.0,0,1.0,0.5 0.5 58.8216264194 37.6666666667 1.0 2.5 6.0
0.5 0.5 58.8216264194 37.6666666667 1.0 2.5 6.0,3,1.0,0.5 0.5 89.2912872067 52.8333333333 1.0 2.5 6.0
0.5 0.5 89.2912872067 52.8333333333 1.0 2.5 6.0,2,1.0,0.5 0.5 62.194448233 36.3333333333 1.0 2.5 6.0
0.5 0.5 62.194448233 36.3333333333 1.0 2.5 6.0,3,1.0,0.5 0.5 72.1586484588 38.6666666667 1.0 2.5 6.0
0.5 0.5 72.1586484588 38.6666666667 1.0 2.5 6.0,3,1.0,0.5 0.5 65.647586759 34.8333333333 1.0 2.5 6.0
0.5 0.5 65.647586759 34.8333333333 1.0 2.5 6.0,3,1.0,0.5 0.5 50.7095516808 34.0 1.0 2.5 6.0
