1.0 1.0 35.5941608238 21.1111111111 1.0 0.5 9.0,2,1.0,1.0 1.0 35.5941608238 21.1111111111 1.0 0.5 9.0
1.0 1.0 35.5941608238 21.1111111111 1.0 0.5 9.0,3,1.0,1.0 1.0 35.8123049981 18.4444444444 1.0 0.5 9.0
1.0 1.0 35.8123049981 18.4444444444 1.0 0.5 9.0,4,-1.0,1.0 1.0 36.8124895982 17.75 0.888888888889 0.5 8.0
1.0 1.0 36.8124895982 17.75 0.888888888889 0.5 8.0,2,-1.0,1.0 1.0 36.8124895982 17.625 0.888888888889 0.5 8.0
1.0 1.0 36.8124895982 17.625 0.888888888889 0.5 8.0,4,-1.0,1.0 1.0 38.99948583 17.4285714286 0.777777777778 0.5 7.0
1.0 1.0 38.99948583 17.4285714286 0.777777777778 0.5 7.0,3,1.0,1.0 1.0 36.8147320247 17.625 0.888888888889 0.5 8.0
1.0 1.0 36.8147320247 17.625 0.888888888889 0.5 8.0,3,1.0,1.0 1.0 35.8103117301 18.1111111111 1.0 0.5 9.0
1.0 1.0 35.8103117301 18.1111111111 1.0 0.5 9.0,2,1.0,1.0 1.0 35.8123049981 18.1111111111 1.0 0.5 9.0
1.0 1.0 35.8123049981 18.1111111111 1.0 0.5 9.0,4,-1.0,1.0 1.0 36.8124895982 18.125 0.888888888889 0.5 8.0
1.0 1.0 36.8124895982 18.125 0.888888888889 0.5 8.0,2,-1.0,1.0 1.0 36.8124895982 18.0 0.888888888889 0.5 8.0
1.0 1.0 36.8124895982 18.0 0.888888888889 0.5 8.0,4,-1.0,1.0 1.0 38.99948583 17.4285714286 0.777777777778 0.5 7.0
1.0 1.0 38.99948583 17.4285714286 0.777777777778 0.5 7.0,4,-1.0,1.0 1.0 43.8809166964 16.5 0.666666666667 0.5 6.0
1.0 1.0 43.8809166964 16.5 0.666666666667 0.5 6.0,2,-1.0,1.0 1.0 43.8809166964 16.5 0.666666666667 0.5 6.0
1.0 1.0 43.8809166964 16.5 0.666666666667 0.5 6.0,1,-1.0,1.0 1.0 43.8809166964 16.1666666667 0.666666666667 0.5 6.0
1.0 1.0 43.8809166964 16.1666666667 0.666666666667 0.5 6.0,3,1.0,1.0 1.0 38.99948583 17.1428571429 0.777777777778 0.5 7.0
1.0 1.0 42.8925265904 16.0 0.444444444444 0.5 4.0,2,-1.0,1.0 1.0 42.8925265904 15.5 0.444444444444 0.5 4.0
1.0 1.0 42.8925265904 15.5 0.444444444444 0.5 4.0,4,-1.0,1.0 1.0 53.178998959 15.3333333333 0.333333333333 0.5 3.0
1.0 1.0 53.178998959 15.3333333333 0.333333333333 0.5 3.0,4,-1.0,1.0 1.0 34.0456000244 19.0 0.222222222222 0.5 2.0
1.0 1.0 34.0456000244 19.0 0.222222222222 0.5 2.0,2,-1.0,1.0 1.0 47.8391906151 17.5 0.222222222222 0.5 2.0
1.0 1.0 47.8391906151 17.5 0.222222222222 0.5 2.0,3,1.0,1.0 1.0 44.0354498002 16.0 0.333333333333 0.5 3.0
1.0 1.0 44.0354498002 16.0 0.333333333333 0.5 3.0,0,1.0,1.0 1.0 44.0354498002 15.6666666667 0.333333333333 1.0 3.0
1.0 1.0 44.0354498002 15.6666666667 0.333333333333 1.0 3.0,2,-1.0,1.0 1.0 44.0354498002 15.3333333333 0.333333333333 1.0 3.0
1.0 1.0 44.0354498002 15.3333333333 0.333333333333 1.0 3.0,4,-1.0,1.0 1.0 34.0456000244 19.0 0.222222222222 1.0 2.0
1.0 1.0 34.0456000244 19.0 0.222222222222 1.0 2.0,2,-1.0,1.0 1.0 34.0456000244 21.0 0.222222222222 1.0 2.0
1.0 1.0 34.0456000244 21.0 0.222222222222 1.0 2.0,4,-1.0,1.0 1.0 40.5210252567 15.0 0.111111111111 1.0 1.0
1.0 1.0 40.5210252567 15.0 0.111111111111 1.0 1.0,3,1.0,1.0 1.0 34.0456000244 21.5 0.222222222222 1.0 2.0
1.0 1.0 34.0456000244 21.5 0.222222222222 1.0 2.0,0,1.0,1.0 1.0 34.0456000244 21.5 0.222222222222 1.5 2.0
1.0 1.0 34.0456000244 21.5 0.222222222222 1.5 2.0,4,-1.0,1.0 1.0 40.5210252567 15.0 0.111111111111 1.5 1.0
1.0 1.0 40.5210252567 15.0 0.111111111111 1.5 1.0,0,1.0,1.0 1.0 40.5210252567 18.0 0.111111111111 2.0 1.0
1.0 1.0 40.5210252567 18.0 0.111111111111 2.0 1.0,0,1.0,0.5 0.5 30.0936930247 26.0 0.111111111111 2.5 1.0
1.0 1.0 42.8925265904 15.5 0.444444444444 1.0 4.0,2,-1.0,1.0 1.0 42.8925265904 15.0 0.444444444444 1.0 4.0
1.0 1.0 42.8925265904 15.0 0.444444444444 1.0 4.0,4,-1.0,1.0 1.0 44.0354498002 15.0 0.333333333333 1.0 3.0
1.0 1.0 44.0354498002 15.0 0.333333333333 1.0 3.0,0,1.0,1.0 1.0 44.0354498002 15.0 0.333333333333 1.5 3.0
1.0 1.0 44.0354498002 15.0 0.333333333333 1.5 3.0,0,1.0,1.0 1.0 44.0354498002 15.3333333333 0.333333333333 2.0 3.0
1.0 1.0 44.0354498002 15.3333333333 0.333333333333 2.0 3.0,3,1.0,1.0 1.0 42.8925265904 15.0 0.444444444444 2.0 4.0
1.0 1.0 42.8925265904 15.0 0.444444444444 2.0 4.0,4,-1.0,1.0 1.0 44.0354498002 15.0 0.333333333333 2.0 3.0
1.0 1.0 44.0354498002 15.0 0.333333333333 2.0 3.0,4,-1.0,1.0 1.0 34.0456000244 18.5 0.222222222222 2.0 2.0
1.0 1.0 34.0456000244 18.5 0.222222222222 2.0 2.0,3,1.0,1.0 1.0 44.0354498002 15.0 0.333333333333 2.0 3.0
1.0 1.0 44.0354498002 15.0 0.333333333333 2.0 3.0,1,-1.0,1.0 1.0 53.178998959 15.6666666667 0.333333333333 1.5 3.0
1.0 1.0 53.178998959 15.6666666667 0.333333333333 1.5 3.0,4,-1.0,1.0 1.0 34.0456000244 21.5 0.222222222222 1.5 2.0
1.0 1.0 34.0456000244 21.5 0.222222222222 1.5 2.0,4,-1.0,1.0 1.0 40.5210252567 18.0 0.111111111111 1.5 1.0
1.0 1.0 40.5210252567 18.0 0.111111111111 1.5 1.0,2,-1.0,1.0 1.0 51.6581467603 17.0 0.111111111111 1.5 1.0
1.0 1.0 51.6581467603 17.0 0.111111111111 1.5 1.0,1,-1.0,1.0 1.0 51.6581467603 17.0 0.111111111111 1.0 1.0
1.0 1.0 51.6581467603 17.0 0.111111111111 1.0 1.0,4,-1.0,1.0 1.0 40.5210252567 15.0 0.111111111111 1.0 1.0
1.0 1.0 40.5210252567 15.0 0.111111111111 1.0 1.0,4,-1.0,1.0 1.0 40.5210252567 15.0 0.111111111111 1.0 1.0
0.0 0.0 250.0 150.0 0.0 3.5 1.0,2,-1.0,0.0 0.0 250.0 150.0 0.0 3.5 1.0
0.0 0.0 250.0 150.0 0.0 3.5 1.0,2,-1.0,0.0 0.0 250.0 150.0 0.0 3.5 1.0
0.0 0.0 250.0 150.0 0.0 3.5 1.0,2,-1.0,0.0 0.0 250.0 150.0 0.0 3.5 1.0
0.0 0.0 250.0 150.0 0.0 3.5 1.0,3,-1.0,0.0 0.0 250.0 150.0 0.0 3.5 2.0
0.0 0.0 250.0 150.0 0.0 3.5 2.0,4,-1.0,0.0 0.0 250.0 150.0 0.0 3.5 1.0
0.0 0.0 250.0 150.0 0.0 3.5 1.0,2,-1.0,0.0 0.0 250.0 150.0 0.0 3.5 1.0
0.0 0.0 250.0 150.0 0.0 3.5 1.0,3,-1.0,0.0 0.0 250.0 150.0 0.0 3.5 2.0
0.0 0.0 250.0 150.0 0.0 3.5 2.0,2,-1.0,0.0 0.0 250.0 150.0 0.0 3.5 2.0
0.0 0.0 250.0 150.0 0.0 3.5 2.0,0,-1.0,0.0 0.0 250.0 150.0 0.0 4.0 2.0
0.0 0.0 250.0 150.0 0.0 4.0 2.0,3,-1.0,0.0 0.0 250.0 150.0 0.0 4.0 3.0
0.0 0.0 250.0 150.0 0.0 4.0 3.0,2,-1.0,0.0 0.0 250.0 150.0 0.0 4.0 3.0
0.0 0.0 250.0 150.0 0.0 4.0 3.0,0,-1.0,0.0 0.0 250.0 150.0 0.0 4.0 3.0
0.0 0.0 250.0 150.0 0.0 4.0 3.0,0,-1.0,0.0 0.0 250.0 150.0 0.0 4.0 3.0
0.0 0.0 250.0 150.0 0.0 4.0 3.0,0,-1.0,0.0 0.0 250.0 150.0 0.0 4.0 3.0
0.0 0.0 250.0 150.0 0.0 4.0 3.0,2,-1.0,0.0 0.0 250.0 150.0 0.0 4.0 3.0
1.0 1.0 40.5608823493 18.0 0.333333333333 1.0 3.0,0,1.0,1.0 1.0 44.0354498002 15.0 0.333333333333 1.5 3.0
1.0 1.0 44.0354498002 15.0 0.333333333333 1.5 3.0,1,-1.0,1.0 1.0 44.0354498002 16.3333333333 0.333333333333 1.0 3.0
1.0 1.0 44.0354498002 16.3333333333 0.333333333333 1.0 3.0,2,-1.0,1.0 1.0 44.0354498002 15.6666666667 0.333333333333 1.0 3.0
1.0 1.0 44.0354498002 15.6666666667 0.333333333333 1.0 3.0,2,-1.0,1.0 1.0 44.0354498002 15.3333333333 0.333333333333 1.0 3.0
1.0 1.0 44.0354498002 15.3333333333 0.333333333333 1.0 3.0,0,1.0,1.0 1.0 44.0354498002 15.0 0.333333333333 1.5 3.0
1.0 1.0 44.0354498002 15.0 0.333333333333 1.5 3.0,4,-1.0,1.0 1.0 34.0456000244 21.5 0.222222222222 1.5 2.0
1.0 1.0 34.0456000244 21.5 0.222222222222 1.5 2.0,0,1.0,1.0 1.0 34.0456000244 18.5 0.222222222222 2.0 2.0
1.0 1.0 34.0456000244 18.5 0.222222222222 2.0 2.0,0,1.0,0.5 0.5 34.0456000244 19.5 0.222222222222 2.5 2.0
0.5 0.5 34.0456000244 19.5 0.222222222222 2.5 2.0,0,-1.0,0.0 0.0 250.0 150.0 0.0 3.0 2.0
0.0 0.0 250.0 150.0 0.0 3.0 2.0,1,1.0,0.5 0.5 47.8391906151 15.0 0.222222222222 2.5 2.0
0.5 0.5 47.8391906151 15.0 0.222222222222 2.5 2.0,3,1.0,0.5 0.5 37.7322657912 25.0 0.333333333333 2.5 3.0
0.5 0.5 37.7322657912 25.0 0.333333333333 2.5 3.0,0,-1.0,0.0 0.0 250.0 150.0 0.0 3.0 3.0
0.0 0.0 250.0 150.0 0.0 3.0 3.0,1,1.0,0.5 0.5 67.8691078871 32.6666666667 0.333333333333 2.5 3.0
0.5 0.5 67.8691078871 32.6666666667 0.333333333333 2.5 3.0,4,-1.0,0.5 0.5 39.7538139611 15.0 0.222222222222 2.5 2.0
0.5 0.5 39.7538139611 15.0 0.222222222222 2.5 2.0,0,-1.0,0.0 0.0 250.0 150.0 0.0 3.0 2.0
0.0 0.0 250.0 150.0 0.0 3.5 1.0,3,-1.0,0.0 0.0 250.0 150.0 0.0 3.5 2.0
0.0 0.0 250.0 150.0 0.0 3.5 2.0,1,-1.0,0.0 0.0 250.0 150.0 0.0 3.0 2.0
0.0 0.0 250.0 150.0 0.0 3.0 2.0,3,-1.0,0.0 0.0 250.0 150.0 0.0 3.0 3.0
0.0 0.0 250.0 150.0 0.0 3.0 3.0,1,1.0,0.5 0.5 57.5385336461 16.0 0.333333333333 2.5 3.0
0.5 0.5 57.5385336461 16.0 0.333333333333 2.5 3.0,1,-1.0,1.0 1.0 53.178998959 16.6666666667 0.333333333333 2.0 3.0
1.0 1.0 53.178998959 16.6666666667 0.333333333333 2.0 3.0,4,-1.0,1.0 1.0 47.8391906151 17.5 0.222222222222 2.0 2.0
1.0 1.0 47.8391906151 17.5 0.222222222222 2.0 2.0,0,1.0,0.5 0.5 28.8319339083 26.0 0.222222222222 2.5 2.0
0.5 0.5 28.8319339083 26.0 0.222222222222 2.5 2.0,3,1.0,0.5 0.5 37.998037845 15.0 0.333333333333 2.5 3.0
0.5 0.5 37.998037845 15.0 0.333333333333 2.5 3.0,3,1.0,0.5 0.5 53.0252932277 16.25 0.444444444444 2.5 4.0
0.5 0.5 53.0252932277 16.25 0.444444444444 2.5 4.0,1,-1.0,1.0 1.0 49.7501884595 15.25 0.444444444444 2.0 4.0
1.0 1.0 49.7501884595 15.25 0.444444444444 2.0 4.0,0,1.0,0.5 0.5 45.643127293 18.5 0.444444444444 2.5 4.0
0.5 0.5 45.643127293 18.5 0.444444444444 2.5 4.0,0,-1.0,0.0 0.0 250.0 150.0 0.0 3.0 4.0
0.0 0.0 250.0 150.0 0.0 3.0 4.0,4,-1.0,0.0 0.0 250.0 150.0 0.0 3.0 3.0
0.0 0.0 250.0 150.0 0.0 3.0 3.0,2,-1.0,0.0 0.0 250.0 150.0 0.0 3.0 3.0
0.0 0.0 250.0 150.0 0.0 3.0 3.0,0,-1.0,0.0 0.0 250.0 150.0 0.0 3.5 3.0
0.0 0.0 250.0 150.0 0.0 4.0 4.0,2,-1.0,0.0 0.0 250.0 150.0 0.0 4.0 4.0
0.0 0.0 250.0 150.0 0.0 4.0 4.0,1,-1.0,0.0 0.0 250.0 150.0 0.0 3.5 4.0
0.0 0.0 250.0 150.0 0.0 3.5 4.0,1,-1.0,0.0 0.0 250.0 150.0 0.0 3.0 4.0
0.0 0.0 250.0 150.0 0.0 3.0 4.0,3,-1.0,0.0 0.0 250.0 150.0 0.0 3.0 5.0
0.0 0.0 250.0 150.0 0.0 3.0 5.0,2,-1.0,0.0 0.0 250.0 150.0 0.0 3.0 5.0
0.0 0.0 250.0 150.0 0.0 3.0 5.0,1,1.0,0.5 0.5 52.1202494641 29.6 0.555555555556 2.5 5.0
0.5 0.5 52.1202494641 29.6 0.555555555556 2.5 5.0,4,-1.0,0.5 0.5 52.9861598015 18.75 0.444444444444 2.5 4.0
0.5 0.5 52.9861598015 18.75 0.444444444444 2.5 4.0,3,1.0,0.5 0.5 70.2087564226 39.0 0.555555555556 2.5 5.0
0.5 0.5 70.2087564226 39.0 0.555555555556 2.5 5.0,3,1.0,0.5 0.5 34.075336577 21.5 0.666666666667 2.5 6.0
0.5 0.5 34.075336577 21.5 0.666666666667 2.5 6.0,2,1.0,0.5 0.5 55.2120694201 19.1666666667 0.666666666667 2.5 6.0
0.5 0.5 55.2120694201 19.1666666667 0.666666666667 2.5 6.0,1,-1.0,1.0 1.0 43.5566903368 17.0 0.666666666667 2.0 6.0
1.0 1.0 43.5566903368 17.0 0.666666666667 2.0 6.0,1,-1.0,1.0 1.0 43.5566903368 17.6666666667 0.666666666667 1.5 6.0
1.0 1.0 43.5566903368 17.6666666667 0.666666666667 1.5 6.0,1,-1.0,1.0 1.0 43.5566903368 16.8333333333 0.666666666667 1.0 6.0
1.0 1.0 43.5566903368 16.8333333333 0.666666666667 1.0 6.0,4,-1.0,1.0 1.0 49.632663583 16.0 0.555555555556 1.0 5.0
1.0 1.0 49.632663583 16.0 0.555555555556 1.0 5.0,2,-1.0,1.0 1.0 49.632663583 15.4 0.555555555556 1.0 5.0
0.5 0.5 52.094939038 24.2222222222 1.0 2.5 9.0,3,1.0,0.5 0.5 48.9247795354 22.7777777778 1.0 2.5 9.0
0.5 0.5 48.9247795354 22.7777777778 1.0 2.5 9.0,2,1.0,0.5 0.5 46.2395656799 18.8888888889 1.0 2.5 9.0
0.5 0.5 46.2395656799 18.8888888889 1.0 2.5 9.0,3,1.0,0.5 0.5 60.354960297 21.3333333333 1.0 2.5 9.0
0.5 0.5 60.354960297 21.3333333333 1.0 2.5 9.0,4,-1.0,0.5 0.5 36.1632266464 19.75 0.888888888889 2.5 8.0
0.5 0.5 36.1632266464 19.75 0.888888888889 2.5 8.0,1,-1.0,1.0 1.0 36.8124895982 17.875 0.888888888889 2.0 8.0
1.0 1.0 36.8124895982 17.875 0.888888888889 2.0 8.0,1,-1.0,1.0 1.0 36.8124895982 17.875 0.888888888889 1.5 8.0
1.0 1.0 36.8124895982 17.875 0.888888888889 1.5 8.0,3,1.0,1.0 1.0 35.8123049981 18.4444444444 1.0 1.5 9.0
1.0 1.0 35.8123049981 18.4444444444 1.0 1.5 9.0,4,-1.0,1.0 1.0 36.8124895982 17.75 0.888888888889 1.5 8.0
1.0 1.0 36.8124895982 17.75 0.888888888889 1.5 8.0,4,-1.0,1.0 1.0 38.99948583 17.1428571429 0.777777777778 1.5 7.0
1.0 1.0 38.99948583 17.1428571429 0.777777777778 1.5 7.0,1,-1.0,1.0 1.0 38.99948583 17.1428571429 0.777777777778 1.0 7.0
1.0 1.0 38.99948583 17.1428571429 0.777777777778 1.0 7.0,3,1.0,1.0 1.0 36.8124895982 17.75 0.888888888889 1.0 8.0
1.0 1.0 36.8124895982 17.75 0.888888888889 1.0 8.0,0,1.0,1.0 1.0 36.8124895982 17.75 0.888888888889 1.5 8.0
1.0 1.0 36.8124895982 17.75 0.888888888889 1.5 8.0,2,-1.0,1.0 1.0 36.8147320247 18.0 0.888888888889 1.5 8.0
1.0 1.0 36.8147320247 18.0 0.888888888889 1.5 8.0,3,1.0,1.0 1.0 35.8103117301 18.6666666667 1.0 1.5 9.0
1.0 1.0 35.8103117301 18.6666666667 1.0 1.5 9.0,2,-1.0,1.0 1.0 35.8103117301 18.2222222222 1.0 1.5 9.0
0.0 0.0 250.0 150.0 0.0 3.5 8.0,2,-1.0,0.0 0.0 250.0 150.0 0.0 3.5 8.0
0.0 0.0 250.0 150.0 0.0 3.5 8.0,1,-1.0,0.0 0.0 250.0 150.0 0.0 3.0 8.0
0.0 0.0 250.0 150.0 0.0 3.0 8.0,1,1.0,0.5 0.5 42.5173026706 18.875 0.888888888889 2.5 8.0
0.5 0.5 42.5173026706 18.875 0.888888888889 2.5 8.0,3,1.0,0.5 0.5 44.3170336621 22.7777777778 1.0 2.5 9.0
0.5 0.5 44.3170336621 22.7777777778 1.0 2.5 9.0,3,1.0,0.5 0.5 52.5556730704 27.0 1.0 2.5 9.0
0.5 0.5 52.5556730704 27.0 1.0 2.5 9.0,3,1.0,0.5 0.5 51.4093768093 43.1111111111 1.0 2.5 9.0
0.5 0.5 51.4093768093 43.1111111111 1.0 2.5 9.0,4,-1.0,0.5 0.5 28.4972378195 18.25 0.888888888889 2.5 8.0
0.5 0.5 28.4972378195 18.25 0.888888888889 2.5 8.0,1,-1.0,1.0 1.0 36.8124895982 17.75 0.888888888889 2.0 8.0
1.0 1.0 36.8124895982 17.75 0.888888888889 2.0 8.0,3,1.0,1.0 1.0 35.8103117301 18.1111111111 1.0 2.0 9.0
1.0 1.0 35.8103117301 18.1111111111 1.0 2.0 9.0,2,-1.0,1.0 1.0 35.8103117301 18.4444444444 1.0 2.0 9.0
1.0 1.0 35.8103117301 18.4444444444 1.0 2.0 9.0,3,-1.0,1.0 1.0 35.8103117301 18.1111111111 1.0 2.0 9.0
1.0 1.0 35.8103117301 18.1111111111 1.0 2.0 9.0,2,-1.0,1.0 1.0 35.8103117301 18.2222222222 1.0 2.0 9.0
1.0 1.0 35.8103117301 18.2222222222 1.0 2.0 9.0,3,-1.0,1.0 1.0 35.8103117301 18.3333333333 1.0 2.0 9.0
1.0 1.0 35.8103117301 18.3333333333 1.0 2.0 9.0,3,-1.0,1.0 1.0 35.8103117301 18.5555555556 1.0 2.0 9.0
1.0 1.0 35.8103117301 18.5555555556 1.0 2.0 9.0,0,1.0,0.5 0.5 55.3886144286 27.2222222222 1.0 2.5 9.0
1.0 1.0 35.5941608238 18.1111111111 1.0 1.0 9.0,3,-1.0,1.0 1.0 35.380248415 18.4444444444 1.0 1.0 9.0
1.0 1.0 35.380248415 18.4444444444 1.0 1.0 9.0,0,1.0,1.0 1.0 35.8103117301 18.1111111111 1.0 1.5 9.0
1.0 1.0 35.8103117301 18.1111111111 1.0 1.5 9.0,3,-1.0,1.0 1.0 35.8103117301 18.3333333333 1.0 1.5 9.0
1.0 1.0 35.8103117301 18.3333333333 1.0 1.5 9.0,3,-1.0,1.0 1.0 35.8103117301 18.3333333333 1.0 1.5 9.0
1.0 1.0 35.8103117301 18.3333333333 1.0 1.5 9.0,3,-1.0,1.0 1.0 35.378255147 18.2222222222 1.0 1.5 9.0
1.0 1.0 35.378255147 18.2222222222 1.0 1.5 9.0,2,-1.0,1.0 1.0 35.8123049981 18.6666666667 1.0 1.5 9.0
1.0 1.0 35.8123049981 18.6666666667 1.0 1.5 9.0,2,-1.0,1.0 1.0 35.8103117301 18.2222222222 1.0 1.5 9.0
1.0 1.0 35.8103117301 18.2222222222 1.0 1.5 9.0,3,-1.0,1.0 1.0 35.8103117301 18.5555555556 1.0 1.5 9.0
1.0 1.0 35.8103117301 18.5555555556 1.0 1.5 9.0,3,-1.0,1.0 1.0 35.8103117301 18.4444444444 1.0 1.5 9.0
1.0 1.0 35.8103117301 18.4444444444 1.0 1.5 9.0,3,-1.0,1.0 1.0 35.8103117301 18.4444444444 1.0 1.5 9.0
1.0 1.0 35.8103117301 18.4444444444 1.0 1.5 9.0,3,-1.0,1.0 1.0 35.8123049981 18.3333333333 1.0 1.5 9.0
1.0 1.0 35.8123049981 18.3333333333 1.0 1.5 9.0,3,-1.0,1.0 1.0 35.8103117301 18.5555555556 1.0 1.5 9.0
1.0 1.0 35.8103117301 18.5555555556 1.0 1.5 9.0,3,-1.0,1.0 1.0 35.8103117301 18.2222222222 1.0 1.5 9.0
1.0 1.0 35.8103117301 18.2222222222 1.0 1.5 9.0,2,-1.0,1.0 1.0 35.8123049981 18.5555555556 1.0 1.5 9.0
1.0 1.0 35.8123049981 18.5555555556 1.0 1.5 9.0,3,-1.0,1.0 1.0 35.8103117301 18.3333333333 1.0 1.5 9.0
0.5 0.5 54.6829358514 21.375 0.888888888889 2.5 8.0,1,-1.0,1.0 1.0 36.8124895982 17.625 0.888888888889 2.0 8.0
1.0 1.0 36.8124895982 17.625 0.888888888889 2.0 8.0,0,1.0,0.5 0.5 50.5705995835 40.0 0.888888888889 2.5 8.0
0.5 0.5 50.5705995835 40.0 0.888888888889 2.5 8.0,1,-1.0,1.0 1.0 36.8124895982 17.875 0.888888888889 2.0 8.0
1.0 1.0 36.8124895982 17.875 0.888888888889 2.0 8.0,0,1.0,0.5 0.5 53.4679092472 21.5 0.888888888889 2.5 8.0
0.5 0.5 53.4679092472 21.5 0.888888888889 2.5 8.0,3,1.0,0.5 0.5 54.0274225361 25.0 1.0 2.5 9.0
0.5 0.5 54.0274225361 25.0 1.0 2.5 9.0,3,1.0,0.5 0.5 48.2233141664 21.6666666667 1.0 2.5 9.0
0.5 0.5 48.2233141664 21.6666666667 1.0 2.5 9.0,1,-1.0,1.0 1.0 35.8123049981 18.5555555556 1.0 2.0 9.0
1.0 1.0 35.8123049981 18.5555555556 1.0 2.0 9.0,0,1.0,0.5 0.5 49.0864243672 20.8888888889 1.0 2.5 9.0
0.5 0.5 49.0864243672 20.8888888889 1.0 2.5 9.0,1,-1.0,1.0 1.0 35.5941608238 18.4444444444 1.0 2.0 9.0
1.0 1.0 35.5941608238 18.4444444444 1.0 2.0 9.0,0,1.0,0.5 0.5 34.8733875856 22.5555555556 1.0 2.5 9.0
0.5 0.5 34.8733875856 22.5555555556 1.0 2.5 9.0,2,1.0,0.5 0.5 45.8461976943 18.8888888889 1.0 2.5 9.0
0.5 0.5 45.8461976943 18.8888888889 1.0 2.5 9.0,2,1.0,0.5 0.5 41.7751608869 21.8888888889 1.0 2.5 9.0
0.5 0.5 41.7751608869 21.8888888889 1.0 2.5 9.0,3,1.0,0.5 0.5 46.7265742603 26.0 1.0 2.5 9.0
0.5 0.5 46.7265742603 26.0 1.0 2.5 9.0,3,1.0,0.5 0.5 48.5085904094 21.5555555556 1.0 2.5 9.0
0.5 0.5 48.5085904094 21.5555555556 1.0 2.5 9.0,2,1.0,0.5 0.5 43.4583104398 26.8888888889 1.0 2.5 9.0
1.0 1.0 43.8839065984 17.1666666667 0.666666666667 1.0 6.0,0,1.0,1.0 1.0 43.8839065984 16.3333333333 0.666666666667 1.5 6.0
1.0 1.0 43.8839065984 16.3333333333 0.666666666667 1.5 6.0,3,1.0,1.0 1.0 38.99948583 17.2857142857 0.777777777778 1.5 7.0
1.0 1.0 38.99948583 17.2857142857 0.777777777778 1.5 7.0,0,1.0,1.0 1.0 38.99948583 17.0 0.777777777778 2.0 7.0
1.0 1.0 38.99948583 17.0 0.777777777778 2.0 7.0,3,1.0,1.0 1.0 36.8124895982 18.125 0.888888888889 2.0 8.0
1.0 1.0 36.8124895982 18.125 0.888888888889 2.0 8.0,3,1.0,1.0 1.0 35.8103117301 18.4444444444 1.0 2.0 9.0
1.0 1.0 35.8103117301 18.4444444444 1.0 2.0 9.0,0,1.0,0.5 0.5 62.957916146 63.4444444444 1.0 2.5 9.0
0.5 0.5 62.957916146 63.4444444444 1.0 2.5 9.0,3,1.0,0.5 0.5 40.9745555833 18.1111111111 1.0 2.5 9.0
0.5 0.5 40.9745555833 18.1111111111 1.0 2.5 9.0,2,1.0,0.5 0.5 60.0089930063 30.7777777778 1.0 2.5 9.0
0.5 0.5 60.0089930063 30.7777777778 1.0 2.5 9.0,3,1.0,0.5 0.5 58.2083617591 21.2222222222 1.0 2.5 9.0
0.5 0.5 58.2083617591 21.2222222222 1.0 2.5 9.0,3,1.0,0.5 0.5 58.7355612131 20.8888888889 1.0 2.5 9.0
0.5 0.5 58.7355612131 20.8888888889 1.0 2.5 9.0,2,1.0,0.5 0.5 55.8197165744 26.2222222222 1.0 2.5 9.0
0.5 0.5 55.8197165744 26.2222222222 1.0 2.5 9.0,2,1.0,0.5 0.5 41.9638007817 22.6666666667 1.0 2.5 9.0
0.5 0.5 41.9638007817 22.6666666667 1.0 2.5 9.0,3,1.0,0.5 0.5 56.4665554237 22.1111111111 1.0 2.5 9.0
0.5 0.5 56.4665554237 22.1111111111 1.0 2.5 9.0,2,1.0,0.5 0.5 65.8288767762 42.4444444444 1.0 2.5 9.0
0.5 0.5 65.8288767762 42.4444444444 1.0 2.5 9.0,3,1.0,0.5 0.5 54.0437151069 29.3333333333 1.0 2.5 9.0
1.0 1.0 35.5941608238 18.3333333333 1.0 0.5 9.0,2,-1.0,1.0 1.0 35.8103117301 18.3333333333 1.0 0.5 9.0
1.0 1.0 35.8103117301 18.3333333333 1.0 0.5 9.0,0,1.0,1.0 1.0 35.8103117301 18.2222222222 1.0 1.0 9.0
1.0 1.0 35.8103117301 18.2222222222 1.0 1.0 9.0,1,-1.0,1.0 1.0 35.8123049981 18.1111111111 1.0 0.5 9.0
1.0 1.0 35.8123049981 18.1111111111 1.0 0.5 9.0,0,1.0,1.0 1.0 35.8103117301 18.3333333333 1.0 1.0 9.0
1.0 1.0 35.8103117301 18.3333333333 1.0 1.0 9.0,0,1.0,1.0 1.0 35.8123049981 18.1111111111 1.0 1.5 9.0
1.0 1.0 35.8123049981 18.1111111111 1.0 1.5 9.0,0,1.0,1.0 1.0 35.8103117301 18.1111111111 1.0 2.0 9.0
1.0 1.0 35.8103117301 18.1111111111 1.0 2.0 9.0,0,1.0,0.5 0.5 62.7030503075 55.2222222222 1.0 2.5 9.0
0.5 0.5 62.7030503075 55.2222222222 1.0 2.5 9.0,3,1.0,0.5 0.5 48.4769659743 21.6666666667 1.0 2.5 9.0
0.5 0.5 48.4769659743 21.6666666667 1.0 2.5 9.0,0,-1.0,0.0 0.0 250.0 150.0 0.0 3.0 9.0
0.0 0.0 250.0 150.0 0.0 3.0 9.0,1,1.0,0.5 0.5 43.6217452387 24.8888888889 1.0 2.5 9.0
0.5 0.5 43.6217452387 24.8888888889 1.0 2.5 9.0,2,1.0,0.5 0.5 52.4884015712 27.4444444444 1.0 2.5 9.0
0.5 0.5 52.4884015712 27.4444444444 1.0 2.5 9.0,3,1.0,0.5 0.5 56.2754009408 21.4444444444 1.0 2.5 9.0
0.5 0.5 56.2754009408 21.4444444444 1.0 2.5 9.0,3,1.0,0.5 0.5 43.0683155998 19.8888888889 1.0 2.5 9.0
0.5 0.5 43.0683155998 19.8888888889 1.0 2.5 9.0,3,1.0,0.5 0.5 50.6955470649 36.8888888889 1.0 2.5 9.0
0.5 0.5 50.6955470649 36.8888888889 1.0 2.5 9.0,3,1.0,0.5 0.5 54.7312896809 51.6666666667 1.0 2.5 9.0
1.0 1.0 35.8103117301 18.3333333333 1.0 1.5 9.0,0,1.0,1.0 1.0 35.8123049981 18.4444444444 1.0 2.0 9.0
1.0 1.0 35.8123049981 18.4444444444 1.0 2.0 9.0,0,1.0,0.5 0.5 48.0232151976 22.6666666667 1.0 2.5 9.0
0.5 0.5 48.0232151976 22.6666666667 1.0 2.5 9.0,1,-1.0,1.0 1.0 35.5941608238 18.2222222222 1.0 2.0 9.0
1.0 1.0 35.5941608238 18.2222222222 1.0 2.0 9.0,0,1.0,0.5 0.5 45.1015095585 20.1111111111 1.0 2.5 9.0
0.5 0.5 45.1015095585 20.1111111111 1.0 2.5 9.0,4,-1.0,0.5 0.5 56.5559234336 19.125 0.888888888889 2.5 8.0
0.5 0.5 56.5559234336 19.125 0.888888888889 2.5 8.0,3,1.0,0.5 0.5 45.9084634997 19.0 1.0 2.5 9.0
0.5 0.5 45.9084634997 19.0 1.0 2.5 9.0,2,1.0,0.5 0.5 42.2959174159 23.1111111111 1.0 2.5 9.0
0.5 0.5 42.2959174159 23.1111111111 1.0 2.5 9.0,4,-1.0,0.5 0.5 52.5285286832 38.75 0.888888888889 2.5 8.0
0.5 0.5 52.5285286832 38.75 0.888888888889 2.5 8.0,3,1.0,0.5 0.5 50.2720708983 25.5555555556 1.0 2.5 9.0
0.5 0.5 50.2720708983 25.5555555556 1.0 2.5 9.0,3,1.0,0.5 0.5 58.2165308736 21.4444444444 1.0 2.5 9.0
0.5 0.5 58.2165308736 21.4444444444 1.0 2.5 9.0,4,-1.0,0.5 0.5 40.4997024586 22.25 0.888888888889 2.5 8.0
0.5 0.5 40.4997024586 22.25 0.888888888889 2.5 8.0,3,1.0,0.5 0.5 50.9231973993 42.8888888889 1.0 2.5 9.0
0.5 0.5 50.9231973993 42.8888888889 1.0 2.5 9.0,1,-1.0,1.0 1.0 35.8103117301 18.1111111111 1.0 2.0 9.0
1.0 1.0 35.8103117301 18.1111111111 1.0 2.0 9.0,0,1.0,0.5 0.5 54.4621270506 19.4444444444 1.0 2.5 9.0
0.5 0.5 54.4621270506 19.4444444444 1.0 2.5 9.0,3,1.0,0.5 0.5 42.8477901356 21.8888888889 1.0 2.5 9.0
1.0 1.0 35.8103117301 18.2222222222 1.0 1.5 9.0,0,1.0,1.0 1.0 35.8103117301 18.4444444444 1.0 2.0 9.0
1.0 1.0 35.8103117301 18.4444444444 1.0 2.0 9.0,0,1.0,0.5 0.5 56.0119859393 25.3333333333 1.0 2.5 9.0
0.5 0.5 56.0119859393 25.3333333333 1.0 2.5 9.0,3,1.0,0.5 0.5 64.9348679853 30.3333333333 1.0 2.5 9.0
0.5 0.5 64.9348679853 30.3333333333 1.0 2.5 9.0,3,1.0,0.5 0.5 47.429969554 21.4444444444 1.0 2.5 9.0
0.5 0.5 47.429969554 21.4444444444 1.0 2.5 9.0,3,1.0,0.5 0.5 52.304006765 20.2222222222 1.0 2.5 9.0
0.5 0.5 52.304006765 20.2222222222 1.0 2.5 9.0,3,1.0,0.5 0.5 52.3898177253 23.4444444444 1.0 2.5 9.0
0.5 0.5 52.3898177253 23.4444444444 1.0 2.5 9.0,3,1.0,0.5 0.5 68.9331575993 51.6666666667 1.0 2.5 9.0
0.5 0.5 68.9331575993 51.6666666667 1.0 2.5 9.0,0,-1.0,0.0 0.0 250.0 150.0 0.0 3.0 9.0
0.0 0.0 250.0 150.0 0.0 3.0 9.0,1,1.0,0.5 0.5 58.0376424635 26.3333333333 1.0 2.5 9.0
0.5 0.5 58.0376424635 26.3333333333 1.0 2.5 9.0,3,1.0,0.5 0.5 47.8343911413 19.3333333333 1.0 2.5 9.0
0.5 0.5 47.8343911413 19.3333333333 1.0 2.5 9.0,3,1.0,0.5 0.5 35.8103117301 18.2222222222 1.0 2.5 9.0
0.5 0.5 35.8103117301 18.2222222222 1.0 2.5 9.0,3,1.0,0.5 0.5 36.7046496919 23.3333333333 1.0 2.5 9.0
0.5 0.5 36.7046496919 23.3333333333 1.0 2.5 9.0,3,1.0,0.5 0.5 49.077223186 21.7777777778 1.0 2.5 9.0
0.5 0.5 49.077223186 21.7777777778 1.0 2.5 9.0,3,1.0,0.5 0.5 51.5081723519 19.7777777778 1.0 2.5 9.0
0.5 0.5 51.5081723519 19.7777777778 1.0 2.5 9.0,4,-1.0,0.5 0.5 60.7909983782 27.5 0.888888888889 2.5 8.0
0.0 0.0 250.0 150.0 0.0 4.0 8.0,1,-1.0,0.0 0.0 250.0 150.0 0.0 3.5 8.0
0.0 0.0 250.0 150.0 0.0 3.5 8.0,1,-1.0,0.0 0.0 250.0 150.0 0.0 3.0 8.0
0.0 0.0 250.0 150.0 0.0 3.0 8.0,1,1.0,0.5 0.5 44.8113319163 39.875 0.888888888889 2.5 8.0
0.5 0.5 44.8113319163 39.875 0.888888888889 2.5 8.0,3,1.0,0.5 0.5 45.6116758002 18.6666666667 1.0 2.5 9.0
0.5 0.5 45.6116758002 18.6666666667 1.0 2.5 9.0,3,1.0,0.5 0.5 36.0481991818 39.3333333333 1.0 2.5 9.0
0.5 0.5 36.0481991818 39.3333333333 1.0 2.5 9.0,3,1.0,0.5 0.5 43.1391500431 19.1111111111 1.0 2.5 9.0
0.5 0.5 43.1391500431 19.1111111111 1.0 2.5 9.0,3,1.0,0.5 0.5 36.5038150548 21.3333333333 1.0 2.5 9.0
0.5 0.5 36.5038150548 21.3333333333 1.0 2.5 9.0,3,1.0,0.5 0.5 52.993132794 26.8888888889 1.0 2.5 9.0
0.5 0.5 52.993132794 26.8888888889 1.0 2.5 9.0,3,1.0,0.5 0.5 51.100705559 20.5555555556 1.0 2.5 9.0
0.5 0.5 51.100705559 20.5555555556 1.0 2.5 9.0,3,1.0,0.5 0.5 33.8591034098 23.7777777778 1.0 2.5 9.0
0.5 0.5 33.8591034098 23.7777777778 1.0 2.5 9.0,3,1.0,0.5 0.5 66.7559466055 28.4444444444 1.0 2.5 9.0
0.5 0.5 66.7559466055 28.4444444444 1.0 2.5 9.0,3,1.0,0.5 0.5 42.2511976179 20.4444444444 1.0 2.5 9.0
0.5 0.5 42.2511976179 20.4444444444 1.0 2.5 9.0,3,1.0,0.5 0.5 55.880829164 23.7777777778 1.0 2.5 9.0
0.5 0.5 55.880829164 23.7777777778 1.0 2.5 9.0,3,1.0,0.5 0.5 46.1941474378 24.2222222222 1.0 2.5 9.0
0.5 0.5 46.1941474378 24.2222222222 1.0 2.5 9.0,3,1.0,0.5 0.5 65.0478855058 42.7777777778 1.0 2.5 9.0
1.0 1.0 36.8147320247 17.625 0.888888888889 2.0 8.0,3,1.0,1.0 1.0 35.8103117301 18.2222222222 1.0 2.0 9.0
1.0 1.0 35.8103117301 18.2222222222 1.0 2.0 9.0,0,1.0,0.5 0.5 49.2632277955 26.1111111111 1.0 2.5 9.0
0.5 0.5 49.2632277955 26.1111111111 1.0 2.5 9.0,3,1.0,0.5 0.5 37.6223982903 26.2222222222 1.0 2.5 9.0
0.5 0.5 37.6223982903 26.2222222222 1.0 2.5 9.0,3,1.0,0.5 0.5 48.2339329034 23.1111111111 1.0 2.5 9.0
0.5 0.5 48.2339329034 23.1111111111 1.0 2.5 9.0,3,1.0,0.5 0.5 31.6825468195 20.3333333333 1.0 2.5 9.0
0.5 0.5 31.6825468195 20.3333333333 1.0 2.5 9.0,3,1.0,0.5 0.5 58.2562090592 23.6666666667 1.0 2.5 9.0
0.5 0.5 58.2562090592 23.6666666667 1.0 2.5 9.0,3,1.0,0.5 0.5 49.3574774803 24.4444444444 1.0 2.5 9.0
0.5 0.5 49.3574774803 24.4444444444 1.0 2.5 9.0,1,-1.0,1.0 1.0 37.047769675 18.6666666667 1.0 2.0 9.0
1.0 1.0 37.047769675 18.6666666667 1.0 2.0 9.0,0,1.0,0.5 0.5 64.2826167752 21.7777777778 1.0 2.5 9.0
0.5 0.5 64.2826167752 21.7777777778 1.0 2.5 9.0,3,1.0,0.5 0.5 57.0302455168 23.7777777778 1.0 2.5 9.0
0.5 0.5 57.0302455168 23.7777777778 1.0 2.5 9.0,3,1.0,0.5 0.5 44.5482362448 21.0 1.0 2.5 9.0
0.5 0.5 44.5482362448 21.0 1.0 2.5 9.0,3,1.0,0.5 0.5 47.9004503414 21.2222222222 1.0 2.5 9.0
0.5 0.5 47.9004503414 21.2222222222 1.0 2.5 9.0,3,1.0,0.5 0.5 59.592845255 55.7777777778 1.0 2.5 9.0
0.5 0.5 59.592845255 55.7777777778 1.0 2.5 9.0,3,1.0,0.5 0.5 52.0616713783 20.7777777778 1.0 2.5 9.0
0.5 0.5 52.0616713783 20.7777777778 1.0 2.5 9.0,3,1.0,0.5 0.5 55.282604736 21.4444444444 1.0 2.5 9.0
1.0 1.0 35.5941608238 18.3333333333 1.0 1.5 9.0,0,1.0,1.0 1.0 35.8123049981 18.2222222222 1.0 2.0 9.0
1.0 1.0 35.8123049981 18.2222222222 1.0 2.0 9.0,0,1.0,0.5 0.5 50.9414310011 27.0 1.0 2.5 9.0
0.5 0.5 50.9414310011 27.0 1.0 2.5 9.0,3,1.0,0.5 0.5 49.376596411 24.1111111111 1.0 2.5 9.0
0.5 0.5 49.376596411 24.1111111111 1.0 2.5 9.0,3,1.0,0.5 0.5 53.5308352912 20.6666666667 1.0 2.5 9.0
0.5 0.5 53.5308352912 20.6666666667 1.0 2.5 9.0,3,1.0,0.5 0.5 43.868958126 34.2222222222 1.0 2.5 9.0
0.5 0.5 43.868958126 34.2222222222 1.0 2.5 9.0,3,1.0,0.5 0.5 38.0311792981 19.6666666667 1.0 2.5 9.0
0.5 0.5 38.0311792981 19.6666666667 1.0 2.5 9.0,3,1.0,0.5 0.5 54.5971065467 35.8888888889 1.0 2.5 9.0
0.5 0.5 54.5971065467 35.8888888889 1.0 2.5 9.0,3,1.0,0.5 0.5 47.3260767815 48.2222222222 1.0 2.5 9.0
0.5 0.5 47.3260767815 48.2222222222 1.0 2.5 9.0,3,1.0,0.5 0.5 56.7079465259 24.6666666667 1.0 2.5 9.0
0.5 0.5 56.7079465259 24.6666666667 1.0 2.5 9.0,3,1.0,0.5 0.5 45.7118602176 18.7777777778 1.0 2.5 9.0
0.5 0.5 45.7118602176 18.7777777778 1.0 2.5 9.0,3,1.0,0.5 0.5 49.1908576546 21.0 1.0 2.5 9.0
0.5 0.5 49.1908576546 21.0 1.0 2.5 9.0,3,1.0,0.5 0.5 43.9669783832 27.1111111111 1.0 2.5 9.0
0.5 0.5 43.9669783832 27.1111111111 1.0 2.5 9.0,3,1.0,0.5 0.5 40.471852466 20.2222222222 1.0 2.5 9.0
0.5 0.5 40.471852466 20.2222222222 1.0 2.5 9.0,3,1.0,0.5 0.5 55.4066363004 40.8888888889 1.0 2.5 9.0
0.5 0.5 55.4066363004 40.8888888889 1.0 2.5 9.0,3,1.0,0.5 0.5 53.6631736718 31.3333333333 1.0 2.5 9.0
0.0 0.0 250.0 150.0 0.0 3.0 9.0,1,1.0,0.5 0.5 47.1667959709 20.1111111111 1.0 2.5 9.0
0.5 0.5 47.1667959709 20.1111111111 1.0 2.5 9.0,3,1.0,0.5 0.5 58.4668443788 25.4444444444 1.0 2.5 9.0
0.5 0.5 58.4668443788 25.4444444444 1.0 2.5 9.0,3,1.0,0.5 0.5 53.2797457821 22.0 1.0 2.5 9.0
0.5 0.5 53.2797457821 22.0 1.0 2.5 9.0,3,1.0,0.5 0.5 48.3853096016 20.5555555556 1.0 2.5 9.0
0.5 0.5 48.3853096016 20.5555555556 1.0 2.5 9.0,3,1.0,0.5 0.5 48.6321512619 19.7777777778 1.0 2.5 9.0
0.5 0.5 48.6321512619 19.7777777778 1.0 2.5 9.0,3,1.0,0.5 0.5 46.5978640937 22.8888888889 1.0 2.5 9.0
0.5 0.5 46.5978640937 22.8888888889 1.0 2.5 9.0,3,1.0,0.5 0.5 40.0842193716 21.2222222222 1.0 2.5 9.0
0.5 0.5 40.0842193716 21.2222222222 1.0 2.5 9.0,3,1.0,0.5 0.5 44.249853356 21.4444444444 1.0 2.5 9.0
0.5 0.5 44.249853356 21.4444444444 1.0 2.5 9.0,3,1.0,0.5 0.5 55.512169186 41.1111111111 1.0 2.5 9.0
0.5 0.5 55.512169186 41.1111111111 1.0 2.5 9.0,3,1.0,0.5 0.5 35.593573164 36.0 1.0 2.5 9.0
0.5 0.5 35.593573164 36.0 1.0 2.5 9.0,3,1.0,0.5 0.5 57.3967628294 50.7777777778 1.0 2.5 9.0
0.5 0.5 57.3967628294 50.7777777778 1.0 2.5 9.0,3,1.0,0.5 0.5 49.6832784882 27.5555555556 1.0 2.5 9.0
0.5 0.5 49.6832784882 27.5555555556 1.0 2.5 9.0,2,1.0,0.5 0.5 57.6069065409 25.3333333333 1.0 2.5 9.0
0.5 0.5 57.6069065409 25.3333333333 1.0 2.5 9.0,3,1.0,0.5 0.5 69.5409855908 28.2222222222 1.0 2.5 9.0
0.5 0.5 69.5409855908 28.2222222222 1.0 2.5 9.0,3,1.0,0.5 0.5 56.5265510273 21.7777777778 1.0 2.5 9.0
0.0 0.0 250.0 150.0 0.0 3.5 6.0,1,-1.0,0.0 0.0 250.0 150.0 0.0 3.0 6.0
0.0 0.0 250.0 150.0 0.0 3.0 6.0,1,1.0,0.5 0.5 46.8886376221 19.1666666667 0.666666666667 2.5 6.0
0.5 0.5 46.8886376221 19.1666666667 0.666666666667 2.5 6.0,3,1.0,0.5 0.5 32.0586848359 20.0 0.777777777778 2.5 7.0
0.5 0.5 32.0586848359 20.0 0.777777777778 2.5 7.0,3,1.0,0.5 0.5 51.6754943169 21.5 0.888888888889 2.5 8.0
0.5 0.5 51.6754943169 21.5 0.888888888889 2.5 8.0,3,1.0,0.5 0.5 54.586952331 19.0 1.0 2.5 9.0
0.5 0.5 54.586952331 19.0 1.0 2.5 9.0,3,1.0,0.5 0.5 69.9468642684 25.3333333333 1.0 2.5 9.0
0.5 0.5 69.9468642684 25.3333333333 1.0 2.5 9.0,3,1.0,0.5 0.5 46.8588838897 21.5555555556 1.0 2.5 9.0
0.5 0.5 46.8588838897 21.5555555556 1.0 2.5 9.0,3,1.0,0.5 0.5 53.3007701477 21.0 1.0 2.5 9.0
0.5 0.5 53.3007701477 21.0 1.0 2.5 9.0,3,1.0,0.5 0.5 49.077223186 21.8888888889 1.0 2.5 9.0
0.5 0.5 49.077223186 21.8888888889 1.0 2.5 9.0,3,1.0,0.5 0.5 68.3125945195 40.8888888889 1.0 2.5 9.0
0.5 0.5 68.3125945195 40.8888888889 1.0 2.5 9.0,3,1.0,0.5 0.5 44.447073683 24.1111111111 1.0 2.5 9.0
0.5 0.5 44.447073683 24.1111111111 1.0 2.5 9.0,3,1.0,0.5 0.5 42.8900053855 20.3333333333 1.0 2.5 9.0
0.5 0.5 42.8900053855 20.3333333333 1.0 2.5 9.0,3,1.0,0.5 0.5 35.639633379 25.0 1.0 2.5 9.0
0.5 0.5 35.639633379 25.0 1.0 2.5 9.0,3,1.0,0.5 0.5 44.6559250712 22.5555555556 1.0 2.5 9.0
0.5 0.5 44.6559250712 22.5555555556 1.0 2.5 9.0,3,1.0,0.5 0.5 48.7654524156 28.0 1.0 2.5 9.0
1.0 1.0 36.8124895982 17.625 0.888888888889 1.5 8.0,0,1.0,1.0 1.0 36.8147320247 17.625 0.888888888889 2.0 8.0
1.0 1.0 36.8147320247 17.625 0.888888888889 2.0 8.0,3,1.0,1.0 1.0 35.8103117301 18.3333333333 1.0 2.0 9.0
1.0 1.0 35.8103117301 18.3333333333 1.0 2.0 9.0,0,1.0,0.5 0.5 64.4784261068 24.6666666667 1.0 2.5 9.0
0.5 0.5 64.4784261068 24.6666666667 1.0 2.5 9.0,3,1.0,0.5 0.5 35.105590909 20.8888888889 1.0 2.5 9.0
0.5 0.5 35.105590909 20.8888888889 1.0 2.5 9.0,3,1.0,0.5 0.5 49.4442938095 39.4444444444 1.0 2.5 9.0
0.5 0.5 49.4442938095 39.4444444444 1.0 2.5 9.0,3,1.0,0.5 0.5 52.7486701599 35.4444444444 1.0 2.5 9.0
0.5 0.5 52.7486701599 35.4444444444 1.0 2.5 9.0,3,1.0,0.5 0.5 55.4125848586 27.0 1.0 2.5 9.0
0.5 0.5 55.4125848586 27.0 1.0 2.5 9.0,3,1.0,0.5 0.5 47.3342204968 27.1111111111 1.0 2.5 9.0
0.5 0.5 47.3342204968 27.1111111111 1.0 2.5 9.0,3,1.0,0.5 0.5 46.975348706 28.1111111111 1.0 2.5 9.0
0.5 0.5 46.975348706 28.1111111111 1.0 2.5 9.0,3,1.0,0.5 0.5 35.0321605185 22.6666666667 1.0 2.5 9.0
0.5 0.5 35.0321605185 22.6666666667 1.0 2.5 9.0,3,1.0,0.5 0.5 44.9839558809 22.7777777778 1.0 2.5 9.0
0.5 0.5 44.9839558809 22.7777777778 1.0 2.5 9.0,3,1.0,0.5 0.5 53.8381130563 24.0 1.0 2.5 9.0
0.5 0.5 53.8381130563 24.0 1.0 2.5 9.0,3,1.0,0.5 0.5 54.030131958 35.7777777778 1.0 2.5 9.0
0.5 0.5 54.030131958 35.7777777778 1.0 2.5 9.0,3,1.0,0.5 0.5 77.4912583759 31.2222222222 1.0 2.5 9.0
0.5 0.5 77.4912583759 31.2222222222 1.0 2.5 9.0,3,1.0,0.5 0.5 63.2521238212 30.3333333333 1.0 2.5 9.0
1.0 1.0 35.5941608238 18.5555555556 1.0 1.0 9.0,0,1.0,1.0 1.0 35.8103117301 18.1111111111 1.0 1.5 9.0
1.0 1.0 35.8103117301 18.1111111111 1.0 1.5 9.0,0,1.0,1.0 1.0 35.8123049981 18.5555555556 1.0 2.0 9.0
1.0 1.0 35.8123049981 18.5555555556 1.0 2.0 9.0,0,1.0,0.5 0.5 53.2842992443 24.6666666667 1.0 2.5 9.0
0.5 0.5 53.2842992443 24.6666666667 1.0 2.5 9.0,3,1.0,0.5 0.5 46.5996735915 20.2222222222 1.0 2.5 9.0
0.5 0.5 46.5996735915 20.2222222222 1.0 2.5 9.0,3,1.0,0.5 0.5 48.5065971414 20.1111111111 1.0 2.5 9.0
0.5 0.5 48.5065971414 20.1111111111 1.0 2.5 9.0,2,1.0,0.5 0.5 50.8490082144 19.2222222222 1.0 2.5 9.0
0.5 0.5 50.8490082144 19.2222222222 1.0 2.5 9.0,3,1.0,0.5 0.5 54.6809684681 24.4444444444 1.0 2.5 9.0
0.5 0.5 54.6809684681 24.4444444444 1.0 2.5 9.0,3,1.0,0.5 0.5 40.1133073264 21.7777777778 1.0 2.5 9.0
0.5 0.5 40.1133073264 21.7777777778 1.0 2.5 9.0,3,1.0,0.5 0.5 62.7981168077 24.5555555556 1.0 2.5 9.0
0.5 0.5 62.7981168077 24.5555555556 1.0 2.5 9.0,3,1.0,0.5 0.5 54.6253984951 55.5555555556 1.0 2.5 9.0
0.5 0.5 54.6253984951 55.5555555556 1.0 2.5 9.0,3,1.0,0.5 0.5 66.1719667161 36.6666666667 1.0 2.5 9.0
0.5 0.5 66.1719667161 36.6666666667 1.0 2.5 9.0,3,1.0,0.5 0.5 63.1728507722 26.5555555556 1.0 2.5 9.0
0.5 0.5 63.1728507722 26.5555555556 1.0 2.5 9.0,2,1.0,0.5 0.5 48.839293519 18.7777777778 1.0 2.5 9.0
0.5 0.5 48.839293519 18.7777777778 1.0 2.5 9.0,3,1.0,0.5 0.5 50.4660356553 26.0 1.0 2.5 9.0
0.5 0.5 50.4660356553 26.0 1.0 2.5 9.0,3,1.0,0.5 0.5 76.7520708391 30.1111111111 1.0 2.5 9.0
0.5 0.5 58.4154139647 26.2222222222 1.0 2.5 9.0,3,1.0,0.5 0.5 40.9059992 20.8888888889 1.0 2.5 9.0
0.5 0.5 40.9059992 20.8888888889 1.0 2.5 9.0,3,1.0,0.5 0.5 60.4182178063 21.5555555556 1.0 2.5 9.0
0.5 0.5 60.4182178063 21.5555555556 1.0 2.5 9.0,3,1.0,0.5 0.5 33.6488601607 20.2222222222 1.0 2.5 9.0
0.5 0.5 33.6488601607 20.2222222222 1.0 2.5 9.0,3,1.0,0.5 0.5 56.4652149336 21.4444444444 1.0 2.5 9.0
0.5 0.5 56.4652149336 21.4444444444 1.0 2.5 9.0,3,1.0,0.5 0.5 55.0858366942 20.3333333333 1.0 2.5 9.0
0.5 0.5 55.0858366942 20.3333333333 1.0 2.5 9.0,3,1.0,0.5 0.5 48.0038140735 21.7777777778 1.0 2.5 9.0
0.5 0.5 48.0038140735 21.7777777778 1.0 2.5 9.0,3,1.0,0.5 0.5 47.7679291028 23.0 1.0 2.5 9.0
0.5 0.5 47.7679291028 23.0 1.0 2.5 9.0,3,1.0,0.5 0.5 46.3980629851 22.5555555556 1.0 2.5 9.0
0.5 0.5 46.3980629851 22.5555555556 1.0 2.5 9.0,3,1.0,0.5 0.5 43.9598847595 20.0 1.0 2.5 9.0
0.5 0.5 43.9598847595 20.0 1.0 2.5 9.0,3,1.0,0.5 0.5 52.065736093 20.2222222222 1.0 2.5 9.0
0.5 0.5 52.065736093 20.2222222222 1.0 2.5 9.0,3,1.0,0.5 0.5 50.251896497 37.4444444444 1.0 2.5 9.0
0.5 0.5 50.251896497 37.4444444444 1.0 2.5 9.0,3,1.0,0.5 0.5 52.7782802339 21.2222222222 1.0 2.5 9.0
0.5 0.5 52.7782802339 21.2222222222 1.0 2.5 9.0,3,1.0,0.5 0.5 48.7316780583 55.5555555556 1.0 2.5 9.0
0.5 0.5 48.7316780583 55.5555555556 1.0 2.5 9.0,3,1.0,0.5 0.5 50.5644069318 23.2222222222 1.0 2.5 9.0
0.5 0.5 50.5644069318 23.2222222222 1.0 2.5 9.0,3,1.0,0.5 0.5 38.6914273574 23.8888888889 1.0 2.5 9.0
0.0 0.0 250.0 150.0 0.0 4.0 8.0,3,-1.0,0.0 0.0 250.0 150.0 0.0 4.0 9.0
0.0 0.0 250.0 150.0 0.0 4.0 9.0,1,-1.0,0.0 0.0 250.0 150.0 0.0 3.5 9.0
0.0 0.0 250.0 150.0 0.0 3.5 9.0,1,-1.0,0.0 0.0 250.0 150.0 0.0 3.0 9.0
0.0 0.0 250.0 150.0 0.0 3.0 9.0,1,1.0,0.5 0.5 54.7309740254 22.1111111111 1.0 2.5 9.0
0.5 0.5 54.7309740254 22.1111111111 1.0 2.5 9.0,3,1.0,0.5 0.5 67.3884457737 22.5555555556 1.0 2.5 9.0
0.5 0.5 67.3884457737 22.5555555556 1.0 2.5 9.0,3,1.0,0.5 0.5 55.3730690123 35.1111111111 1.0 2.5 9.0
0.5 0.5 55.3730690123 35.1111111111 1.0 2.5 9.0,3,1.0,0.5 0.5 53.5844929847 19.5555555556 1.0 2.5 9.0
0.5 0.5 53.5844929847 19.5555555556 1.0 2.5 9.0,3,1.0,0.5 0.5 40.1529480574 23.8888888889 1.0 2.5 9.0
0.5 0.5 40.1529480574 23.8888888889 1.0 2.5 9.0,3,1.0,0.5 0.5 48.1465242066 47.7777777778 1.0 2.5 9.0
0.5 0.5 48.1465242066 47.7777777778 1.0 2.5 9.0,3,1.0,0.5 0.5 44.9843570262 21.0 1.0 2.5 9.0
0.5 0.5 44.9843570262 21.0 1.0 2.5 9.0,3,1.0,0.5 0.5 57.599472617 40.7777777778 1.0 2.5 9.0
0.5 0.5 57.599472617 40.7777777778 1.0 2.5 9.0,3,1.0,0.5 0.5 60.3385690082 21.8888888889 1.0 2.5 9.0
0.5 0.5 60.3385690082 21.8888888889 1.0 2.5 9.0,3,1.0,0.5 0.5 60.287896085 19.8888888889 1.0 2.5 9.0
0.5 0.5 60.287896085 19.8888888889 1.0 2.5 9.0,3,1.0,0.5 0.5 59.2207882025 39.5555555556 1.0 2.5 9.0
0.5 0.5 59.2207882025 39.5555555556 1.0 2.5 9.0,3,1.0,0.5 0.5 45.578458089 24.6666666667 1.0 2.5 9.0
1.0 1.0 51.8600878837 15.4 0.555555555556 1.0 5.0,3,1.0,1.0 1.0 43.8839065984 16.5 0.666666666667 1.0 6.0
1.0 1.0 43.8839065984 16.5 0.666666666667 1.0 6.0,0,1.0,1.0 1.0 43.8809166964 16.5 0.666666666667 1.5 6.0
1.0 1.0 43.8809166964 16.5 0.666666666667 1.5 6.0,3,1.0,1.0 1.0 38.99948583 17.1428571429 0.777777777778 1.5 7.0
1.0 1.0 38.99948583 17.1428571429 0.777777777778 1.5 7.0,3,1.0,1.0 1.0 36.8147320247 17.625 0.888888888889 1.5 8.0
1.0 1.0 36.8147320247 17.625 0.888888888889 1.5 8.0,0,1.0,1.0 1.0 36.8124895982 17.625 0.888888888889 2.0 8.0
1.0 1.0 36.8124895982 17.625 0.888888888889 2.0 8.0,0,1.0,0.5 0.5 32.9602963047 39.5 0.888888888889 2.5 8.0
0.5 0.5 32.9602963047 39.5 0.888888888889 2.5 8.0,3,1.0,0.5 0.5 45.7185547358 35.0 1.0 2.5 9.0
0.5 0.5 45.7185547358 35.0 1.0 2.5 9.0,3,1.0,0.5 0.5 62.8428545139 27.4444444444 1.0 2.5 9.0
0.5 0.5 62.8428545139 27.4444444444 1.0 2.5 9.0,3,1.0,0.5 0.5 44.9542757423 36.0 1.0 2.5 9.0
0.5 0.5 44.9542757423 36.0 1.0 2.5 9.0,3,1.0,0.5 0.5 61.8229145717 22.5555555556 1.0 2.5 9.0
0.5 0.5 61.8229145717 22.5555555556 1.0 2.5 9.0,3,1.0,0.5 0.5 39.0763056241 18.3333333333 1.0 2.5 9.0
0.5 0.5 39.0763056241 18.3333333333 1.0 2.5 9.0,3,1.0,0.5 0.5 65.9973811515 46.4444444444 1.0 2.5 9.0
0.5 0.5 65.9973811515 46.4444444444 1.0 2.5 9.0,3,1.0,0.5 0.5 60.3563373547 24.4444444444 1.0 2.5 9.0
0.5 0.5 60.3563373547 24.4444444444 1.0 2.5 9.0,3,1.0,0.5 0.5 69.3112412988 89.4444444444 1.0 2.5 9.0
0.5 0.5 69.3112412988 89.4444444444 1.0 2.5 9.0,3,1.0,0.5 0.5 40.1634142016 21.5555555556 1.0 2.5 9.0
1.0 1.0 37.047769675 18.1111111111 1.0 1.0 9.0,0,1.0,1.0 1.0 35.8103117301 18.4444444444 1.0 1.5 9.0
1.0 1.0 35.8103117301 18.4444444444 1.0 1.5 9.0,0,1.0,1.0 1.0 35.8103117301 18.5555555556 1.0 2.0 9.0
1.0 1.0 35.8103117301 18.5555555556 1.0 2.0 9.0,0,1.0,0.5 0.5 45.83237212 20.4444444444 1.0 2.5 9.0
0.5 0.5 45.83237212 20.4444444444 1.0 2.5 9.0,3,1.0,0.5 0.5 72.6694800263 51.8888888889 1.0 2.5 9.0
0.5 0.5 72.6694800263 51.8888888889 1.0 2.5 9.0,3,1.0,0.5 0.5 49.5829312568 21.3333333333 1.0 2.5 9.0
0.5 0.5 49.5829312568 21.3333333333 1.0 2.5 9.0,3,1.0,0.5 0.5 44.6045955737 19.0 1.0 2.5 9.0
0.5 0.5 44.6045955737 19.0 1.0 2.5 9.0,3,1.0,0.5 0.5 47.2759248091 64.3333333333 1.0 2.5 9.0
0.5 0.5 47.2759248091 64.3333333333 1.0 2.5 9.0,3,1.0,0.5 0.5 55.9354591469 20.1111111111 1.0 2.5 9.0
0.5 0.5 55.9354591469 20.1111111111 1.0 2.5 9.0,3,1.0,0.5 0.5 55.5961331689 35.3333333333 1.0 2.5 9.0
0.5 0.5 55.5961331689 35.3333333333 1.0 2.5 9.0,3,1.0,0.5 0.5 64.2052868237 26.8888888889 1.0 2.5 9.0
0.5 0.5 64.2052868237 26.8888888889 1.0 2.5 9.0,3,1.0,0.5 0.5 58.4314073155 26.3333333333 1.0 2.5 9.0
0.5 0.5 58.4314073155 26.3333333333 1.0 2.5 9.0,3,1.0,0.5 0.5 46.7402640569 23.4444444444 1.0 2.5 9.0
0.5 0.5 46.7402640569 23.4444444444 1.0 2.5 9.0,3,1.0,0.5 0.5 56.5171329061 22.2222222222 1.0 2.5 9.0
0.5 0.5 56.5171329061 22.2222222222 1.0 2.5 9.0,2,1.0,0.5 0.5 46.1275796074 22.0 1.0 2.5 9.0
0.5 0.5 46.1275796074 22.0 1.0 2.5 9.0,3,1.0,0.5 0.5 49.1832321839 49.8888888889 1.0 2.5 9.0
1.0 1.0 35.8103117301 18.3333333333 1.0 1.0 9.0,0,1.0,1.0 1.0 35.8103117301 18.3333333333 1.0 1.5 9.0
1.0 1.0 35.8103117301 18.3333333333 1.0 1.5 9.0,0,1.0,1.0 1.0 35.8103117301 18.2222222222 1.0 2.0 9.0
1.0 1.0 35.8103117301 18.2222222222 1.0 2.0 9.0,0,1.0,0.5 0.5 55.2271958056 21.1111111111 1.0 2.5 9.0
0.5 0.5 55.2271958056 21.1111111111 1.0 2.5 9.0,3,1.0,0.5 0.5 69.47454955 30.5555555556 1.0 2.5 9.0
0.5 0.5 69.47454955 30.5555555556 1.0 2.5 9.0,3,1.0,0.5 0.5 48.5515790386 57.4444444444 1.0 2.5 9.0
0.5 0.5 48.5515790386 57.4444444444 1.0 2.5 9.0,3,1.0,0.5 0.5 46.1032838076 21.8888888889 1.0 2.5 9.0
0.5 0.5 46.1032838076 21.8888888889 1.0 2.5 9.0,3,1.0,0.5 0.5 44.6865623874 22.8888888889 1.0 2.5 9.0
0.5 0.5 44.6865623874 22.8888888889 1.0 2.5 9.0,3,1.0,0.5 0.5 45.6311181082 22.6666666667 1.0 2.5 9.0
0.5 0.5 45.6311181082 22.6666666667 1.0 2.5 9.0,2,1.0,0.5 0.5 63.0475354447 40.3333333333 1.0 2.5 9.0
0.5 0.5 63.0475354447 40.3333333333 1.0 2.5 9.0,3,1.0,0.5 0.5 51.4066554119 39.2222222222 1.0 2.5 9.0
0.5 0.5 51.4066554119 39.2222222222 1.0 2.5 9.0,3,1.0,0.5 0.5 59.1312959453 22.0 1.0 2.5 9.0
0.5 0.5 59.1312959453 22.0 1.0 2.5 9.0,3,1.0,0.5 0.5 51.6671676403 20.8888888889 1.0 2.5 9.0
0.5 0.5 51.6671676403 20.8888888889 1.0 2.5 9.0,3,1.0,0.5 0.5 57.0400335425 41.3333333333 1.0 2.5 9.0
0.5 0.5 57.0400335425 41.3333333333 1.0 2.5 9.0,3,1.0,0.5 0.5 65.9208242781 44.2222222222 1.0 2.5 9.0
0.5 0.5 65.9208242781 44.2222222222 1.0 2.5 9.0,3,1.0,0.5 0.5 56.8026444504 23.4444444444 1.0 2.5 9.0
1.0 1.0 35.5941608238 18.1111111111 1.0 1.5 9.0,0,1.0,1.0 1.0 35.8103117301 18.3333333333 1.0 2.0 9.0
1.0 1.0 35.8103117301 18.3333333333 1.0 2.0 9.0,0,1.0,0.5 0.5 35.7953429864 19.3333333333 1.0 2.5 9.0
0.5 0.5 35.7953429864 19.3333333333 1.0 2.5 9.0,3,1.0,0.5 0.5 47.1540251495 20.1111111111 1.0 2.5 9.0
0.5 0.5 47.1540251495 20.1111111111 1.0 2.5 9.0,3,1.0,0.5 0.5 54.799813558 19.7777777778 1.0 2.5 9.0
0.5 0.5 54.799813558 19.7777777778 1.0 2.5 9.0,3,1.0,0.5 0.5 50.1583040548 21.5555555556 1.0 2.5 9.0
0.5 0.5 50.1583040548 21.5555555556 1.0 2.5 9.0,3,1.0,0.5 0.5 63.8843438801 49.0 1.0 2.5 9.0
0.5 0.5 63.8843438801 49.0 1.0 2.5 9.0,3,1.0,0.5 0.5 40.8453303928 20.2222222222 1.0 2.5 9.0
0.5 0.5 40.8453303928 20.2222222222 1.0 2.5 9.0,3,1.0,0.5 0.5 59.2345943934 27.5555555556 1.0 2.5 9.0
0.5 0.5 59.2345943934 27.5555555556 1.0 2.5 9.0,3,1.0,0.5 0.5 58.1706085581 21.1111111111 1.0 2.5 9.0
0.5 0.5 58.1706085581 21.1111111111 1.0 2.5 9.0,3,1.0,0.5 0.5 46.2866353534 22.7777777778 1.0 2.5 9.0
0.5 0.5 46.2866353534 22.7777777778 1.0 2.5 9.0,3,1.0,0.5 0.5 47.0905088484 28.5555555556 1.0 2.5 9.0
0.5 0.5 47.0905088484 28.5555555556 1.0 2.5 9.0,3,1.0,0.5 0.5 69.2466266098 29.1111111111 1.0 2.5 9.0
0.5 0.5 69.2466266098 29.1111111111 1.0 2.5 9.0,3,1.0,0.5 0.5 40.0438144861 21.3333333333 1.0 2.5 9.0
0.5 0.5 40.0438144861 21.3333333333 1.0 2.5 9.0,3,1.0,0.5 0.5 69.5622139069 25.7777777778 1.0 2.5 9.0
0.5 0.5 69.5622139069 25.7777777778 1.0 2.5 9.0,3,1.0,0.5 0.5 51.4207842446 21.3333333333 1.0 2.5 9.0
1.0 1.0 35.8103117301 18.2222222222 1.0 0.5 9.0,0,1.0,1.0 1.0 35.8103117301 18.3333333333 1.0 1.0 9.0
1.0 1.0 35.8103117301 18.3333333333 1.0 1.0 9.0,0,1.0,1.0 1.0 35.8123049981 18.5555555556 1.0 1.5 9.0
1.0 1.0 35.8123049981 18.5555555556 1.0 1.5 9.0,0,1.0,1.0 1.0 35.8123049981 18.5555555556 1.0 2.0 9.0
1.0 1.0 35.8123049981 18.5555555556 1.0 2.0 9.0,0,1.0,0.5 0.5 58.3396873967 35.3333333333 1.0 2.5 9.0
0.5 0.5 58.3396873967 35.3333333333 1.0 2.5 9.0,3,1.0,0.5 0.5 57.9673481159 24.1111111111 1.0 2.5 9.0
0.5 0.5 57.9673481159 24.1111111111 1.0 2.5 9.0,3,1.0,0.5 0.5 51.1272194504 22.8888888889 1.0 2.5 9.0
0.5 0.5 51.1272194504 22.8888888889 1.0 2.5 9.0,3,1.0,0.5 0.5 39.0711025539 19.3333333333 1.0 2.5 9.0
0.5 0.5 39.0711025539 19.3333333333 1.0 2.5 9.0,3,1.0,0.5 0.5 53.2785716771 68.5555555556 1.0 2.5 9.0
0.5 0.5 53.2785716771 68.5555555556 1.0 2.5 9.0,3,1.0,0.5 0.5 45.4650769022 20.2222222222 1.0 2.5 9.0
0.5 0.5 45.4650769022 20.2222222222 1.0 2.5 9.0,3,1.0,0.5 0.5 70.5774768257 21.8888888889 1.0 2.5 9.0
0.5 0.5 70.5774768257 21.8888888889 1.0 2.5 9.0,3,1.0,0.5 0.5 50.014750526 22.8888888889 1.0 2.5 9.0
0.5 0.5 50.014750526 22.8888888889 1.0 2.5 9.0,3,1.0,0.5 0.5 53.8611991998 19.5555555556 1.0 2.5 9.0
0.5 0.5 53.8611991998 19.5555555556 1.0 2.5 9.0,3,1.0,0.5 0.5 57.579554001 21.2222222222 1.0 2.5 9.0
0.5 0.5 57.579554001 21.2222222222 1.0 2.5 9.0,3,1.0,0.5 0.5 46.3176693945 21.6666666667 1.0 2.5 9.0
0.5 0.5 46.3176693945 21.6666666667 1.0 2.5 9.0,3,1.0,0.5 0.5 43.3018985294 18.7777777778 1.0 2.5 9.0
1.0 1.0 43.8809166964 16.1666666667 0.666666666667 1.5 6.0,0,1.0,1.0 1.0 43.8809166964 16.3333333333 0.666666666667 2.0 6.0
1.0 1.0 43.8809166964 16.3333333333 0.666666666667 2.0 6.0,3,1.0,1.0 1.0 38.99948583 17.4285714286 0.777777777778 2.0 7.0
1.0 1.0 38.99948583 17.4285714286 0.777777777778 2.0 7.0,3,1.0,1.0 1.0 36.8124895982 17.75 0.888888888889 2.0 8.0
1.0 1.0 36.8124895982 17.75 0.888888888889 2.0 8.0,0,1.0,0.5 0.5 47.941233968 40.0 0.888888888889 2.5 8.0
0.5 0.5 47.941233968 40.0 0.888888888889 2.5 8.0,3,1.0,0.5 0.5 46.1587391598 43.3333333333 1.0 2.5 9.0
0.5 0.5 46.1587391598 43.3333333333 1.0 2.5 9.0,3,1.0,0.5 0.5 34.1237439317 19.5555555556 1.0 2.5 9.0
0.5 0.5 34.1237439317 19.5555555556 1.0 2.5 9.0,4,-1.0,0.5 0.5 38.0080028181 21.25 0.888888888889 2.5 8.0
0.5 0.5 38.0080028181 21.25 0.888888888889 2.5 8.0,3,1.0,0.5 0.5 65.9449905342 24.2222222222 1.0 2.5 9.0
0.5 0.5 65.9449905342 24.2222222222 1.0 2.5 9.0,3,1.0,0.5 0.5 54.4878511974 35.8888888889 1.0 2.5 9.0
0.5 0.5 54.4878511974 35.8888888889 1.0 2.5 9.0,3,1.0,0.5 0.5 46.6703577033 39.4444444444 1.0 2.5 9.0
0.5 0.5 46.6703577033 39.4444444444 1.0 2.5 9.0,3,1.0,0.5 0.5 51.1784454155 19.3333333333 1.0 2.5 9.0
0.5 0.5 51.1784454155 19.3333333333 1.0 2.5 9.0,3,1.0,0.5 0.5 50.6815669356 21.1111111111 1.0 2.5 9.0
0.5 0.5 50.6815669356 21.1111111111 1.0 2.5 9.0,3,1.0,0.5 0.5 51.5497076159 21.3333333333 1.0 2.5 9.0
0.5 0.5 51.5497076159 21.3333333333 1.0 2.5 9.0,3,1.0,0.5 0.5 39.4117048191 22.8888888889 1.0 2.5 9.0
0.5 0.5 39.4117048191 22.8888888889 1.0 2.5 9.0,2,1.0,0.5 0.5 42.145199388 21.0 1.0 2.5 9.0
1.0 1.0 43.8809166964 16.8333333333 0.666666666667 1.5 6.0,3,1.0,1.0 1.0 38.99948583 17.1428571429 0.777777777778 1.5 7.0
1.0 1.0 38.99948583 17.1428571429 0.777777777778 1.5 7.0,0,1.0,1.0 1.0 39.0020486032 17.7142857143 0.777777777778 2.0 7.0
1.0 1.0 39.0020486032 17.7142857143 0.777777777778 2.0 7.0,3,1.0,1.0 1.0 36.8124895982 18.0 0.888888888889 2.0 8.0
1.0 1.0 36.8124895982 18.0 0.888888888889 2.0 8.0,0,1.0,0.5 0.5 38.5029924376 19.25 0.888888888889 2.5 8.0
0.5 0.5 38.5029924376 19.25 0.888888888889 2.5 8.0,3,1.0,0.5 0.5 52.0856247515 20.8888888889 1.0 2.5 9.0
0.5 0.5 52.0856247515 20.8888888889 1.0 2.5 9.0,3,1.0,0.5 0.5 47.797596997 20.7777777778 1.0 2.5 9.0
0.5 0.5 47.797596997 20.7777777778 1.0 2.5 9.0,3,1.0,0.5 0.5 43.7058228059 23.0 1.0 2.5 9.0
0.5 0.5 43.7058228059 23.0 1.0 2.5 9.0,3,1.0,0.5 0.5 58.8090298711 27.3333333333 1.0 2.5 9.0
0.5 0.5 58.8090298711 27.3333333333 1.0 2.5 9.0,3,1.0,0.5 0.5 51.714095985 24.1111111111 1.0 2.5 9.0
0.5 0.5 51.714095985 24.1111111111 1.0 2.5 9.0,3,1.0,0.5 0.5 56.0799520159 21.2222222222 1.0 2.5 9.0
0.5 0.5 56.0799520159 21.2222222222 1.0 2.5 9.0,3,1.0,0.5 0.5 55.0593164816 21.1111111111 1.0 2.5 9.0
0.5 0.5 55.0593164816 21.1111111111 1.0 2.5 9.0,3,1.0,0.5 0.5 47.9769058577 25.7777777778 1.0 2.5 9.0
0.5 0.5 47.9769058577 25.7777777778 1.0 2.5 9.0,2,1.0,0.5 0.5 50.1163788947 21.3333333333 1.0 2.5 9.0
0.5 0.5 50.1163788947 21.3333333333 1.0 2.5 9.0,3,1.0,0.5 0.5 48.9703601888 20.4444444444 1.0 2.5 9.0
0.5 0.5 48.9703601888 20.4444444444 1.0 2.5 9.0,3,1.0,0.5 0.5 58.1177613645 26.2222222222 1.0 2.5 9.0
0.0 0.0 250.0 150.0 0.0 4.0 5.0,1,-1.0,0.0 0.0 250.0 150.0 0.0 3.5 5.0
0.0 0.0 250.0 150.0 0.0 3.5 5.0,1,-1.0,0.0 0.0 250.0 150.0 0.0 3.0 5.0
0.0 0.0 250.0 150.0 0.0 3.0 5.0,1,1.0,0.5 0.5 57.7075701519 18.4 0.555555555556 2.5 5.0
0.5 0.5 57.7075701519 18.4 0.555555555556 2.5 5.0,3,1.0,0.5 0.5 83.0240737501 58.8333333333 0.666666666667 2.5 6.0
0.5 0.5 83.0240737501 58.8333333333 0.666666666667 2.5 6.0,3,1.0,0.5 0.5 66.3512533418 31.8571428571 0.777777777778 2.5 7.0
0.5 0.5 66.3512533418 31.8571428571 0.777777777778 2.5 7.0,3,1.0,0.5 0.5 38.6066682423 17.75 0.888888888889 2.5 8.0
0.5 0.5 38.6066682423 17.75 0.888888888889 2.5 8.0,3,1.0,0.5 0.5 57.4433621569 24.3333333333 1.0 2.5 9.0
0.5 0.5 57.4433621569 24.3333333333 1.0 2.5 9.0,3,1.0,0.5 0.5 52.2512664647 48.1111111111 1.0 2.5 9.0
0.5 0.5 52.2512664647 48.1111111111 1.0 2.5 9.0,3,1.0,0.5 0.5 46.0744543508 27.4444444444 1.0 2.5 9.0
0.5 0.5 46.0744543508 27.4444444444 1.0 2.5 9.0,3,1.0,0.5 0.5 67.3063719684 21.2222222222 1.0 2.5 9.0
0.5 0.5 67.3063719684 21.2222222222 1.0 2.5 9.0,3,1.0,0.5 0.5 48.7499074106 22.2222222222 1.0 2.5 9.0
0.5 0.5 48.7499074106 22.2222222222 1.0 2.5 9.0,3,1.0,0.5 0.5 47.0674345863 25.5555555556 1.0 2.5 9.0
0.5 0.5 47.0674345863 25.5555555556 1.0 2.5 9.0,3,1.0,0.5 0.5 50.4434687698 29.3333333333 1.0 2.5 9.0
0.5 0.5 50.4434687698 29.3333333333 1.0 2.5 9.0,3,1.0,0.5 0.5 35.3738327355 22.1111111111 1.0 2.5 9.0
0.5 0.5 35.3738327355 22.1111111111 1.0 2.5 9.0,3,1.0,0.5 0.5 43.1366862237 20.5555555556 1.0 2.5 9.0
0.0 0.0 250.0 150.0 0.0 3.0 9.0,1,1.0,0.5 0.5 42.0098942797 21.4444444444 1.0 2.5 9.0
0.5 0.5 42.0098942797 21.4444444444 1.0 2.5 9.0,3,1.0,0.5 0.5 62.7826552972 20.3333333333 1.0 2.5 9.0
0.5 0.5 62.7826552972 20.3333333333 1.0 2.5 9.0,3,1.0,0.5 0.5 34.3379888455 32.3333333333 1.0 2.5 9.0
0.5 0.5 34.3379888455 32.3333333333 1.0 2.5 9.0,3,1.0,0.5 0.5 50.3632234634 20.5555555556 1.0 2.5 9.0
0.5 0.5 50.3632234634 20.5555555556 1.0 2.5 9.0,3,1.0,0.5 0.5 46.747361742 24.5555555556 1.0 2.5 9.0
0.5 0.5 46.747361742 24.5555555556 1.0 2.5 9.0,3,1.0,0.5 0.5 65.6483521394 21.8888888889 1.0 2.5 9.0
0.5 0.5 65.6483521394 21.8888888889 1.0 2.5 9.0,3,1.0,0.5 0.5 52.492480268 19.4444444444 1.0 2.5 9.0
0.5 0.5 52.492480268 19.4444444444 1.0 2.5 9.0,3,1.0,0.5 0.5 45.4469369019 35.3333333333 1.0 2.5 9.0
0.5 0.5 45.4469369019 35.3333333333 1.0 2.5 9.0,3,1.0,0.5 0.5 59.2498753352 55.4444444444 1.0 2.5 9.0
0.5 0.5 59.2498753352 55.4444444444 1.0 2.5 9.0,1,-1.0,1.0 1.0 35.8103117301 17.8888888889 1.0 2.0 9.0
1.0 1.0 35.8103117301 17.8888888889 1.0 2.0 9.0,0,1.0,0.5 0.5 41.9873981426 34.0 1.0 2.5 9.0
0.5 0.5 41.9873981426 34.0 1.0 2.5 9.0,3,1.0,0.5 0.5 42.5124744297 19.8888888889 1.0 2.5 9.0
0.5 0.5 42.5124744297 19.8888888889 1.0 2.5 9.0,3,1.0,0.5 0.5 62.533081443 20.2222222222 1.0 2.5 9.0
0.5 0.5 62.533081443 20.2222222222 1.0 2.5 9.0,3,1.0,0.5 0.5 61.2297998526 27.5555555556 1.0 2.5 9.0
0.5 0.5 61.2297998526 27.5555555556 1.0 2.5 9.0,3,1.0,0.5 0.5 49.430943288 23.1111111111 1.0 2.5 9.0
1.0 1.0 38.99948583 17.0 0.777777777778 1.5 7.0,0,1.0,1.0 1.0 38.99948583 17.0 0.777777777778 2.0 7.0
1.0 1.0 38.99948583 17.0 0.777777777778 2.0 7.0,3,1.0,1.0 1.0 36.8124895982 17.625 0.888888888889 2.0 8.0
1.0 1.0 36.8124895982 17.625 0.888888888889 2.0 8.0,0,1.0,0.5 0.5 54.5650429645 73.0 0.888888888889 2.5 8.0
0.5 0.5 54.5650429645 73.0 0.888888888889 2.5 8.0,3,1.0,0.5 0.5 46.4508947351 28.1111111111 1.0 2.5 9.0
0.5 0.5 46.4508947351 28.1111111111 1.0 2.5 9.0,3,1.0,0.5 0.5 48.8300265679 20.8888888889 1.0 2.5 9.0
0.5 0.5 48.8300265679 20.8888888889 1.0 2.5 9.0,3,1.0,0.5 0.5 45.4555899757 20.1111111111 1.0 2.5 9.0
0.5 0.5 45.4555899757 20.1111111111 1.0 2.5 9.0,3,1.0,0.5 0.5 53.793289938 26.4444444444 1.0 2.5 9.0
0.5 0.5 53.793289938 26.4444444444 1.0 2.5 9.0,3,1.0,0.5 0.5 60.8720626747 37.8888888889 1.0 2.5 9.0
0.5 0.5 60.8720626747 37.8888888889 1.0 2.5 9.0,3,1.0,0.5 0.5 65.4976929756 26.5555555556 1.0 2.5 9.0
0.5 0.5 65.4976929756 26.5555555556 1.0 2.5 9.0,3,1.0,0.5 0.5 41.1024604126 20.1111111111 1.0 2.5 9.0
0.5 0.5 41.1024604126 20.1111111111 1.0 2.5 9.0,3,1.0,0.5 0.5 43.7047286411 36.0 1.0 2.5 9.0
0.5 0.5 43.7047286411 36.0 1.0 2.5 9.0,3,1.0,0.5 0.5 43.2833569918 51.0 1.0 2.5 9.0
0.5 0.5 43.2833569918 51.0 1.0 2.5 9.0,3,1.0,0.5 0.5 52.0524352283 20.6666666667 1.0 2.5 9.0
0.5 0.5 52.0524352283 20.6666666667 1.0 2.5 9.0,3,1.0,0.5 0.5 44.4801318813 25.2222222222 1.0 2.5 9.0
0.5 0.5 44.4801318813 25.2222222222 1.0 2.5 9.0,3,1.0,0.5 0.5 50.551544243 20.4444444444 1.0 2.5 9.0
1.0 1.0 35.378255147 18.5555555556 1.0 0.5 9.0,0,1.0,1.0 1.0 35.8103117301 18.1111111111 1.0 1.0 9.0
1.0 1.0 35.8103117301 18.1111111111 1.0 1.0 9.0,0,1.0,1.0 1.0 35.8103117301 18.1111111111 1.0 1.5 9.0
1.0 1.0 35.8103117301 18.1111111111 1.0 1.5 9.0,0,1.0,1.0 1.0 35.8103117301 18.3333333333 1.0 2.0 9.0
1.0 1.0 35.8103117301 18.3333333333 1.0 2.0 9.0,0,1.0,0.5 0.5 52.4568515486 20.8888888889 1.0 2.5 9.0
0.5 0.5 52.4568515486 20.8888888889 1.0 2.5 9.0,3,1.0,0.5 0.5 68.4434382095 40.2222222222 1.0 2.5 9.0
0.5 0.5 68.4434382095 40.2222222222 1.0 2.5 9.0,2,1.0,0.5 0.5 49.0660724022 19.0 1.0 2.5 9.0
0.5 0.5 49.0660724022 19.0 1.0 2.5 9.0,3,1.0,0.5 0.5 52.3647362903 20.5555555556 1.0 2.5 9.0
0.5 0.5 52.3647362903 20.5555555556 1.0 2.5 9.0,3,1.0,0.5 0.5 36.8709968798 20.8888888889 1.0 2.5 9.0
0.5 0.5 36.8709968798 20.8888888889 1.0 2.5 9.0,3,1.0,0.5 0.5 61.3091702179 64.2222222222 1.0 2.5 9.0
0.5 0.5 61.3091702179 64.2222222222 1.0 2.5 9.0,3,1.0,0.5 0.5 42.746845351 24.3333333333 1.0 2.5 9.0
0.5 0.5 42.746845351 24.3333333333 1.0 2.5 9.0,3,1.0,0.5 0.5 56.5176134017 20.2222222222 1.0 2.5 9.0
0.5 0.5 56.5176134017 20.2222222222 1.0 2.5 9.0,3,1.0,0.5 0.5 47.0001942956 23.0 1.0 2.5 9.0
0.5 0.5 47.0001942956 23.0 1.0 2.5 9.0,3,1.0,0.5 0.5 63.4778776688 28.3333333333 1.0 2.5 9.0
0.5 0.5 63.4778776688 28.3333333333 1.0 2.5 9.0,3,1.0,0.5 0.5 60.5096185053 21.3333333333 1.0 2.5 9.0
0.5 0.5 60.5096185053 21.3333333333 1.0 2.5 9.0,3,1.0,0.5 0.5 38.7796333086 20.8888888889 1.0 2.5 9.0
0.5 0.5 69.7912874714 57.6666666667 1.0 2.5 9.0,3,1.0,0.5 0.5 42.1145698332 24.4444444444 1.0 2.5 9.0
0.5 0.5 42.1145698332 24.4444444444 1.0 2.5 9.0,3,1.0,0.5 0.5 61.8064482375 30.3333333333 1.0 2.5 9.0
0.5 0.5 61.8064482375 30.3333333333 1.0 2.5 9.0,3,1.0,0.5 0.5 48.2151470102 20.1111111111 1.0 2.5 9.0
0.5 0.5 48.2151470102 20.1111111111 1.0 2.5 9.0,3,1.0,0.5 0.5 51.2977815712 33.4444444444 1.0 2.5 9.0
0.5 0.5 51.2977815712 33.4444444444 1.0 2.5 9.0,2,1.0,0.5 0.5 50.9954051271 23.3333333333 1.0 2.5 9.0
0.5 0.5 50.9954051271 23.3333333333 1.0 2.5 9.0,3,1.0,0.5 0.5 63.1491932432 20.0 1.0 2.5 9.0
0.5 0.5 63.1491932432 20.0 1.0 2.5 9.0,3,1.0,0.5 0.5 72.4945524849 38.4444444444 1.0 2.5 9.0
0.5 0.5 72.4945524849 38.4444444444 1.0 2.5 9.0,3,1.0,0.5 0.5 43.3638339952 21.6666666667 1.0 2.5 9.0
0.5 0.5 43.3638339952 21.6666666667 1.0 2.5 9.0,3,1.0,0.5 0.5 53.3670750384 21.6666666667 1.0 2.5 9.0
0.5 0.5 53.3670750384 21.6666666667 1.0 2.5 9.0,3,1.0,0.5 0.5 33.9272889864 23.8888888889 1.0 2.5 9.0
0.5 0.5 33.9272889864 23.8888888889 1.0 2.5 9.0,3,1.0,0.5 0.5 53.5476816337 23.6666666667 1.0 2.5 9.0
0.5 0.5 53.5476816337 23.6666666667 1.0 2.5 9.0,3,1.0,0.5 0.5 62.4518602323 39.0 1.0 2.5 9.0
0.5 0.5 62.4518602323 39.0 1.0 2.5 9.0,3,1.0,0.5 0.5 64.2536068402 22.4444444444 1.0 2.5 9.0
0.5 0.5 64.2536068402 22.4444444444 1.0 2.5 9.0,3,1.0,0.5 0.5 44.9031413412 21.7777777778 1.0 2.5 9.0
0.5 0.5 44.9031413412 21.7777777778 1.0 2.5 9.0,2,1.0,0.5 0.5 45.3467667224 19.2222222222 1.0 2.5 9.0
1.0 1.0 49.632663583 15.2 0.555555555556 0.5 5.0,0,1.0,1.0 1.0 49.6362514654 15.8 0.555555555556 1.0 5.0
1.0 1.0 49.6362514654 15.8 0.555555555556 1.0 5.0,3,1.0,1.0 1.0 43.8809166964 16.8333333333 0.666666666667 1.0 6.0
1.0 1.0 43.8809166964 16.8333333333 0.666666666667 1.0 6.0,0,1.0,1.0 1.0 43.8809166964 16.5 0.666666666667 1.5 6.0
1.0 1.0 43.8809166964 16.5 0.666666666667 1.5 6.0,0,1.0,1.0 1.0 43.8839065984 16.3333333333 0.666666666667 2.0 6.0
1.0 1.0 43.8839065984 16.3333333333 0.666666666667 2.0 6.0,3,1.0,1.0 1.0 39.0020486032 17.1428571429 0.777777777778 2.0 7.0
1.0 1.0 39.0020486032 17.1428571429 0.777777777778 2.0 7.0,0,1.0,0.5 0.5 57.9036845708 18.5714285714 0.777777777778 2.5 7.0
0.5 0.5 57.9036845708 18.5714285714 0.777777777778 2.5 7.0,3,1.0,0.5 0.5 47.8390241771 18.25 0.888888888889 2.5 8.0
0.5 0.5 47.8390241771 18.25 0.888888888889 2.5 8.0,3,1.0,0.5 0.5 60.9741957674 27.6666666667 1.0 2.5 9.0
0.5 0.5 60.9741957674 27.6666666667 1.0 2.5 9.0,3,1.0,0.5 0.5 41.4717099308 22.8888888889 1.0 2.5 9.0
0.5 0.5 41.4717099308 22.8888888889 1.0 2.5 9.0,3,1.0,0.5 0.5 57.9838368761 39.2222222222 1.0 2.5 9.0
0.5 0.5 57.9838368761 39.2222222222 1.0 2.5 9.0,3,1.0,0.5 0.5 55.9341594695 27.2222222222 1.0 2.5 9.0
0.5 0.5 55.9341594695 27.2222222222 1.0 2.5 9.0,3,1.0,0.5 0.5 48.2766483025 19.3333333333 1.0 2.5 9.0
0.5 0.5 48.2766483025 19.3333333333 1.0 2.5 9.0,3,1.0,0.5 0.5 48.2568885697 21.5555555556 1.0 2.5 9.0
0.5 0.5 48.2568885697 21.5555555556 1.0 2.5 9.0,3,1.0,0.5 0.5 37.251227996 23.4444444444 1.0 2.5 9.0
0.5 0.5 37.251227996 23.4444444444 1.0 2.5 9.0,3,1.0,0.5 0.5 54.1910320375 24.6666666667 1.0 2.5 9.0
0.0 0.0 250.0 150.0 0.0 4.0 9.0,1,-1.0,0.0 0.0 250.0 150.0 0.0 3.5 9.0
0.0 0.0 250.0 150.0 0.0 3.5 9.0,1,-1.0,0.0 0.0 250.0 150.0 0.0 3.0 9.0
0.0 0.0 250.0 150.0 0.0 3.0 9.0,1,1.0,0.5 0.5 45.3537957251 21.2222222222 1.0 2.5 9.0
0.5 0.5 45.3537957251 21.2222222222 1.0 2.5 9.0,3,1.0,0.5 0.5 38.8138504435 20.1111111111 1.0 2.5 9.0
0.5 0.5 38.8138504435 20.1111111111 1.0 2.5 9.0,3,1.0,0.5 0.5 36.9672187889 21.0 1.0 2.5 9.0
0.5 0.5 36.9672187889 21.0 1.0 2.5 9.0,3,1.0,0.5 0.5 49.5307048917 20.4444444444 1.0 2.5 9.0
0.5 0.5 49.5307048917 20.4444444444 1.0 2.5 9.0,2,1.0,0.5 0.5 48.5101523088 19.2222222222 1.0 2.5 9.0
0.5 0.5 48.5101523088 19.2222222222 1.0 2.5 9.0,3,1.0,0.5 0.5 44.8534350082 24.2222222222 1.0 2.5 9.0
0.5 0.5 44.8534350082 24.2222222222 1.0 2.5 9.0,3,1.0,0.5 0.5 45.45647797 23.0 1.0 2.5 9.0
0.5 0.5 45.45647797 23.0 1.0 2.5 9.0,3,1.0,0.5 0.5 39.4076897408 21.2222222222 1.0 2.5 9.0
0.5 0.5 39.4076897408 21.2222222222 1.0 2.5 9.0,3,1.0,0.5 0.5 55.3228920932 21.0 1.0 2.5 9.0
0.5 0.5 55.3228920932 21.0 1.0 2.5 9.0,3,1.0,0.5 0.5 55.1930141002 40.8888888889 1.0 2.5 9.0
0.5 0.5 55.1930141002 40.8888888889 1.0 2.5 9.0,3,1.0,0.5 0.5 43.2940654898 26.7777777778 1.0 2.5 9.0
0.5 0.5 43.2940654898 26.7777777778 1.0 2.5 9.0,3,1.0,0.5 0.5 52.8144397139 33.7777777778 1.0 2.5 9.0
0.5 0.5 52.8144397139 33.7777777778 1.0 2.5 9.0,3,1.0,0.5 0.5 54.8709682768 21.3333333333 1.0 2.5 9.0
1.0 1.0 38.7215775218 17.5714285714 0.777777777778 1.0 7.0,0,1.0,1.0 1.0 38.99948583 17.7142857143 0.777777777778 1.5 7.0
1.0 1.0 38.99948583 17.7142857143 0.777777777778 1.5 7.0,0,1.0,1.0 1.0 38.99948583 17.1428571429 0.777777777778 2.0 7.0
1.0 1.0 38.99948583 17.1428571429 0.777777777778 2.0 7.0,0,1.0,0.5 0.5 58.8030371515 57.5714285714 0.777777777778 2.5 7.0
0.5 0.5 58.8030371515 57.5714285714 0.777777777778 2.5 7.0,3,1.0,0.5 0.5 56.6131868068 25.375 0.888888888889 2.5 8.0
0.5 0.5 56.6131868068 25.375 0.888888888889 2.5 8.0,3,1.0,0.5 0.5 50.5181475413 23.2222222222 1.0 2.5 9.0
0.5 0.5 50.5181475413 23.2222222222 1.0 2.5 9.0,3,1.0,0.5 0.5 53.3514399289 21.6666666667 1.0 2.5 9.0
0.5 0.5 53.3514399289 21.6666666667 1.0 2.5 9.0,3,1.0,0.5 0.5 59.8053612352 20.8888888889 1.0 2.5 9.0
0.5 0.5 59.8053612352 20.8888888889 1.0 2.5 9.0,3,1.0,0.5 0.5 55.2142439869 34.8888888889 1.0 2.5 9.0
0.5 0.5 55.2142439869 34.8888888889 1.0 2.5 9.0,3,1.0,0.5 0.5 47.9709557989 37.3333333333 1.0 2.5 9.0
0.5 0.5 47.9709557989 37.3333333333 1.0 2.5 9.0,3,1.0,0.5 0.5 50.7185766381 23.3333333333 1.0 2.5 9.0
0.5 0.5 50.7185766381 23.3333333333 1.0 2.5 9.0,3,1.0,0.5 0.5 52.3315359289 22.2222222222 1.0 2.5 9.0
0.5 0.5 52.3315359289 22.2222222222 1.0 2.5 9.0,3,1.0,0.5 0.5 57.6897889751 34.5555555556 1.0 2.5 9.0
0.5 0.5 57.6897889751 34.5555555556 1.0 2.5 9.0,2,1.0,0.5 0.5 32.7418569158 19.0 1.0 2.5 9.0
0.5 0.5 32.7418569158 19.0 1.0 2.5 9.0,3,1.0,0.5 0.5 38.9796732661 20.8888888889 1.0 2.5 9.0
0.5 0.5 38.9796732661 20.8888888889 1.0 2.5 9.0,3,1.0,0.5 0.5 55.82344528 39.6666666667 1.0 2.5 9.0
0.0 0.0 250.0 150.0 0.0 3.0 9.0,1,1.0,0.5 0.5 64.2134750471 28.6666666667 1.0 2.5 9.0
0.5 0.5 64.2134750471 28.6666666667 1.0 2.5 9.0,2,1.0,0.5 0.5 47.0425431514 19.1111111111 1.0 2.5 9.0
0.5 0.5 47.0425431514 19.1111111111 1.0 2.5 9.0,3,1.0,0.5 0.5 44.2647566211 22.8888888889 1.0 2.5 9.0
0.5 0.5 44.2647566211 22.8888888889 1.0 2.5 9.0,3,1.0,0.5 0.5 57.7576008293 27.2222222222 1.0 2.5 9.0
0.5 0.5 57.7576008293 27.2222222222 1.0 2.5 9.0,2,1.0,0.5 0.5 44.7714625796 21.2222222222 1.0 2.5 9.0
0.5 0.5 44.7714625796 21.2222222222 1.0 2.5 9.0,3,1.0,0.5 0.5 51.2090758513 24.5555555556 1.0 2.5 9.0
0.5 0.5 51.2090758513 24.5555555556 1.0 2.5 9.0,3,1.0,0.5 0.5 58.7104183458 24.2222222222 1.0 2.5 9.0
0.5 0.5 58.7104183458 24.2222222222 1.0 2.5 9.0,3,1.0,0.5 0.5 52.7670229192 18.7777777778 1.0 2.5 9.0
0.5 0.5 52.7670229192 18.7777777778 1.0 2.5 9.0,2,1.0,0.5 0.5 46.0177674577 46.6666666667 1.0 2.5 9.0
0.5 0.5 46.0177674577 46.6666666667 1.0 2.5 9.0,2,1.0,0.5 0.5 53.3993348004 19.6666666667 1.0 2.5 9.0
0.5 0.5 53.3993348004 19.6666666667 1.0 2.5 9.0,3,1.0,0.5 0.5 55.6929730771 26.3333333333 1.0 2.5 9.0
0.5 0.5 55.6929730771 26.3333333333 1.0 2.5 9.0,3,1.0,0.5 0.5 42.5822462163 23.8888888889 1.0 2.5 9.0
0.5 0.5 42.5822462163 23.8888888889 1.0 2.5 9.0,2,1.0,0.5 0.5 57.9565205646 20.0 1.0 2.5 9.0
0.5 0.5 57.9565205646 20.0 1.0 2.5 9.0,3,1.0,0.5 0.5 55.7573442049 27.8888888889 1.0 2.5 9.0
0.5 0.5 55.7573442049 27.8888888889 1.0 2.5 9.0,3,1.0,0.5 0.5 48.3169381937 21.8888888889 1.0 2.5 9.0
0.5 0.5 48.9230559983 20.6666666667 1.0 2.5 9.0,3,1.0,0.5 0.5 44.0631903225 22.4444444444 1.0 2.5 9.0
0.5 0.5 44.0631903225 22.4444444444 1.0 2.5 9.0,3,1.0,0.5 0.5 62.359143862 20.7777777778 1.0 2.5 9.0
0.5 0.5 62.359143862 20.7777777778 1.0 2.5 9.0,3,1.0,0.5 0.5 49.4500209398 22.5555555556 1.0 2.5 9.0
0.5 0.5 49.4500209398 22.5555555556 1.0 2.5 9.0,2,1.0,0.5 0.5 49.3599821041 20.5555555556 1.0 2.5 9.0
0.5 0.5 49.3599821041 20.5555555556 1.0 2.5 9.0,3,1.0,0.5 0.5 50.0013804518 21.4444444444 1.0 2.5 9.0
0.5 0.5 50.0013804518 21.4444444444 1.0 2.5 9.0,3,1.0,0.5 0.5 38.5816687361 21.0 1.0 2.5 9.0
0.5 0.5 38.5816687361 21.0 1.0 2.5 9.0,3,1.0,0.5 0.5 46.1343845274 26.0 1.0 2.5 9.0
0.5 0.5 46.1343845274 26.0 1.0 2.5 9.0,3,1.0,0.5 0.5 62.4845638712 42.8888888889 1.0 2.5 9.0
0.5 0.5 62.4845638712 42.8888888889 1.0 2.5 9.0,3,1.0,0.5 0.5 53.224963029 23.0 1.0 2.5 9.0
0.5 0.5 53.224963029 23.0 1.0 2.5 9.0,3,1.0,0.5 0.5 45.646401296 21.8888888889 1.0 2.5 9.0
0.5 0.5 45.646401296 21.8888888889 1.0 2.5 9.0,3,1.0,0.5 0.5 61.5267792822 20.5555555556 1.0 2.5 9.0
0.5 0.5 61.5267792822 20.5555555556 1.0 2.5 9.0,3,1.0,0.5 0.5 55.8123105115 20.7777777778 1.0 2.5 9.0
0.5 0.5 55.8123105115 20.7777777778 1.0 2.5 9.0,3,1.0,0.5 0.5 59.790121031 22.0 1.0 2.5 9.0
0.5 0.5 59.790121031 22.0 1.0 2.5 9.0,3,1.0,0.5 0.5 48.0331788403 20.8888888889 1.0 2.5 9.0
0.5 0.5 48.0331788403 20.8888888889 1.0 2.5 9.0,3,1.0,0.5 0.5 41.0789637404 21.2222222222 1.0 2.5 9.0
1.0 1.0 43.8809166964 16.5 0.666666666667 0.5 6.0,0,1.0,1.0 1.0 43.8809166964 16.6666666667 0.666666666667 1.0 6.0
1.0 1.0 43.8809166964 16.6666666667 0.666666666667 1.0 6.0,0,1.0,1.0 1.0 43.8809166964 16.3333333333 0.666666666667 1.5 6.0
1.0 1.0 43.8809166964 16.3333333333 0.666666666667 1.5 6.0,3,1.0,1.0 1.0 38.99948583 17.4285714286 0.777777777778 1.5 7.0
1.0 1.0 38.99948583 17.4285714286 0.777777777778 1.5 7.0,0,1.0,1.0 1.0 39.0020486032 17.4285714286 0.777777777778 2.0 7.0
1.0 1.0 39.0020486032 17.4285714286 0.777777777778 2.0 7.0,0,1.0,0.5 0.5 59.8848017963 26.2857142857 0.777777777778 2.5 7.0
0.5 0.5 59.8848017963 26.2857142857 0.777777777778 2.5 7.0,3,1.0,0.5 0.5 51.0866935213 23.125 0.888888888889 2.5 8.0
0.5 0.5 51.0866935213 23.125 0.888888888889 2.5 8.0,3,1.0,0.5 0.5 47.7172002345 36.0 1.0 2.5 9.0
0.5 0.5 47.7172002345 36.0 1.0 2.5 9.0,3,1.0,0.5 0.5 60.6743257966 20.4444444444 1.0 2.5 9.0
0.5 0.5 60.6743257966 20.4444444444 1.0 2.5 9.0,3,1.0,0.5 0.5 56.2257571286 22.7777777778 1.0 2.5 9.0
0.5 0.5 56.2257571286 22.7777777778 1.0 2.5 9.0,2,1.0,0.5 0.5 60.5521056637 54.7777777778 1.0 2.5 9.0
0.5 0.5 60.5521056637 54.7777777778 1.0 2.5 9.0,3,1.0,0.5 0.5 53.5349460615 20.7777777778 1.0 2.5 9.0
0.5 0.5 53.5349460615 20.7777777778 1.0 2.5 9.0,3,1.0,0.5 0.5 45.4637603748 20.8888888889 1.0 2.5 9.0
0.5 0.5 45.4637603748 20.8888888889 1.0 2.5 9.0,3,1.0,0.5 0.5 60.3176657371 23.1111111111 1.0 2.5 9.0
0.5 0.5 60.3176657371 23.1111111111 1.0 2.5 9.0,3,1.0,0.5 0.5 39.9521628172 21.0 1.0 2.5 9.0
0.5 0.5 39.9521628172 21.0 1.0 2.5 9.0,2,1.0,0.5 0.5 50.8126027448 20.8888888889 1.0 2.5 9.0
0.5 0.5 49.3611880551 51.875 0.888888888889 2.5 8.0,3,1.0,0.5 0.5 52.7645929288 22.6666666667 1.0 2.5 9.0
0.5 0.5 52.7645929288 22.6666666667 1.0 2.5 9.0,3,1.0,0.5 0.5 44.509940695 37.2222222222 1.0 2.5 9.0
0.5 0.5 44.509940695 37.2222222222 1.0 2.5 9.0,3,1.0,0.5 0.5 65.8697173153 26.7777777778 1.0 2.5 9.0
0.5 0.5 65.8697173153 26.7777777778 1.0 2.5 9.0,3,1.0,0.5 0.5 45.1603381607 21.5555555556 1.0 2.5 9.0
0.5 0.5 45.1603381607 21.5555555556 1.0 2.5 9.0,3,1.0,0.5 0.5 43.8503327866 24.3333333333 1.0 2.5 9.0
0.5 0.5 43.8503327866 24.3333333333 1.0 2.5 9.0,3,1.0,0.5 0.5 47.0787414778 18.6666666667 1.0 2.5 9.0
0.5 0.5 47.0787414778 18.6666666667 1.0 2.5 9.0,3,1.0,0.5 0.5 42.1841142645 35.5555555556 1.0 2.5 9.0
0.5 0.5 42.1841142645 35.5555555556 1.0 2.5 9.0,3,1.0,0.5 0.5 43.3230464674 22.1111111111 1.0 2.5 9.0
0.5 0.5 43.3230464674 22.1111111111 1.0 2.5 9.0,3,1.0,0.5 0.5 44.5750796933 24.4444444444 1.0 2.5 9.0
0.5 0.5 44.5750796933 24.4444444444 1.0 2.5 9.0,3,1.0,0.5 0.5 64.5503595361 22.8888888889 1.0 2.5 9.0
0.5 0.5 64.5503595361 22.8888888889 1.0 2.5 9.0,3,1.0,0.5 0.5 38.2065602404 34.1111111111 1.0 2.5 9.0
0.5 0.5 38.2065602404 34.1111111111 1.0 2.5 9.0,3,1.0,0.5 0.5 64.1967412501 32.6666666667 1.0 2.5 9.0
0.5 0.5 64.1967412501 32.6666666667 1.0 2.5 9.0,3,1.0,0.5 0.5 40.1050239267 37.5555555556 1.0 2.5 9.0
0.5 0.5 40.1050239267 37.5555555556 1.0 2.5 9.0,3,1.0,0.5 0.5 46.1710206988 20.4444444444 1.0 2.5 9.0
0.5 0.5 46.1710206988 20.4444444444 1.0 2.5 9.0,2,1.0,0.5 0.5 52.4192219346 20.5555555556 1.0 2.5 9.0
1.0 1.0 35.8103117301 18.3333333333 1.0 2.0 9.0,0,1.0,0.5 0.5 64.0577548087 25.5555555556 1.0 2.5 9.0
0.5 0.5 64.0577548087 25.5555555556 1.0 2.5 9.0,3,1.0,0.5 0.5 57.3237168184 21.1111111111 1.0 2.5 9.0
0.5 0.5 57.3237168184 21.1111111111 1.0 2.5 9.0,3,1.0,0.5 0.5 48.2422237962 21.8888888889 1.0 2.5 9.0
0.5 0.5 48.2422237962 21.8888888889 1.0 2.5 9.0,3,1.0,0.5 0.5 49.1457824223 20.3333333333 1.0 2.5 9.0
0.5 0.5 49.1457824223 20.3333333333 1.0 2.5 9.0,2,1.0,0.5 0.5 40.6441863494 21.4444444444 1.0 2.5 9.0
0.5 0.5 40.6441863494 21.4444444444 1.0 2.5 9.0,3,1.0,0.5 0.5 63.0347637837 42.2222222222 1.0 2.5 9.0
0.5 0.5 63.0347637837 42.2222222222 1.0 2.5 9.0,3,1.0,0.5 0.5 51.8870737627 24.7777777778 1.0 2.5 9.0
0.5 0.5 51.8870737627 24.7777777778 1.0 2.5 9.0,2,1.0,0.5 0.5 64.446629889 40.8888888889 1.0 2.5 9.0
0.5 0.5 64.446629889 40.8888888889 1.0 2.5 9.0,3,1.0,0.5 0.5 56.2523832427 40.7777777778 1.0 2.5 9.0
0.5 0.5 56.2523832427 40.7777777778 1.0 2.5 9.0,3,1.0,0.5 0.5 53.2004972417 37.6666666667 1.0 2.5 9.0
0.5 0.5 53.2004972417 37.6666666667 1.0 2.5 9.0,2,1.0,0.5 0.5 47.7563117089 39.2222222222 1.0 2.5 9.0
0.5 0.5 47.7563117089 39.2222222222 1.0 2.5 9.0,3,1.0,0.5 0.5 60.9150892519 56.1111111111 1.0 2.5 9.0
0.5 0.5 60.9150892519 56.1111111111 1.0 2.5 9.0,3,1.0,0.5 0.5 50.1982632802 21.4444444444 1.0 2.5 9.0
0.5 0.5 50.1982632802 21.4444444444 1.0 2.5 9.0,3,1.0,0.5 0.5 59.4998968179 25.7777777778 1.0 2.5 9.0
0.5 0.5 59.4998968179 25.7777777778 1.0 2.5 9.0,3,1.0,0.5 0.5 44.5313234075 35.3333333333 1.0 2.5 9.0
0.0 0.0 250.0 150.0 0.0 4.0 9.0,1,-1.0,0.0 0.0 250.0 150.0 0.0 3.5 9.0
0.0 0.0 250.0 150.0 0.0 3.5 9.0,1,-1.0,0.0 0.0 250.0 150.0 0.0 3.0 9.0
0.0 0.0 250.0 150.0 0.0 3.0 9.0,1,1.0,0.5 0.5 58.4397260263 25.2222222222 1.0 2.5 9.0
0.5 0.5 58.4397260263 25.2222222222 1.0 2.5 9.0,3,1.0,0.5 0.5 64.3251916008 46.5555555556 1.0 2.5 9.0
0.5 0.5 64.3251916008 46.5555555556 1.0 2.5 9.0,3,1.0,0.5 0.5 48.2999255268 21.5555555556 1.0 2.5 9.0
0.5 0.5 48.2999255268 21.5555555556 1.0 2.5 9.0,2,1.0,0.5 0.5 57.2470431317 21.2222222222 1.0 2.5 9.0
0.5 0.5 57.2470431317 21.2222222222 1.0 2.5 9.0,3,1.0,0.5 0.5 57.8114649513 19.2222222222 1.0 2.5 9.0
0.5 0.5 57.8114649513 19.2222222222 1.0 2.5 9.0,3,1.0,0.5 0.5 51.5498849615 19.5555555556 1.0 2.5 9.0
0.5 0.5 51.5498849615 19.5555555556 1.0 2.5 9.0,3,1.0,0.5 0.5 46.0324225667 22.1111111111 1.0 2.5 9.0
0.5 0.5 46.0324225667 22.1111111111 1.0 2.5 9.0,3,1.0,0.5 0.5 59.0294046686 40.6666666667 1.0 2.5 9.0
0.5 0.5 59.0294046686 40.6666666667 1.0 2.5 9.0,3,1.0,0.5 0.5 47.0119405794 21.6666666667 1.0 2.5 9.0
0.5 0.5 47.0119405794 21.6666666667 1.0 2.5 9.0,2,1.0,0.5 0.5 48.392720321 28.0 1.0 2.5 9.0
0.5 0.5 48.392720321 28.0 1.0 2.5 9.0,3,1.0,0.5 0.5 47.7587852683 27.6666666667 1.0 2.5 9.0
0.5 0.5 47.7587852683 27.6666666667 1.0 2.5 9.0,3,1.0,0.5 0.5 45.7760134556 24.2222222222 1.0 2.5 9.0
0.5 0.5 45.7760134556 24.2222222222 1.0 2.5 9.0,2,1.0,0.5 0.5 52.3020587255 22.3333333333 1.0 2.5 9.0
0.0 0.0 250.0 150.0 0.0 4.0 9.0,1,-1.0,0.0 0.0 250.0 150.0 0.0 3.5 9.0
0.0 0.0 250.0 150.0 0.0 3.5 9.0,1,-1.0,0.0 0.0 250.0 150.0 0.0 3.0 9.0
0.0 0.0 250.0 150.0 0.0 3.0 9.0,1,1.0,0.5 0.5 55.0200980178 21.1111111111 1.0 2.5 9.0
0.5 0.5 55.0200980178 21.1111111111 1.0 2.5 9.0,3,1.0,0.5 0.5 48.9171353981 20.2222222222 1.0 2.5 9.0
0.5 0.5 48.9171353981 20.2222222222 1.0 2.5 9.0,3,1.0,0.5 0.5 62.4352165205 19.6666666667 1.0 2.5 9.0
0.5 0.5 62.4352165205 19.6666666667 1.0 2.5 9.0,3,1.0,0.5 0.5 46.4714694103 20.1111111111 1.0 2.5 9.0
0.5 0.5 46.4714694103 20.1111111111 1.0 2.5 9.0,2,1.0,0.5 0.5 52.6435810476 22.8888888889 1.0 2.5 9.0
0.5 0.5 52.6435810476 22.8888888889 1.0 2.5 9.0,2,1.0,0.5 0.5 36.1804481815 35.8888888889 1.0 2.5 9.0
0.5 0.5 36.1804481815 35.8888888889 1.0 2.5 9.0,3,1.0,0.5 0.5 45.2398999991 20.3333333333 1.0 2.5 9.0
0.5 0.5 45.2398999991 20.3333333333 1.0 2.5 9.0,3,1.0,0.5 0.5 57.0250706729 23.1111111111 1.0 2.5 9.0
0.5 0.5 57.0250706729 23.1111111111 1.0 2.5 9.0,3,1.0,0.5 0.5 48.5758111979 26.2222222222 1.0 2.5 9.0
0.5 0.5 48.5758111979 26.2222222222 1.0 2.5 9.0,3,1.0,0.5 0.5 43.5473083528 22.2222222222 1.0 2.5 9.0
0.5 0.5 43.5473083528 22.2222222222 1.0 2.5 9.0,3,1.0,0.5 0.5 51.100705559 20.8888888889 1.0 2.5 9.0
0.5 0.5 51.100705559 20.8888888889 1.0 2.5 9.0,3,1.0,0.5 0.5 54.322873867 25.4444444444 1.0 2.5 9.0
0.5 0.5 54.322873867 25.4444444444 1.0 2.5 9.0,3,1.0,0.5 0.5 60.8177402318 49.3333333333 1.0 2.5 9.0
0.0 0.0 250.0 150.0 0.0 3.5 7.0,1,-1.0,0.0 0.0 250.0 150.0 0.0 3.0 7.0
0.0 0.0 250.0 150.0 0.0 3.0 7.0,1,1.0,0.5 0.5 53.4006548891 27.4285714286 0.777777777778 2.5 7.0
0.5 0.5 53.4006548891 27.4285714286 0.777777777778 2.5 7.0,3,1.0,0.5 0.5 46.227346363 18.25 0.888888888889 2.5 8.0
0.5 0.5 46.227346363 18.25 0.888888888889 2.5 8.0,3,1.0,0.5 0.5 50.5081156026 23.6666666667 1.0 2.5 9.0
0.5 0.5 50.5081156026 23.6666666667 1.0 2.5 9.0,3,1.0,0.5 0.5 58.1374192068 25.7777777778 1.0 2.5 9.0
0.5 0.5 58.1374192068 25.7777777778 1.0 2.5 9.0,3,1.0,0.5 0.5 39.8570952423 19.8888888889 1.0 2.5 9.0
0.5 0.5 39.8570952423 19.8888888889 1.0 2.5 9.0,3,1.0,0.5 0.5 55.8123105115 21.3333333333 1.0 2.5 9.0
0.5 0.5 55.8123105115 21.3333333333 1.0 2.5 9.0,3,1.0,0.5 0.5 52.0336502026 22.1111111111 1.0 2.5 9.0
0.5 0.5 52.0336502026 22.1111111111 1.0 2.5 9.0,3,1.0,0.5 0.5 60.9119157247 25.3333333333 1.0 2.5 9.0
0.5 0.5 60.9119157247 25.3333333333 1.0 2.5 9.0,3,1.0,0.5 0.5 60.0402257225 30.0 1.0 2.5 9.0
0.5 0.5 60.0402257225 30.0 1.0 2.5 9.0,3,1.0,0.5 0.5 47.6293061714 25.6666666667 1.0 2.5 9.0
0.5 0.5 47.6293061714 25.6666666667 1.0 2.5 9.0,3,1.0,0.5 0.5 66.1121387741 40.6666666667 1.0 2.5 9.0
0.5 0.5 66.1121387741 40.6666666667 1.0 2.5 9.0,3,1.0,0.5 0.5 57.6016798425 51.1111111111 1.0 2.5 9.0
0.5 0.5 57.6016798425 51.1111111111 1.0 2.5 9.0,3,1.0,0.5 0.5 70.2834449712 31.4444444444 1.0 2.5 9.0
0.5 0.5 70.2834449712 31.4444444444 1.0 2.5 9.0,3,1.0,0.5 0.5 59.3175989419 37.6666666667 1.0 2.5 9.0
1.0 1.0 35.8103117301 18.4444444444 1.0 2.0 9.0,0,1.0,0.5 0.5 43.3587462571 21.0 1.0 2.5 9.0
0.5 0.5 43.3587462571 21.0 1.0 2.5 9.0,3,1.0,0.5 0.5 60.9292586029 24.7777777778 1.0 2.5 9.0
0.5 0.5 60.9292586029 24.7777777778 1.0 2.5 9.0,3,1.0,0.5 0.5 35.1994109052 21.3333333333 1.0 2.5 9.0
0.5 0.5 35.1994109052 21.3333333333 1.0 2.5 9.0,3,1.0,0.5 0.5 65.813530259 36.1111111111 1.0 2.5 9.0
0.5 0.5 65.813530259 36.1111111111 1.0 2.5 9.0,2,1.0,0.5 0.5 38.4789882031 37.1111111111 1.0 2.5 9.0
0.5 0.5 38.4789882031 37.1111111111 1.0 2.5 9.0,3,1.0,0.5 0.5 53.1865017823 33.6666666667 1.0 2.5 9.0
0.5 0.5 53.1865017823 33.6666666667 1.0 2.5 9.0,3,1.0,0.5 0.5 52.1307054451 23.1111111111 1.0 2.5 9.0
0.5 0.5 52.1307054451 23.1111111111 1.0 2.5 9.0,3,1.0,0.5 0.5 45.0537664822 21.1111111111 1.0 2.5 9.0
0.5 0.5 45.0537664822 21.1111111111 1.0 2.5 9.0,3,1.0,0.5 0.5 44.4751722584 19.0 1.0 2.5 9.0
0.5 0.5 44.4751722584 19.0 1.0 2.5 9.0,3,1.0,0.5 0.5 59.9493390683 60.2222222222 1.0 2.5 9.0
0.5 0.5 59.9493390683 60.2222222222 1.0 2.5 9.0,3,1.0,0.5 0.5 49.0908629751 27.3333333333 1.0 2.5 9.0
0.5 0.5 49.0908629751 27.3333333333 1.0 2.5 9.0,3,1.0,0.5 0.5 61.9089261235 24.0 1.0 2.5 9.0
0.5 0.5 61.9089261235 24.0 1.0 2.5 9.0,3,1.0,0.5 0.5 62.4641746503 21.1111111111 1.0 2.5 9.0
0.5 0.5 62.4641746503 21.1111111111 1.0 2.5 9.0,3,1.0,0.5 0.5 37.9457163377 23.2222222222 1.0 2.5 9.0
0.5 0.5 37.9457163377 23.2222222222 1.0 2.5 9.0,3,1.0,0.5 0.5 75.8603941877 39.0 1.0 2.5 9.0
0.5 0.5 61.267381084 21.8888888889 1.0 2.5 9.0,3,1.0,0.5 0.5 41.4969927151 23.1111111111 1.0 2.5 9.0
0.5 0.5 41.4969927151 23.1111111111 1.0 2.5 9.0,3,1.0,0.5 0.5 52.4831454404 24.2222222222 1.0 2.5 9.0
0.5 0.5 52.4831454404 24.2222222222 1.0 2.5 9.0,3,1.0,0.5 0.5 63.2938338134 39.6666666667 1.0 2.5 9.0
0.5 0.5 63.2938338134 39.6666666667 1.0 2.5 9.0,3,1.0,0.5 0.5 47.8117677185 22.3333333333 1.0 2.5 9.0
0.5 0.5 47.8117677185 22.3333333333 1.0 2.5 9.0,3,1.0,0.5 0.5 48.3126176197 19.0 1.0 2.5 9.0
0.5 0.5 48.3126176197 19.0 1.0 2.5 9.0,3,1.0,0.5 0.5 53.176990574 19.2222222222 1.0 2.5 9.0
0.5 0.5 53.176990574 19.2222222222 1.0 2.5 9.0,3,1.0,0.5 0.5 49.8216832096 26.3333333333 1.0 2.5 9.0
0.5 0.5 49.8216832096 26.3333333333 1.0 2.5 9.0,3,1.0,0.5 0.5 36.74875097 26.6666666667 1.0 2.5 9.0
0.5 0.5 36.74875097 26.6666666667 1.0 2.5 9.0,3,1.0,0.5 0.5 45.5777167832 19.2222222222 1.0 2.5 9.0
0.5 0.5 45.5777167832 19.2222222222 1.0 2.5 9.0,2,1.0,0.5 0.5 52.3912199571 20.5555555556 1.0 2.5 9.0
0.5 0.5 52.3912199571 20.5555555556 1.0 2.5 9.0,3,1.0,0.5 0.5 54.4196485861 38.3333333333 1.0 2.5 9.0
0.5 0.5 54.4196485861 38.3333333333 1.0 2.5 9.0,2,1.0,0.5 0.5 44.8919891014 19.4444444444 1.0 2.5 9.0
0.5 0.5 44.8919891014 19.4444444444 1.0 2.5 9.0,3,1.0,0.5 0.5 56.7791675029 21.0 1.0 2.5 9.0
0.5 0.5 56.7791675029 21.0 1.0 2.5 9.0,3,1.0,0.5 0.5 51.6993316222 48.6666666667 1.0 2.5 9.0
0.5 0.5 51.6993316222 48.6666666667 1.0 2.5 9.0,3,1.0,0.5 0.5 37.1470241552 21.1111111111 1.0 2.5 9.0
0.0 0.0 250.0 150.0 0.0 4.0 9.0,1,-1.0,0.0 0.0 250.0 150.0 0.0 3.5 9.0
0.0 0.0 250.0 150.0 0.0 3.5 9.0,1,-1.0,0.0 0.0 250.0 150.0 0.0 3.0 9.0
0.0 0.0 250.0 150.0 0.0 3.0 9.0,1,1.0,0.5 0.5 55.8138379636 50.3333333333 1.0 2.5 9.0
0.5 0.5 55.8138379636 50.3333333333 1.0 2.5 9.0,3,1.0,0.5 0.5 38.8529583796 20.0 1.0 2.5 9.0
0.5 0.5 38.8529583796 20.0 1.0 2.5 9.0,3,1.0,0.5 0.5 53.9520382823 20.4444444444 1.0 2.5 9.0
0.5 0.5 53.9520382823 20.4444444444 1.0 2.5 9.0,3,1.0,0.5 0.5 51.0761241272 22.1111111111 1.0 2.5 9.0
0.5 0.5 51.0761241272 22.1111111111 1.0 2.5 9.0,2,1.0,0.5 0.5 57.3257100864 21.3333333333 1.0 2.5 9.0
0.5 0.5 57.3257100864 21.3333333333 1.0 2.5 9.0,3,1.0,0.5 0.5 37.1775614679 50.0 1.0 2.5 9.0
0.5 0.5 37.1775614679 50.0 1.0 2.5 9.0,2,1.0,0.5 0.5 52.4552270164 21.0 1.0 2.5 9.0
0.5 0.5 52.4552270164 21.0 1.0 2.5 9.0,3,1.0,0.5 0.5 42.272438985 24.8888888889 1.0 2.5 9.0
0.5 0.5 42.272438985 24.8888888889 1.0 2.5 9.0,3,1.0,0.5 0.5 47.2029258585 21.7777777778 1.0 2.5 9.0
0.5 0.5 47.2029258585 21.7777777778 1.0 2.5 9.0,3,1.0,0.5 0.5 55.2090478852 21.4444444444 1.0 2.5 9.0
0.5 0.5 55.2090478852 21.4444444444 1.0 2.5 9.0,2,1.0,0.5 0.5 39.677921714 21.2222222222 1.0 2.5 9.0
0.5 0.5 39.677921714 21.2222222222 1.0 2.5 9.0,3,1.0,0.5 0.5 46.5828611671 19.3333333333 1.0 2.5 9.0
0.5 0.5 46.5828611671 19.3333333333 1.0 2.5 9.0,2,1.0,0.5 0.5 60.9572112391 20.1111111111 1.0 2.5 9.0
1.0 1.0 49.2435919516 15.4 0.555555555556 0.5 5.0,0,1.0,1.0 1.0 49.2435919516 16.6 0.555555555556 1.0 5.0
1.0 1.0 49.2435919516 16.6 0.555555555556 1.0 5.0,3,1.0,1.0 1.0 43.8809166964 17.0 0.666666666667 1.0 6.0
1.0 1.0 43.8809166964 17.0 0.666666666667 1.0 6.0,0,1.0,1.0 1.0 43.8809166964 16.6666666667 0.666666666667 1.5 6.0
1.0 1.0 43.8809166964 16.6666666667 0.666666666667 1.5 6.0,0,1.0,1.0 1.0 43.8809166964 16.6666666667 0.666666666667 2.0 6.0
1.0 1.0 43.8809166964 16.6666666667 0.666666666667 2.0 6.0,3,1.0,1.0 1.0 39.0020486032 17.5714285714 0.777777777778 2.0 7.0
1.0 1.0 39.0020486032 17.5714285714 0.777777777778 2.0 7.0,3,1.0,1.0 1.0 36.8124895982 17.625 0.888888888889 2.0 8.0
1.0 1.0 36.8124895982 17.625 0.888888888889 2.0 8.0,0,1.0,0.5 0.5 46.7023655966 22.875 0.888888888889 2.5 8.0
0.5 0.5 46.7023655966 22.875 0.888888888889 2.5 8.0,3,1.0,0.5 0.5 64.300076547 24.1111111111 1.0 2.5 9.0
0.5 0.5 64.300076547 24.1111111111 1.0 2.5 9.0,3,1.0,0.5 0.5 59.4455476029 26.1111111111 1.0 2.5 9.0
0.5 0.5 59.4455476029 26.1111111111 1.0 2.5 9.0,3,1.0,0.5 0.5 58.5676564045 19.2222222222 1.0 2.5 9.0
0.5 0.5 58.5676564045 19.2222222222 1.0 2.5 9.0,3,1.0,0.5 0.5 46.9054808862 22.0 1.0 2.5 9.0
0.5 0.5 46.9054808862 22.0 1.0 2.5 9.0,3,1.0,0.5 0.5 51.51409992 23.6666666667 1.0 2.5 9.0
0.5 0.5 51.51409992 23.6666666667 1.0 2.5 9.0,3,1.0,0.5 0.5 41.1024912508 18.8888888889 1.0 2.5 9.0
0.5 0.5 41.1024912508 18.8888888889 1.0 2.5 9.0,3,1.0,0.5 0.5 39.6446214928 29.0 1.0 2.5 9.0
0.5 0.5 39.6446214928 29.0 1.0 2.5 9.0,3,1.0,0.5 0.5 48.2628527247 20.5555555556 1.0 2.5 9.0
1.0 1.0 35.8103117301 18.2222222222 1.0 1.5 9.0,0,1.0,1.0 1.0 35.8103117301 18.1111111111 1.0 2.0 9.0
1.0 1.0 35.8103117301 18.1111111111 1.0 2.0 9.0,0,1.0,0.5 0.5 55.1297556048 21.6666666667 1.0 2.5 9.0
0.5 0.5 55.1297556048 21.6666666667 1.0 2.5 9.0,3,1.0,0.5 0.5 33.4752139516 24.0 1.0 2.5 9.0
0.5 0.5 33.4752139516 24.0 1.0 2.5 9.0,2,1.0,0.5 0.5 60.6529311085 21.3333333333 1.0 2.5 9.0
0.5 0.5 60.6529311085 21.3333333333 1.0 2.5 9.0,3,1.0,0.5 0.5 46.895745466 21.6666666667 1.0 2.5 9.0
0.5 0.5 46.895745466 21.6666666667 1.0 2.5 9.0,3,1.0,0.5 0.5 53.6213140332 22.0 1.0 2.5 9.0
0.5 0.5 53.6213140332 22.0 1.0 2.5 9.0,3,1.0,0.5 0.5 58.3063282502 26.3333333333 1.0 2.5 9.0
