1.0 1.0 70.2794606852 46.3333333333 1.0 0.5 6.0,2,1.0,1.0 1.0 70.2794606852 46.3333333333 1.0 0.5 6.0
1.0 1.0 70.2794606852 46.3333333333 1.0 0.5 6.0,2,1.0,1.0 1.0 70.2794606852 43.1666666667 1.0 0.5 6.0
1.0 1.0 70.2794606852 43.1666666667 1.0 0.5 6.0,2,1.0,1.0 1.0 70.2794606852 43.1666666667 1.0 0.5 6.0
1.0 1.0 70.2794606852 43.1666666667 1.0 0.5 6.0,3,1.0,1.0 1.0 70.2794606852 43.8333333333 1.0 0.5 6.0
1.0 1.0 70.2794606852 43.8333333333 1.0 0.5 6.0,4,-1.0,1.0 1.0 67.1120848468 30.4 0.833333333333 0.5 5.0
1.0 1.0 67.1120848468 30.4 0.833333333333 0.5 5.0,2,-1.0,1.0 1.0 67.1120848468 29.2 0.833333333333 0.5 5.0
1.0 1.0 67.1120848468 29.2 0.833333333333 0.5 5.0,3,1.0,1.0 1.0 70.2794606852 45.5 1.0 0.5 6.0
1.0 1.0 70.2794606852 45.5 1.0 0.5 6.0,2,1.0,1.0 1.0 70.2794606852 44.0 1.0 0.5 6.0
1.0 1.0 70.2794606852 44.0 1.0 0.5 6.0,2,1.0,1.0 1.0 70.2794606852 43.5 1.0 0.5 6.0
1.0 1.0 70.2794606852 43.5 1.0 0.5 6.0,1,1.0,1.0 1.0 70.2794606852 43.8333333333 1.0 0.5 6.0
1.0 1.0 70.2794606852 43.8333333333 1.0 0.5 6.0,1,1.0,1.0 1.0 70.2794606852 43.6666666667 1.0 0.5 6.0
1.0 1.0 70.2794606852 43.6666666667 1.0 0.5 6.0,4,-1.0,1.0 1.0 67.1120848468 30.6 0.833333333333 0.5 5.0
1.0 1.0 67.1120848468 30.6 0.833333333333 0.5 5.0,4,-1.0,1.0 1.0 58.3171493588 35.25 0.666666666667 0.5 4.0
1.0 1.0 58.3171493588 35.25 0.666666666667 0.5 4.0,4,-1.0,1.0 1.0 60.0836402805 43.3333333333 0.5 0.5 3.0
1.0 1.0 60.0836402805 43.3333333333 0.5 0.5 3.0,1,-1.0,1.0 1.0 89.2587254439 46.3333333333 0.5 0.5 3.0
1.0 1.0 134.204667879 42.0 0.166666666667 0.5 1.0,0,1.0,1.0 1.0 134.204667879 42.0 0.166666666667 1.0 1.0
1.0 1.0 134.204667879 42.0 0.166666666667 1.0 1.0,2,-1.0,1.0 1.0 134.204667879 42.0 0.166666666667 1.0 1.0
1.0 1.0 134.204667879 42.0 0.166666666667 1.0 1.0,0,1.0,1.0 1.0 116.590025574 33.0 0.166666666667 1.5 1.0
1.0 1.0 116.590025574 33.0 0.166666666667 1.5 1.0,3,1.0,1.0 1.0 85.9999559433 20.0 0.333333333333 1.5 2.0
1.0 1.0 85.9999559433 20.0 0.333333333333 1.5 2.0,3,1.0,1.0 1.0 83.1696113751 17.3333333333 0.5 1.5 3.0
1.0 1.0 83.1696113751 17.3333333333 0.5 1.5 3.0,1,-1.0,1.0 1.0 83.1696113751 16.3333333333 0.5 1.0 3.0
1.0 1.0 83.1696113751 16.3333333333 0.5 1.0 3.0,4,-1.0,1.0 1.0 85.9999559433 20.0 0.333333333333 1.0 2.0
1.0 1.0 85.9999559433 20.0 0.333333333333 1.0 2.0,4,-1.0,1.0 1.0 134.204667879 42.0 0.166666666667 1.0 1.0
1.0 1.0 134.204667879 42.0 0.166666666667 1.0 1.0,3,1.0,1.0 1.0 94.8072770957 21.0 0.333333333333 1.0 2.0
1.0 1.0 94.8072770957 21.0 0.333333333333 1.0 2.0,3,1.0,1.0 1.0 60.0836402805 46.0 0.5 1.0 3.0
1.0 1.0 60.0836402805 46.0 0.5 1.0 3.0,2,-1.0,1.0 1.0 83.1696113751 16.0 0.5 1.0 3.0
1.0 1.0 83.1696113751 16.0 0.5 1.0 3.0,2,-1.0,1.0 1.0 83.1696113751 16.6666666667 0.5 1.0 3.0
1.0 1.0 83.1696113751 16.6666666667 0.5 1.0 3.0,4,-1.0,1.0 1.0 85.9999559433 21.0 0.333333333333 1.0 2.0
1.0 1.0 85.9999559433 21.0 0.333333333333 1.0 2.0,2,-1.0,1.0 1.0 94.8072770957 20.5 0.333333333333 1.0 2.0
1.0 1.0 94.8072770957 20.5 0.333333333333 1.0 2.0,2,-1.0,1.0 1.0 94.8072770957 23.5 0.333333333333 1.0 2.0
1.0 1.0 67.1120848468 29.6 0.833333333333 1.0 5.0,2,1.0,1.0 1.0 67.1120848468 29.6 0.833333333333 1.0 5.0
1.0 1.0 67.1120848468 29.6 0.833333333333 1.0 5.0,0,1.0,1.0 1.0 65.7013958521 29.0 0.833333333333 1.5 5.0
1.0 1.0 65.7013958521 29.0 0.833333333333 1.5 5.0,4,-1.0,1.0 1.0 58.3171493588 34.0 0.666666666667 1.5 4.0
1.0 1.0 58.3171493588 34.0 0.666666666667 1.5 4.0,4,-1.0,1.0 1.0 83.1696113751 16.6666666667 0.5 1.5 3.0
1.0 1.0 83.1696113751 16.6666666667 0.5 1.5 3.0,1,-1.0,1.0 1.0 83.1696113751 16.6666666667 0.5 1.0 3.0
1.0 1.0 83.1696113751 16.6666666667 0.5 1.0 3.0,0,1.0,1.0 1.0 53.3377019402 43.0 0.5 1.5 3.0
1.0 1.0 53.3377019402 43.0 0.5 1.5 3.0,4,-1.0,1.0 1.0 85.9999559433 19.5 0.333333333333 1.5 2.0
1.0 1.0 85.9999559433 19.5 0.333333333333 1.5 2.0,0,1.0,1.0 1.0 94.8072770957 22.0 0.333333333333 2.0 2.0
1.0 1.0 94.8072770957 22.0 0.333333333333 2.0 2.0,0,1.0,0.5 0.5 94.8072770957 26.5 0.333333333333 2.5 2.0
0.5 0.5 94.8072770957 26.5 0.333333333333 2.5 2.0,2,-1.0,0.5 0.5 94.8072770957 25.0 0.333333333333 2.5 2.0
0.5 0.5 94.8072770957 25.0 0.333333333333 2.5 2.0,1,-1.0,1.0 1.0 85.9999559433 19.5 0.333333333333 2.0 2.0
1.0 1.0 85.9999559433 19.5 0.333333333333 2.0 2.0,2,-1.0,1.0 1.0 85.9999559433 19.5 0.333333333333 2.0 2.0
1.0 1.0 85.9999559433 19.5 0.333333333333 2.0 2.0,1,-1.0,1.0 1.0 94.8072770957 21.5 0.333333333333 1.5 2.0
1.0 1.0 94.8072770957 21.5 0.333333333333 1.5 2.0,1,-1.0,1.0 1.0 85.9999559433 19.5 0.333333333333 1.0 2.0
1.0 1.0 85.9999559433 19.5 0.333333333333 1.0 2.0,0,1.0,1.0 1.0 85.9999559433 19.0 0.333333333333 1.5 2.0
0.0 0.0 250.0 150.0 0.0 3.5 1.0,3,-1.0,0.0 0.0 250.0 150.0 0.0 3.5 2.0
0.0 0.0 250.0 150.0 0.0 3.5 2.0,4,-1.0,0.0 0.0 250.0 150.0 0.0 3.5 1.0
0.0 0.0 250.0 150.0 0.0 3.5 1.0,1,-1.0,0.0 0.0 250.0 150.0 0.0 3.0 1.0
0.0 0.0 250.0 150.0 0.0 3.0 1.0,1,1.0,0.5 0.5 116.590025574 43.0 0.166666666667 2.5 1.0
0.5 0.5 116.590025574 43.0 0.166666666667 2.5 1.0,1,-1.0,1.0 1.0 134.204667879 42.0 0.166666666667 2.0 1.0
1.0 1.0 134.204667879 42.0 0.166666666667 2.0 1.0,0,1.0,0.5 0.5 134.204667879 42.0 0.166666666667 2.5 1.0
0.5 0.5 134.204667879 42.0 0.166666666667 2.5 1.0,1,-1.0,1.0 1.0 134.204667879 45.0 0.166666666667 2.0 1.0
1.0 1.0 134.204667879 45.0 0.166666666667 2.0 1.0,3,1.0,1.0 1.0 85.9999559433 20.0 0.333333333333 2.0 2.0
1.0 1.0 85.9999559433 20.0 0.333333333333 2.0 2.0,1,-1.0,1.0 1.0 94.8072770957 20.5 0.333333333333 1.5 2.0
1.0 1.0 94.8072770957 20.5 0.333333333333 1.5 2.0,1,-1.0,1.0 1.0 94.8072770957 21.0 0.333333333333 1.0 2.0
1.0 1.0 94.8072770957 21.0 0.333333333333 1.0 2.0,4,-1.0,1.0 1.0 134.204667879 42.0 0.166666666667 1.0 1.0
1.0 1.0 134.204667879 42.0 0.166666666667 1.0 1.0,1,-1.0,1.0 1.0 116.590025574 33.0 0.166666666667 0.5 1.0
1.0 1.0 116.590025574 33.0 0.166666666667 0.5 1.0,3,1.0,1.0 1.0 94.8072770957 24.0 0.333333333333 0.5 2.0
1.0 1.0 94.8072770957 24.0 0.333333333333 0.5 2.0,3,1.0,1.0 1.0 83.1696113751 16.3333333333 0.5 0.5 3.0
1.0 1.0 83.1696113751 16.3333333333 0.5 0.5 3.0,1,-1.0,1.0 1.0 83.1696113751 16.3333333333 0.5 0.5 3.0
1.0 1.0 83.1696113751 16.3333333333 0.5 1.0 3.0,2,-1.0,1.0 1.0 83.1696113751 16.3333333333 0.5 1.0 3.0
1.0 1.0 83.1696113751 16.3333333333 0.5 1.0 3.0,1,-1.0,1.0 1.0 83.1696113751 16.0 0.5 0.5 3.0
1.0 1.0 83.1696113751 16.0 0.5 0.5 3.0,3,1.0,1.0 1.0 62.6981132471 36.0 0.666666666667 0.5 4.0
1.0 1.0 62.6981132471 36.0 0.666666666667 0.5 4.0,2,-1.0,1.0 1.0 63.3766031141 35.75 0.666666666667 0.5 4.0
1.0 1.0 63.3766031141 35.75 0.666666666667 0.5 4.0,2,-1.0,1.0 1.0 63.3766031141 36.5 0.666666666667 0.5 4.0
1.0 1.0 63.3766031141 36.5 0.666666666667 0.5 4.0,4,-1.0,1.0 1.0 89.2587254439 49.0 0.5 0.5 3.0
1.0 1.0 89.2587254439 49.0 0.5 0.5 3.0,4,-1.0,1.0 1.0 85.9999559433 19.0 0.333333333333 0.5 2.0
1.0 1.0 85.9999559433 19.0 0.333333333333 0.5 2.0,4,-1.0,1.0 1.0 134.204667879 42.0 0.166666666667 0.5 1.0
1.0 1.0 134.204667879 42.0 0.166666666667 0.5 1.0,2,-1.0,1.0 1.0 134.204667879 42.0 0.166666666667 0.5 1.0
1.0 1.0 134.204667879 42.0 0.166666666667 0.5 1.0,3,1.0,1.0 1.0 85.9999559433 19.5 0.333333333333 0.5 2.0
1.0 1.0 85.9999559433 19.5 0.333333333333 0.5 2.0,0,1.0,1.0 1.0 85.9999559433 22.5 0.333333333333 1.0 2.0
1.0 1.0 85.9999559433 22.5 0.333333333333 1.0 2.0,4,-1.0,1.0 1.0 134.204667879 42.0 0.166666666667 1.0 1.0
1.0 1.0 134.204667879 42.0 0.166666666667 1.0 1.0,0,1.0,1.0 1.0 134.204667879 45.0 0.166666666667 1.5 1.0
1.0 1.0 134.204667879 45.0 0.166666666667 1.5 1.0,0,1.0,1.0 1.0 134.204667879 42.0 0.166666666667 2.0 1.0
1.0 1.0 134.204667879 42.0 0.166666666667 2.0 1.0,4,-1.0,1.0 1.0 116.590025574 42.0 0.166666666667 2.0 1.0
0.0 0.0 250.0 150.0 0.0 3.5 1.0,0,-1.0,0.0 0.0 250.0 150.0 0.0 4.0 1.0
0.0 0.0 250.0 150.0 0.0 4.0 1.0,3,-1.0,0.0 0.0 250.0 150.0 0.0 4.0 2.0
0.0 0.0 250.0 150.0 0.0 4.0 2.0,1,-1.0,0.0 0.0 250.0 150.0 0.0 3.5 2.0
0.0 0.0 250.0 150.0 0.0 3.5 2.0,2,-1.0,0.0 0.0 250.0 150.0 0.0 3.5 2.0
0.0 0.0 250.0 150.0 0.0 3.5 2.0,0,-1.0,0.0 0.0 250.0 150.0 0.0 4.0 2.0
0.0 0.0 250.0 150.0 0.0 4.0 2.0,2,-1.0,0.0 0.0 250.0 150.0 0.0 4.0 2.0
0.0 0.0 250.0 150.0 0.0 4.0 2.0,0,-1.0,0.0 0.0 250.0 150.0 0.0 4.0 2.0
0.0 0.0 250.0 150.0 0.0 4.0 2.0,0,-1.0,0.0 0.0 250.0 150.0 0.0 4.0 2.0
0.0 0.0 250.0 150.0 0.0 4.0 2.0,0,-1.0,0.0 0.0 250.0 150.0 0.0 4.0 2.0
0.0 0.0 250.0 150.0 0.0 4.0 2.0,1,-1.0,0.0 0.0 250.0 150.0 0.0 3.5 2.0
0.0 0.0 250.0 150.0 0.0 3.5 2.0,4,-1.0,0.0 0.0 250.0 150.0 0.0 3.5 1.0
0.0 0.0 250.0 150.0 0.0 3.5 1.0,3,-1.0,0.0 0.0 250.0 150.0 0.0 3.5 2.0
0.0 0.0 250.0 150.0 0.0 3.5 2.0,2,-1.0,0.0 0.0 250.0 150.0 0.0 3.5 2.0
0.0 0.0 250.0 150.0 0.0 3.5 2.0,4,-1.0,0.0 0.0 250.0 150.0 0.0 3.5 1.0
0.0 0.0 250.0 150.0 0.0 3.5 1.0,3,-1.0,0.0 0.0 250.0 150.0 0.0 3.5 2.0
0.0 0.0 250.0 150.0 0.0 4.0 3.0,2,-1.0,0.0 0.0 250.0 150.0 0.0 4.0 3.0
0.0 0.0 250.0 150.0 0.0 4.0 3.0,0,-1.0,0.0 0.0 250.0 150.0 0.0 4.0 3.0
0.0 0.0 250.0 150.0 0.0 4.0 3.0,1,-1.0,0.0 0.0 250.0 150.0 0.0 3.5 3.0
0.0 0.0 250.0 150.0 0.0 3.5 3.0,3,-1.0,0.0 0.0 250.0 150.0 0.0 3.5 4.0
0.0 0.0 250.0 150.0 0.0 3.5 4.0,1,-1.0,0.0 0.0 250.0 150.0 0.0 3.0 4.0
0.0 0.0 250.0 150.0 0.0 3.0 4.0,2,-1.0,0.0 0.0 250.0 150.0 0.0 3.0 4.0
0.0 0.0 250.0 150.0 0.0 3.0 4.0,3,-1.0,0.0 0.0 250.0 150.0 0.0 3.0 5.0
0.0 0.0 250.0 150.0 0.0 3.0 5.0,1,1.0,0.5 0.5 126.879769252 28.2 0.833333333333 2.5 5.0
0.5 0.5 126.879769252 28.2 0.833333333333 2.5 5.0,0,-1.0,0.0 0.0 250.0 150.0 0.0 3.0 5.0
0.0 0.0 250.0 150.0 0.0 3.0 5.0,0,-1.0,0.0 0.0 250.0 150.0 0.0 3.5 5.0
0.0 0.0 250.0 150.0 0.0 3.5 5.0,2,-1.0,0.0 0.0 250.0 150.0 0.0 3.5 5.0
0.0 0.0 250.0 150.0 0.0 3.5 5.0,1,-1.0,0.0 0.0 250.0 150.0 0.0 3.0 5.0
0.0 0.0 250.0 150.0 0.0 3.0 5.0,1,1.0,0.5 0.5 126.879769252 29.0 0.833333333333 2.5 5.0
0.5 0.5 126.879769252 29.0 0.833333333333 2.5 5.0,1,-1.0,1.0 1.0 80.0957704024 18.0 0.833333333333 2.0 5.0
1.0 1.0 80.0957704024 18.0 0.833333333333 2.0 5.0,0,1.0,0.5 0.5 93.5141217361 24.0 0.833333333333 2.5 5.0
0.5 0.5 106.019048941 31.8333333333 1.0 2.5 6.0,2,1.0,0.5 0.5 68.2697478327 93.8333333333 1.0 2.5 6.0
0.5 0.5 68.2697478327 93.8333333333 1.0 2.5 6.0,4,-1.0,0.5 0.5 89.1247361468 50.4 0.833333333333 2.5 5.0
0.5 0.5 89.1247361468 50.4 0.833333333333 2.5 5.0,1,-1.0,1.0 1.0 65.7013958521 31.2 0.833333333333 2.0 5.0
1.0 1.0 65.7013958521 31.2 0.833333333333 2.0 5.0,3,1.0,1.0 1.0 68.7380472058 30.8333333333 1.0 2.0 6.0
1.0 1.0 68.7380472058 30.8333333333 1.0 2.0 6.0,3,-1.0,1.0 1.0 70.7517111963 46.6666666667 1.0 2.0 6.0
1.0 1.0 70.7517111963 46.6666666667 1.0 2.0 6.0,3,-1.0,1.0 1.0 70.2794606852 42.8333333333 1.0 2.0 6.0
1.0 1.0 70.2794606852 42.8333333333 1.0 2.0 6.0,1,-1.0,1.0 1.0 70.2794606852 43.6666666667 1.0 1.5 6.0
1.0 1.0 70.2794606852 43.6666666667 1.0 1.5 6.0,4,-1.0,1.0 1.0 67.1120848468 28.6 0.833333333333 1.5 5.0
1.0 1.0 67.1120848468 28.6 0.833333333333 1.5 5.0,3,1.0,1.0 1.0 70.2794606852 43.3333333333 1.0 1.5 6.0
1.0 1.0 70.2794606852 43.3333333333 1.0 1.5 6.0,3,-1.0,1.0 1.0 70.2794606852 43.6666666667 1.0 1.5 6.0
1.0 1.0 70.2794606852 43.6666666667 1.0 1.5 6.0,3,-1.0,1.0 1.0 71.2040377743 45.1666666667 1.0 1.5 6.0
1.0 1.0 71.2040377743 45.1666666667 1.0 1.5 6.0,1,-1.0,1.0 1.0 70.2794606852 43.1666666667 1.0 1.0 6.0
1.0 1.0 70.2794606852 43.1666666667 1.0 1.0 6.0,3,-1.0,1.0 1.0 70.2794606852 43.1666666667 1.0 1.0 6.0
1.0 1.0 70.2794606852 43.1666666667 1.0 1.0 6.0,2,-1.0,1.0 1.0 70.2794606852 43.6666666667 1.0 1.0 6.0
1.0 1.0 70.2794606852 43.6666666667 1.0 1.0 6.0,2,-1.0,1.0 1.0 70.2794606852 43.1666666667 1.0 1.0 6.0
0.0 0.0 250.0 150.0 0.0 3.5 5.0,2,-1.0,0.0 0.0 250.0 150.0 0.0 3.5 5.0
0.0 0.0 250.0 150.0 0.0 3.5 5.0,1,-1.0,0.0 0.0 250.0 150.0 0.0 3.0 5.0
0.0 0.0 250.0 150.0 0.0 3.0 5.0,1,1.0,0.5 0.5 90.0445278136 26.2 0.833333333333 2.5 5.0
0.5 0.5 90.0445278136 26.2 0.833333333333 2.5 5.0,3,1.0,0.5 0.5 91.0249375484 86.3333333333 1.0 2.5 6.0
0.5 0.5 91.0249375484 86.3333333333 1.0 2.5 6.0,3,1.0,0.5 0.5 118.086856694 44.1666666667 1.0 2.5 6.0
0.5 0.5 118.086856694 44.1666666667 1.0 2.5 6.0,3,1.0,0.5 0.5 103.101080349 31.5 1.0 2.5 6.0
0.5 0.5 103.101080349 31.5 1.0 2.5 6.0,4,-1.0,0.5 0.5 106.867900396 33.4 0.833333333333 2.5 5.0
0.5 0.5 106.867900396 33.4 0.833333333333 2.5 5.0,1,-1.0,1.0 1.0 67.1120848468 29.0 0.833333333333 2.0 5.0
1.0 1.0 67.1120848468 29.0 0.833333333333 2.0 5.0,3,1.0,1.0 1.0 70.2794606852 44.8333333333 1.0 2.0 6.0
1.0 1.0 70.2794606852 44.8333333333 1.0 2.0 6.0,2,-1.0,1.0 1.0 70.2794606852 43.3333333333 1.0 2.0 6.0
1.0 1.0 70.2794606852 43.3333333333 1.0 2.0 6.0,3,-1.0,1.0 1.0 62.2502724424 45.0 1.0 2.0 6.0
1.0 1.0 62.2502724424 45.0 1.0 2.0 6.0,2,-1.0,1.0 1.0 70.2794606852 42.8333333333 1.0 2.0 6.0
1.0 1.0 70.2794606852 42.8333333333 1.0 2.0 6.0,3,-1.0,1.0 1.0 70.2794606852 43.3333333333 1.0 2.0 6.0
1.0 1.0 70.2794606852 43.3333333333 1.0 2.0 6.0,3,-1.0,1.0 1.0 70.2794606852 43.5 1.0 2.0 6.0
1.0 1.0 70.2794606852 43.5 1.0 2.0 6.0,0,1.0,0.5 0.5 72.1247835056 90.8333333333 1.0 2.5 6.0
1.0 1.0 62.2502724424 45.3333333333 1.0 1.0 6.0,3,-1.0,1.0 1.0 70.2794606852 43.8333333333 1.0 1.0 6.0
1.0 1.0 70.2794606852 43.8333333333 1.0 1.0 6.0,0,1.0,1.0 1.0 70.2794606852 43.6666666667 1.0 1.5 6.0
1.0 1.0 70.2794606852 43.6666666667 1.0 1.5 6.0,3,-1.0,1.0 1.0 62.2502724424 44.6666666667 1.0 1.5 6.0
1.0 1.0 62.2502724424 44.6666666667 1.0 1.5 6.0,3,-1.0,1.0 1.0 70.2794606852 44.1666666667 1.0 1.5 6.0
1.0 1.0 70.2794606852 44.1666666667 1.0 1.5 6.0,3,-1.0,1.0 1.0 70.2794606852 43.3333333333 1.0 1.5 6.0
1.0 1.0 70.2794606852 43.3333333333 1.0 1.5 6.0,2,-1.0,1.0 1.0 70.2794606852 43.1666666667 1.0 1.5 6.0
1.0 1.0 70.2794606852 43.1666666667 1.0 1.5 6.0,2,-1.0,1.0 1.0 70.2794606852 43.6666666667 1.0 1.5 6.0
1.0 1.0 70.2794606852 43.6666666667 1.0 1.5 6.0,3,-1.0,1.0 1.0 70.2794606852 44.5 1.0 1.5 6.0
1.0 1.0 70.2794606852 44.5 1.0 1.5 6.0,2,-1.0,1.0 1.0 70.2794606852 43.5 1.0 1.5 6.0
1.0 1.0 70.2794606852 43.5 1.0 1.5 6.0,0,1.0,1.0 1.0 70.2794606852 43.0 1.0 2.0 6.0
1.0 1.0 70.2794606852 43.0 1.0 2.0 6.0,1,-1.0,1.0 1.0 70.2794606852 45.0 1.0 1.5 6.0
1.0 1.0 70.2794606852 45.0 1.0 1.5 6.0,0,1.0,1.0 1.0 70.2794606852 43.8333333333 1.0 2.0 6.0
1.0 1.0 70.2794606852 43.8333333333 1.0 2.0 6.0,1,-1.0,1.0 1.0 70.2794606852 44.1666666667 1.0 1.5 6.0
1.0 1.0 70.2794606852 44.1666666667 1.0 1.5 6.0,0,1.0,1.0 1.0 70.2794606852 43.5 1.0 2.0 6.0
1.0 1.0 70.2794606852 43.5 1.0 2.0 6.0,4,-1.0,1.0 1.0 67.1120848468 30.4 0.833333333333 2.0 5.0
0.5 0.5 76.2874208588 18.25 0.666666666667 2.5 4.0,1,-1.0,1.0 1.0 63.3766031141 32.25 0.666666666667 2.0 4.0
1.0 1.0 63.3766031141 32.25 0.666666666667 2.0 4.0,3,1.0,1.0 1.0 67.1120848468 28.4 0.833333333333 2.0 5.0
1.0 1.0 67.1120848468 28.4 0.833333333333 2.0 5.0,2,-1.0,1.0 1.0 65.7013958521 30.0 0.833333333333 2.0 5.0
1.0 1.0 65.7013958521 30.0 0.833333333333 2.0 5.0,3,1.0,1.0 1.0 69.1903737838 28.1666666667 1.0 2.0 6.0
1.0 1.0 69.1903737838 28.1666666667 1.0 2.0 6.0,0,1.0,0.5 0.5 65.8185536656 55.3333333333 1.0 2.5 6.0
0.5 0.5 65.8185536656 55.3333333333 1.0 2.5 6.0,1,-1.0,1.0 1.0 70.2794606852 43.1666666667 1.0 2.0 6.0
1.0 1.0 70.2794606852 43.1666666667 1.0 2.0 6.0,0,1.0,0.5 0.5 70.7517906051 55.3333333333 1.0 2.5 6.0
0.5 0.5 70.7517906051 55.3333333333 1.0 2.5 6.0,0,-1.0,0.0 0.0 250.0 150.0 0.0 3.0 6.0
0.0 0.0 250.0 150.0 0.0 3.0 6.0,1,1.0,0.5 0.5 90.9993013384 44.3333333333 1.0 2.5 6.0
0.5 0.5 90.9993013384 44.3333333333 1.0 2.5 6.0,1,-1.0,1.0 1.0 70.2794606852 44.0 1.0 2.0 6.0
1.0 1.0 70.2794606852 44.0 1.0 2.0 6.0,2,-1.0,1.0 1.0 70.2794606852 43.0 1.0 2.0 6.0
1.0 1.0 70.2794606852 43.0 1.0 2.0 6.0,3,-1.0,1.0 1.0 70.2794606852 44.0 1.0 2.0 6.0
1.0 1.0 70.2794606852 44.0 1.0 2.0 6.0,0,1.0,0.5 0.5 88.9856373479 25.3333333333 1.0 2.5 6.0
0.5 0.5 88.9856373479 25.3333333333 1.0 2.5 6.0,2,1.0,0.5 0.5 100.197035131 29.6666666667 1.0 2.5 6.0
0.5 0.5 100.197035131 29.6666666667 1.0 2.5 6.0,1,-1.0,1.0 1.0 70.2794606852 43.8333333333 1.0 2.0 6.0
1.0 1.0 89.2587254439 46.0 0.5 1.0 3.0,0,1.0,1.0 1.0 89.2587254439 45.0 0.5 1.5 3.0
1.0 1.0 89.2587254439 45.0 0.5 1.5 3.0,0,1.0,1.0 1.0 89.2587254439 47.0 0.5 2.0 3.0
1.0 1.0 89.2587254439 47.0 0.5 2.0 3.0,0,1.0,0.5 0.5 127.78982803 47.3333333333 0.5 2.5 3.0
0.5 0.5 127.78982803 47.3333333333 0.5 2.5 3.0,2,-1.0,0.5 0.5 77.2980639401 19.3333333333 0.5 2.5 3.0
0.5 0.5 77.2980639401 19.3333333333 0.5 2.5 3.0,4,-1.0,0.5 0.5 85.9999559433 25.0 0.333333333333 2.5 2.0
0.5 0.5 85.9999559433 25.0 0.333333333333 2.5 2.0,1,-1.0,1.0 1.0 60.1783204539 60.5 0.333333333333 2.0 2.0
1.0 1.0 60.1783204539 60.5 0.333333333333 2.0 2.0,3,1.0,1.0 1.0 60.0836402805 41.0 0.5 2.0 3.0
1.0 1.0 60.0836402805 41.0 0.5 2.0 3.0,3,1.0,1.0 1.0 62.6981132471 34.5 0.666666666667 2.0 4.0
1.0 1.0 62.6981132471 34.5 0.666666666667 2.0 4.0,0,1.0,0.5 0.5 76.2874208588 20.25 0.666666666667 2.5 4.0
0.5 0.5 76.2874208588 20.25 0.666666666667 2.5 4.0,4,-1.0,0.5 0.5 83.1696113751 19.6666666667 0.5 2.5 3.0
0.5 0.5 83.1696113751 19.6666666667 0.5 2.5 3.0,2,-1.0,0.5 0.5 77.2980639401 22.0 0.5 2.5 3.0
0.5 0.5 77.2980639401 22.0 0.5 2.5 3.0,2,-1.0,0.5 0.5 83.1696113751 19.3333333333 0.5 2.5 3.0
0.5 0.5 83.1696113751 19.3333333333 0.5 2.5 3.0,1,-1.0,1.0 1.0 89.2587254439 45.0 0.5 2.0 3.0
1.0 1.0 89.2587254439 45.0 0.5 2.0 3.0,0,1.0,0.5 0.5 63.335882663 78.3333333333 0.5 2.5 3.0
0.5 0.5 63.335882663 78.3333333333 0.5 2.5 3.0,3,1.0,0.5 0.5 76.2874208588 20.75 0.666666666667 2.5 4.0
1.0 1.0 70.2794606852 44.3333333333 1.0 0.5 6.0,0,1.0,1.0 1.0 62.2502724424 44.8333333333 1.0 1.0 6.0
1.0 1.0 62.2502724424 44.8333333333 1.0 1.0 6.0,0,1.0,1.0 1.0 70.2794606852 43.8333333333 1.0 1.5 6.0
1.0 1.0 70.2794606852 43.8333333333 1.0 1.5 6.0,2,-1.0,1.0 1.0 70.2794606852 43.8333333333 1.0 1.5 6.0
1.0 1.0 70.2794606852 43.8333333333 1.0 1.5 6.0,0,1.0,1.0 1.0 70.2794606852 43.3333333333 1.0 2.0 6.0
1.0 1.0 70.2794606852 43.3333333333 1.0 2.0 6.0,0,1.0,0.5 0.5 91.3772221749 62.8333333333 1.0 2.5 6.0
0.5 0.5 91.3772221749 62.8333333333 1.0 2.5 6.0,0,-1.0,0.0 0.0 250.0 150.0 0.0 3.0 6.0
0.0 0.0 250.0 150.0 0.0 3.0 6.0,1,1.0,0.5 0.5 94.5842631153 45.6666666667 1.0 2.5 6.0
0.5 0.5 94.5842631153 45.6666666667 1.0 2.5 6.0,1,-1.0,1.0 1.0 70.2794606852 44.0 1.0 2.0 6.0
1.0 1.0 70.2794606852 44.0 1.0 2.0 6.0,0,1.0,0.5 0.5 95.9183651805 58.8333333333 1.0 2.5 6.0
0.5 0.5 95.9183651805 58.8333333333 1.0 2.5 6.0,3,1.0,0.5 0.5 103.057639013 31.6666666667 1.0 2.5 6.0
0.5 0.5 103.057639013 31.6666666667 1.0 2.5 6.0,3,1.0,0.5 0.5 100.10540378 30.8333333333 1.0 2.5 6.0
0.5 0.5 100.10540378 30.8333333333 1.0 2.5 6.0,1,-1.0,1.0 1.0 70.2794606852 44.1666666667 1.0 2.0 6.0
1.0 1.0 70.2794606852 44.1666666667 1.0 2.0 6.0,0,1.0,0.5 0.5 105.250141709 51.3333333333 1.0 2.5 6.0
0.5 0.5 105.250141709 51.3333333333 1.0 2.5 6.0,1,-1.0,1.0 1.0 70.2794606852 43.8333333333 1.0 2.0 6.0
1.0 1.0 70.2794606852 43.8333333333 1.0 2.0 6.0,0,1.0,0.5 0.5 95.4350086244 49.0 1.0 2.5 6.0
1.0 1.0 70.2794606852 43.3333333333 1.0 1.5 6.0,0,1.0,1.0 1.0 70.2794606852 43.5 1.0 2.0 6.0
1.0 1.0 70.2794606852 43.5 1.0 2.0 6.0,0,1.0,0.5 0.5 87.2970200156 45.6666666667 1.0 2.5 6.0
0.5 0.5 87.2970200156 45.6666666667 1.0 2.5 6.0,1,-1.0,1.0 1.0 70.2794606852 44.1666666667 1.0 2.0 6.0
1.0 1.0 70.2794606852 44.1666666667 1.0 2.0 6.0,0,1.0,0.5 0.5 88.919642207 24.6666666667 1.0 2.5 6.0
0.5 0.5 88.919642207 24.6666666667 1.0 2.5 6.0,4,-1.0,0.5 0.5 97.031034645 26.2 0.833333333333 2.5 5.0
0.5 0.5 97.031034645 26.2 0.833333333333 2.5 5.0,3,1.0,0.5 0.5 105.993412731 31.3333333333 1.0 2.5 6.0
0.5 0.5 105.993412731 31.3333333333 1.0 2.5 6.0,2,1.0,0.5 0.5 105.987320441 31.8333333333 1.0 2.5 6.0
0.5 0.5 105.987320441 31.8333333333 1.0 2.5 6.0,4,-1.0,0.5 0.5 79.1704098364 41.6 0.833333333333 2.5 5.0
0.5 0.5 79.1704098364 41.6 0.833333333333 2.5 5.0,3,1.0,0.5 0.5 91.9470472754 23.8333333333 1.0 2.5 6.0
0.5 0.5 91.9470472754 23.8333333333 1.0 2.5 6.0,3,1.0,0.5 0.5 106.019048941 31.1666666667 1.0 2.5 6.0
0.5 0.5 106.019048941 31.1666666667 1.0 2.5 6.0,4,-1.0,0.5 0.5 76.5728419414 18.0 0.833333333333 2.5 5.0
0.5 0.5 76.5728419414 18.0 0.833333333333 2.5 5.0,3,1.0,0.5 0.5 90.1833353242 44.5 1.0 2.5 6.0
0.5 0.5 90.1833353242 44.5 1.0 2.5 6.0,1,-1.0,1.0 1.0 70.2794606852 43.6666666667 1.0 2.0 6.0
1.0 1.0 70.2794606852 43.6666666667 1.0 2.0 6.0,0,1.0,0.5 0.5 127.111175331 50.1666666667 1.0 2.5 6.0
0.5 0.5 127.111175331 50.1666666667 1.0 2.5 6.0,3,1.0,0.5 0.5 103.09835755 31.6666666667 1.0 2.5 6.0
1.0 1.0 70.2794606852 42.8333333333 1.0 1.5 6.0,0,1.0,1.0 1.0 70.2794606852 44.0 1.0 2.0 6.0
1.0 1.0 70.2794606852 44.0 1.0 2.0 6.0,0,1.0,0.5 0.5 103.132808848 29.8333333333 1.0 2.5 6.0
0.5 0.5 103.132808848 29.8333333333 1.0 2.5 6.0,3,1.0,0.5 0.5 95.4733617836 50.8333333333 1.0 2.5 6.0
0.5 0.5 95.4733617836 50.8333333333 1.0 2.5 6.0,3,1.0,0.5 0.5 143.150479049 39.5 1.0 2.5 6.0
0.5 0.5 143.150479049 39.5 1.0 2.5 6.0,3,1.0,0.5 0.5 89.3771128751 44.5 1.0 2.5 6.0
0.5 0.5 89.3771128751 44.5 1.0 2.5 6.0,3,1.0,0.5 0.5 131.264538342 32.5 1.0 2.5 6.0
0.5 0.5 131.264538342 32.5 1.0 2.5 6.0,3,1.0,0.5 0.5 95.3690134835 49.8333333333 1.0 2.5 6.0
0.5 0.5 95.3690134835 49.8333333333 1.0 2.5 6.0,0,-1.0,0.0 0.0 250.0 150.0 0.0 3.0 6.0
0.0 0.0 250.0 150.0 0.0 3.0 6.0,1,1.0,0.5 0.5 106.003776472 31.5 1.0 2.5 6.0
0.5 0.5 106.003776472 31.5 1.0 2.5 6.0,3,1.0,0.5 0.5 112.498002595 59.0 1.0 2.5 6.0
0.5 0.5 112.498002595 59.0 1.0 2.5 6.0,3,1.0,0.5 0.5 91.9470472754 25.3333333333 1.0 2.5 6.0
0.5 0.5 91.9470472754 25.3333333333 1.0 2.5 6.0,3,1.0,0.5 0.5 91.8695872789 25.6666666667 1.0 2.5 6.0
0.5 0.5 91.8695872789 25.6666666667 1.0 2.5 6.0,3,1.0,0.5 0.5 105.142670711 51.5 1.0 2.5 6.0
0.5 0.5 105.142670711 51.5 1.0 2.5 6.0,3,1.0,0.5 0.5 118.086856694 43.3333333333 1.0 2.5 6.0
0.5 0.5 118.086856694 43.3333333333 1.0 2.5 6.0,4,-1.0,0.5 0.5 127.895906354 29.2 0.833333333333 2.5 5.0
0.0 0.0 250.0 150.0 0.0 4.0 5.0,1,-1.0,0.0 0.0 250.0 150.0 0.0 3.5 5.0
0.0 0.0 250.0 150.0 0.0 3.5 5.0,1,-1.0,0.0 0.0 250.0 150.0 0.0 3.0 5.0
0.0 0.0 250.0 150.0 0.0 3.0 5.0,1,1.0,0.5 0.5 93.5338689729 26.2 0.833333333333 2.5 5.0
0.5 0.5 93.5338689729 26.2 0.833333333333 2.5 5.0,3,1.0,0.5 0.5 63.8234299721 56.0 1.0 2.5 6.0
0.5 0.5 63.8234299721 56.0 1.0 2.5 6.0,3,1.0,0.5 0.5 84.2964152989 64.0 1.0 2.5 6.0
0.5 0.5 84.2964152989 64.0 1.0 2.5 6.0,3,1.0,0.5 0.5 91.9103058157 25.3333333333 1.0 2.5 6.0
0.5 0.5 91.9103058157 25.3333333333 1.0 2.5 6.0,3,1.0,0.5 0.5 66.6436266414 71.3333333333 1.0 2.5 6.0
0.5 0.5 66.6436266414 71.3333333333 1.0 2.5 6.0,3,1.0,0.5 0.5 91.8554159245 25.3333333333 1.0 2.5 6.0
0.5 0.5 91.8554159245 25.3333333333 1.0 2.5 6.0,3,1.0,0.5 0.5 103.039622055 31.3333333333 1.0 2.5 6.0
0.5 0.5 103.039622055 31.3333333333 1.0 2.5 6.0,3,1.0,0.5 0.5 84.2580621397 43.6666666667 1.0 2.5 6.0
0.5 0.5 84.2580621397 43.6666666667 1.0 2.5 6.0,3,1.0,0.5 0.5 121.582259203 60.1666666667 1.0 2.5 6.0
0.5 0.5 121.582259203 60.1666666667 1.0 2.5 6.0,3,1.0,0.5 0.5 103.136710709 31.5 1.0 2.5 6.0
0.5 0.5 103.136710709 31.5 1.0 2.5 6.0,3,1.0,0.5 0.5 89.0239905071 24.1666666667 1.0 2.5 6.0
0.5 0.5 89.0239905071 24.1666666667 1.0 2.5 6.0,3,1.0,0.5 0.5 128.006754354 32.5 1.0 2.5 6.0
0.5 0.5 128.006754354 32.5 1.0 2.5 6.0,3,1.0,0.5 0.5 88.9833471866 25.3333333333 1.0 2.5 6.0
1.0 1.0 67.1120848468 28.6 0.833333333333 2.0 5.0,3,1.0,1.0 1.0 70.2794606852 44.5 1.0 2.0 6.0
1.0 1.0 70.2794606852 44.5 1.0 2.0 6.0,0,1.0,0.5 0.5 96.2232768163 46.0 1.0 2.5 6.0
0.5 0.5 96.2232768163 46.0 1.0 2.5 6.0,3,1.0,0.5 0.5 120.149499052 38.1666666667 1.0 2.5 6.0
0.5 0.5 120.149499052 38.1666666667 1.0 2.5 6.0,3,1.0,0.5 0.5 91.9597642246 24.0 1.0 2.5 6.0
0.5 0.5 91.9597642246 24.0 1.0 2.5 6.0,3,1.0,0.5 0.5 131.257283254 45.6666666667 1.0 2.5 6.0
0.5 0.5 131.257283254 45.6666666667 1.0 2.5 6.0,3,1.0,0.5 0.5 91.9214110654 25.5 1.0 2.5 6.0
0.5 0.5 91.9214110654 25.5 1.0 2.5 6.0,3,1.0,0.5 0.5 77.7975856136 18.3333333333 1.0 2.5 6.0
0.5 0.5 77.7975856136 18.3333333333 1.0 2.5 6.0,1,-1.0,1.0 1.0 70.2794606852 43.0 1.0 2.0 6.0
1.0 1.0 70.2794606852 43.0 1.0 2.0 6.0,0,1.0,0.5 0.5 109.157643856 45.3333333333 1.0 2.5 6.0
0.5 0.5 109.157643856 45.3333333333 1.0 2.5 6.0,3,1.0,0.5 0.5 91.0249375484 45.0 1.0 2.5 6.0
0.5 0.5 91.0249375484 45.0 1.0 2.5 6.0,3,1.0,0.5 0.5 90.9242470421 63.8333333333 1.0 2.5 6.0
0.5 0.5 90.9242470421 63.8333333333 1.0 2.5 6.0,3,1.0,0.5 0.5 81.0991986483 38.1666666667 1.0 2.5 6.0
0.5 0.5 81.0991986483 38.1666666667 1.0 2.5 6.0,3,1.0,0.5 0.5 112.132163278 62.8333333333 1.0 2.5 6.0
0.5 0.5 112.132163278 62.8333333333 1.0 2.5 6.0,3,1.0,0.5 0.5 121.16149859 44.3333333333 1.0 2.5 6.0
0.5 0.5 121.16149859 44.3333333333 1.0 2.5 6.0,3,1.0,0.5 0.5 87.1827306076 43.0 1.0 2.5 6.0
1.0 1.0 70.2794606852 43.6666666667 1.0 1.5 6.0,0,1.0,1.0 1.0 62.2502724424 45.1666666667 1.0 2.0 6.0
1.0 1.0 62.2502724424 45.1666666667 1.0 2.0 6.0,0,1.0,0.5 0.5 95.7563369315 86.6666666667 1.0 2.5 6.0
0.5 0.5 95.7563369315 86.6666666667 1.0 2.5 6.0,3,1.0,0.5 0.5 100.473533258 52.5 1.0 2.5 6.0
0.5 0.5 100.473533258 52.5 1.0 2.5 6.0,3,1.0,0.5 0.5 143.065155432 40.6666666667 1.0 2.5 6.0
0.5 0.5 143.065155432 40.6666666667 1.0 2.5 6.0,3,1.0,0.5 0.5 88.5669644023 78.1666666667 1.0 2.5 6.0
0.5 0.5 88.5669644023 78.1666666667 1.0 2.5 6.0,3,1.0,0.5 0.5 124.180329761 53.0 1.0 2.5 6.0
0.5 0.5 124.180329761 53.0 1.0 2.5 6.0,3,1.0,0.5 0.5 114.309680117 36.6666666667 1.0 2.5 6.0
0.5 0.5 114.309680117 36.6666666667 1.0 2.5 6.0,3,1.0,0.5 0.5 156.8168289 33.8333333333 1.0 2.5 6.0
0.5 0.5 156.8168289 33.8333333333 1.0 2.5 6.0,3,1.0,0.5 0.5 76.7668979431 76.5 1.0 2.5 6.0
0.5 0.5 76.7668979431 76.5 1.0 2.5 6.0,3,1.0,0.5 0.5 134.889399863 48.6666666667 1.0 2.5 6.0
0.5 0.5 134.889399863 48.6666666667 1.0 2.5 6.0,3,1.0,0.5 0.5 108.598094378 86.6666666667 1.0 2.5 6.0
0.5 0.5 108.598094378 86.6666666667 1.0 2.5 6.0,3,1.0,0.5 0.5 91.9597642246 23.5 1.0 2.5 6.0
0.5 0.5 91.9597642246 23.5 1.0 2.5 6.0,3,1.0,0.5 0.5 91.9191209041 23.1666666667 1.0 2.5 6.0
0.5 0.5 91.9191209041 23.1666666667 1.0 2.5 6.0,3,1.0,0.5 0.5 91.9103058157 24.5 1.0 2.5 6.0
0.5 0.5 91.9103058157 24.5 1.0 2.5 6.0,3,1.0,0.5 0.5 143.158183038 39.5 1.0 2.5 6.0
0.0 0.0 250.0 150.0 0.0 3.0 6.0,1,1.0,0.5 0.5 103.101080349 31.3333333333 1.0 2.5 6.0
0.5 0.5 103.101080349 31.3333333333 1.0 2.5 6.0,3,1.0,0.5 0.5 64.0753029968 49.8333333333 1.0 2.5 6.0
0.5 0.5 64.0753029968 49.8333333333 1.0 2.5 6.0,3,1.0,0.5 0.5 122.033988377 47.3333333333 1.0 2.5 6.0
0.5 0.5 122.033988377 47.3333333333 1.0 2.5 6.0,3,1.0,0.5 0.5 84.3485293489 44.6666666667 1.0 2.5 6.0
0.5 0.5 84.3485293489 44.6666666667 1.0 2.5 6.0,3,1.0,0.5 0.5 94.8053609964 24.1666666667 1.0 2.5 6.0
0.5 0.5 94.8053609964 24.1666666667 1.0 2.5 6.0,3,1.0,0.5 0.5 103.107172638 31.1666666667 1.0 2.5 6.0
0.5 0.5 103.107172638 31.1666666667 1.0 2.5 6.0,3,1.0,0.5 0.5 90.1833353242 42.3333333333 1.0 2.5 6.0
0.5 0.5 90.1833353242 42.3333333333 1.0 2.5 6.0,3,1.0,0.5 0.5 84.3485293489 44.6666666667 1.0 2.5 6.0
0.5 0.5 84.3485293489 44.6666666667 1.0 2.5 6.0,3,1.0,0.5 0.5 91.9214110654 23.6666666667 1.0 2.5 6.0
0.5 0.5 91.9214110654 23.6666666667 1.0 2.5 6.0,3,1.0,0.5 0.5 123.799388694 40.3333333333 1.0 2.5 6.0
0.5 0.5 123.799388694 40.3333333333 1.0 2.5 6.0,3,1.0,0.5 0.5 91.9214110654 24.3333333333 1.0 2.5 6.0
0.5 0.5 91.9214110654 24.3333333333 1.0 2.5 6.0,3,1.0,0.5 0.5 87.7256470487 86.5 1.0 2.5 6.0
0.5 0.5 87.7256470487 86.5 1.0 2.5 6.0,2,1.0,0.5 0.5 106.019048941 31.1666666667 1.0 2.5 6.0
0.5 0.5 106.019048941 31.1666666667 1.0 2.5 6.0,3,1.0,0.5 0.5 100.20975208 31.1666666667 1.0 2.5 6.0
0.5 0.5 100.20975208 31.1666666667 1.0 2.5 6.0,3,1.0,0.5 0.5 103.101080349 31.1666666667 1.0 2.5 6.0
0.0 0.0 250.0 150.0 0.0 3.5 3.0,1,-1.0,0.0 0.0 250.0 150.0 0.0 3.0 3.0
0.0 0.0 250.0 150.0 0.0 3.0 3.0,1,1.0,0.5 0.5 127.750524205 62.6666666667 0.5 2.5 3.0
0.5 0.5 127.750524205 62.6666666667 0.5 2.5 3.0,3,1.0,0.5 0.5 93.127028199 29.75 0.666666666667 2.5 4.0
0.5 0.5 93.127028199 29.75 0.666666666667 2.5 4.0,3,1.0,0.5 0.5 89.9985040226 26.4 0.833333333333 2.5 5.0
0.5 0.5 89.9985040226 26.4 0.833333333333 2.5 5.0,3,1.0,0.5 0.5 103.502550026 74.1666666667 1.0 2.5 6.0
0.5 0.5 103.502550026 74.1666666667 1.0 2.5 6.0,3,1.0,0.5 0.5 131.931778145 32.6666666667 1.0 2.5 6.0
0.5 0.5 131.931778145 32.6666666667 1.0 2.5 6.0,3,1.0,0.5 0.5 100.197035131 32.0 1.0 2.5 6.0
0.5 0.5 100.197035131 32.0 1.0 2.5 6.0,3,1.0,0.5 0.5 92.2872503825 43.8333333333 1.0 2.5 6.0
0.5 0.5 92.2872503825 43.8333333333 1.0 2.5 6.0,3,1.0,0.5 0.5 91.9470472754 25.1666666667 1.0 2.5 6.0
0.5 0.5 91.9470472754 25.1666666667 1.0 2.5 6.0,3,1.0,0.5 0.5 145.407393515 78.1666666667 1.0 2.5 6.0
0.5 0.5 145.407393515 78.1666666667 1.0 2.5 6.0,3,1.0,0.5 0.5 125.998523614 66.3333333333 1.0 2.5 6.0
0.5 0.5 125.998523614 66.3333333333 1.0 2.5 6.0,3,1.0,0.5 0.5 93.9778369614 68.0 1.0 2.5 6.0
0.5 0.5 93.9778369614 68.0 1.0 2.5 6.0,3,1.0,0.5 0.5 106.815389557 71.8333333333 1.0 2.5 6.0
0.5 0.5 106.815389557 71.8333333333 1.0 2.5 6.0,3,1.0,0.5 0.5 96.0936226787 83.1666666667 1.0 2.5 6.0
0.5 0.5 96.0936226787 83.1666666667 1.0 2.5 6.0,3,1.0,0.5 0.5 143.119829879 38.5 1.0 2.5 6.0
1.0 1.0 65.7013958521 27.6 0.833333333333 1.5 5.0,0,1.0,1.0 1.0 67.1120848468 29.2 0.833333333333 2.0 5.0
1.0 1.0 67.1120848468 29.2 0.833333333333 2.0 5.0,3,1.0,1.0 1.0 70.2794606852 44.3333333333 1.0 2.0 6.0
1.0 1.0 70.2794606852 44.3333333333 1.0 2.0 6.0,0,1.0,0.5 0.5 75.1874184823 56.6666666667 1.0 2.5 6.0
0.5 0.5 75.1874184823 56.6666666667 1.0 2.5 6.0,3,1.0,0.5 0.5 131.844842828 32.6666666667 1.0 2.5 6.0
0.5 0.5 131.844842828 32.6666666667 1.0 2.5 6.0,3,1.0,0.5 0.5 103.041912216 31.3333333333 1.0 2.5 6.0
0.5 0.5 103.041912216 31.3333333333 1.0 2.5 6.0,3,1.0,0.5 0.5 87.2471680853 81.1666666667 1.0 2.5 6.0
0.5 0.5 87.2471680853 81.1666666667 1.0 2.5 6.0,3,1.0,0.5 0.5 171.326729208 41.1666666667 1.0 2.5 6.0
0.5 0.5 171.326729208 41.1666666667 1.0 2.5 6.0,3,1.0,0.5 0.5 91.9191209041 24.5 1.0 2.5 6.0
0.5 0.5 91.9191209041 24.5 1.0 2.5 6.0,3,1.0,0.5 0.5 91.9191209041 25.0 1.0 2.5 6.0
0.5 0.5 91.9191209041 25.0 1.0 2.5 6.0,3,1.0,0.5 0.5 106.034131267 31.1666666667 1.0 2.5 6.0
0.5 0.5 106.034131267 31.1666666667 1.0 2.5 6.0,3,1.0,0.5 0.5 71.2272250322 74.0 1.0 2.5 6.0
0.5 0.5 71.2272250322 74.0 1.0 2.5 6.0,3,1.0,0.5 0.5 106.393878295 51.5 1.0 2.5 6.0
0.5 0.5 106.393878295 51.5 1.0 2.5 6.0,3,1.0,0.5 0.5 136.157813829 54.3333333333 1.0 2.5 6.0
0.5 0.5 136.157813829 54.3333333333 1.0 2.5 6.0,3,1.0,0.5 0.5 96.2232768163 40.6666666667 1.0 2.5 6.0
0.5 0.5 96.2232768163 40.6666666667 1.0 2.5 6.0,3,1.0,0.5 0.5 133.691006563 71.5 1.0 2.5 6.0
1.0 1.0 70.2794606852 43.5 1.0 1.0 6.0,0,1.0,1.0 1.0 70.2794606852 43.3333333333 1.0 1.5 6.0
1.0 1.0 70.2794606852 43.3333333333 1.0 1.5 6.0,0,1.0,1.0 1.0 70.2794606852 43.8333333333 1.0 2.0 6.0
1.0 1.0 70.2794606852 43.8333333333 1.0 2.0 6.0,0,1.0,0.5 0.5 145.039975805 63.1666666667 1.0 2.5 6.0
0.5 0.5 145.039975805 63.1666666667 1.0 2.5 6.0,3,1.0,0.5 0.5 103.057639013 31.1666666667 1.0 2.5 6.0
0.5 0.5 103.057639013 31.1666666667 1.0 2.5 6.0,3,1.0,0.5 0.5 103.083275223 30.1666666667 1.0 2.5 6.0
0.5 0.5 103.083275223 30.1666666667 1.0 2.5 6.0,2,1.0,0.5 0.5 114.621838559 88.5 1.0 2.5 6.0
0.5 0.5 114.621838559 88.5 1.0 2.5 6.0,3,1.0,0.5 0.5 114.322472282 37.6666666667 1.0 2.5 6.0
0.5 0.5 114.322472282 37.6666666667 1.0 2.5 6.0,3,1.0,0.5 0.5 99.6517703299 92.6666666667 1.0 2.5 6.0
0.5 0.5 99.6517703299 92.6666666667 1.0 2.5 6.0,3,1.0,0.5 0.5 117.170359215 38.8333333333 1.0 2.5 6.0
0.5 0.5 117.170359215 38.8333333333 1.0 2.5 6.0,3,1.0,0.5 0.5 103.083275223 31.5 1.0 2.5 6.0
0.5 0.5 103.083275223 31.5 1.0 2.5 6.0,3,1.0,0.5 0.5 118.834656772 46.1666666667 1.0 2.5 6.0
0.5 0.5 118.834656772 46.1666666667 1.0 2.5 6.0,3,1.0,0.5 0.5 94.4760633934 44.0 1.0 2.5 6.0
0.5 0.5 94.4760633934 44.0 1.0 2.5 6.0,2,1.0,0.5 0.5 131.936791105 32.5 1.0 2.5 6.0
0.5 0.5 131.936791105 32.5 1.0 2.5 6.0,3,1.0,0.5 0.5 91.9153187758 24.1666666667 1.0 2.5 6.0
0.5 0.5 91.9153187758 24.1666666667 1.0 2.5 6.0,3,1.0,0.5 0.5 80.7008254808 76.3333333333 1.0 2.5 6.0
0.5 0.5 91.9470472754 24.6666666667 1.0 2.5 6.0,3,1.0,0.5 0.5 127.220451779 52.8333333333 1.0 2.5 6.0
0.5 0.5 127.220451779 52.8333333333 1.0 2.5 6.0,3,1.0,0.5 0.5 135.266514803 51.5 1.0 2.5 6.0
0.5 0.5 135.266514803 51.5 1.0 2.5 6.0,3,1.0,0.5 0.5 131.248811545 32.6666666667 1.0 2.5 6.0
0.5 0.5 131.248811545 32.6666666667 1.0 2.5 6.0,3,1.0,0.5 0.5 84.8695237673 88.0 1.0 2.5 6.0
0.5 0.5 84.8695237673 88.0 1.0 2.5 6.0,3,1.0,0.5 0.5 136.16817757 54.3333333333 1.0 2.5 6.0
0.5 0.5 136.16817757 54.3333333333 1.0 2.5 6.0,3,1.0,0.5 0.5 91.9191209041 24.5 1.0 2.5 6.0
0.5 0.5 91.9191209041 24.5 1.0 2.5 6.0,3,1.0,0.5 0.5 87.2475616067 43.3333333333 1.0 2.5 6.0
0.5 0.5 87.2475616067 43.3333333333 1.0 2.5 6.0,3,1.0,0.5 0.5 93.860592205 69.3333333333 1.0 2.5 6.0
0.5 0.5 93.860592205 69.3333333333 1.0 2.5 6.0,3,1.0,0.5 0.5 131.981236553 32.8333333333 1.0 2.5 6.0
0.5 0.5 131.981236553 32.8333333333 1.0 2.5 6.0,3,1.0,0.5 0.5 108.746441726 51.6666666667 1.0 2.5 6.0
0.5 0.5 108.746441726 51.6666666667 1.0 2.5 6.0,3,1.0,0.5 0.5 84.885979798 64.8333333333 1.0 2.5 6.0
0.5 0.5 84.885979798 64.8333333333 1.0 2.5 6.0,3,1.0,0.5 0.5 92.2761451329 44.5 1.0 2.5 6.0
0.5 0.5 92.2761451329 44.5 1.0 2.5 6.0,3,1.0,0.5 0.5 91.9191209041 24.1666666667 1.0 2.5 6.0
0.5 0.5 91.9191209041 24.1666666667 1.0 2.5 6.0,3,1.0,0.5 0.5 91.9214110654 24.3333333333 1.0 2.5 6.0
0.5 0.5 91.9214110654 24.3333333333 1.0 2.5 6.0,3,1.0,0.5 0.5 117.153822483 39.5 1.0 2.5 6.0
0.0 0.0 250.0 150.0 0.0 4.0 5.0,3,-1.0,0.0 0.0 250.0 150.0 0.0 4.0 6.0
0.0 0.0 250.0 150.0 0.0 4.0 6.0,1,-1.0,0.0 0.0 250.0 150.0 0.0 3.5 6.0
0.0 0.0 250.0 150.0 0.0 3.5 6.0,1,-1.0,0.0 0.0 250.0 150.0 0.0 3.0 6.0
0.0 0.0 250.0 150.0 0.0 3.0 6.0,1,1.0,0.5 0.5 81.3606415815 44.0 1.0 2.5 6.0
0.5 0.5 81.3606415815 44.0 1.0 2.5 6.0,3,1.0,0.5 0.5 105.982307481 31.1666666667 1.0 2.5 6.0
0.5 0.5 105.982307481 31.1666666667 1.0 2.5 6.0,3,1.0,0.5 0.5 77.7975856136 18.1666666667 1.0 2.5 6.0
0.5 0.5 77.7975856136 18.1666666667 1.0 2.5 6.0,3,1.0,0.5 0.5 117.258246 38.5 1.0 2.5 6.0
0.5 0.5 117.258246 38.5 1.0 2.5 6.0,3,1.0,0.5 0.5 87.1877435677 43.5 1.0 2.5 6.0
0.5 0.5 87.1877435677 43.5 1.0 2.5 6.0,3,1.0,0.5 0.5 131.560292866 66.8333333333 1.0 2.5 6.0
0.5 0.5 131.560292866 66.8333333333 1.0 2.5 6.0,3,1.0,0.5 0.5 70.134236688 37.3333333333 1.0 2.5 6.0
0.5 0.5 70.134236688 37.3333333333 1.0 2.5 6.0,3,1.0,0.5 0.5 131.953247135 33.0 1.0 2.5 6.0
0.5 0.5 131.953247135 33.0 1.0 2.5 6.0,3,1.0,0.5 0.5 106.019048941 31.1666666667 1.0 2.5 6.0
0.5 0.5 106.019048941 31.1666666667 1.0 2.5 6.0,3,1.0,0.5 0.5 91.8554159245 25.0 1.0 2.5 6.0
0.5 0.5 91.8554159245 25.0 1.0 2.5 6.0,3,1.0,0.5 0.5 137.053660765 74.8333333333 1.0 2.5 6.0
0.5 0.5 137.053660765 74.8333333333 1.0 2.5 6.0,3,1.0,0.5 0.5 100.171398921 31.1666666667 1.0 2.5 6.0
1.0 1.0 94.8072770957 19.5 0.333333333333 1.0 2.0,3,1.0,1.0 1.0 60.0836402805 42.0 0.5 1.0 3.0
1.0 1.0 60.0836402805 42.0 0.5 1.0 3.0,0,1.0,1.0 1.0 89.2587254439 44.6666666667 0.5 1.5 3.0
1.0 1.0 89.2587254439 44.6666666667 0.5 1.5 3.0,3,1.0,1.0 1.0 64.4614744904 34.75 0.666666666667 1.5 4.0
1.0 1.0 64.4614744904 34.75 0.666666666667 1.5 4.0,3,1.0,1.0 1.0 65.7013958521 29.8 0.833333333333 1.5 5.0
1.0 1.0 65.7013958521 29.8 0.833333333333 1.5 5.0,0,1.0,1.0 1.0 65.7013958521 30.4 0.833333333333 2.0 5.0
1.0 1.0 65.7013958521 30.4 0.833333333333 2.0 5.0,0,1.0,0.5 0.5 80.0957704024 42.8 0.833333333333 2.5 5.0
0.5 0.5 80.0957704024 42.8 0.833333333333 2.5 5.0,3,1.0,0.5 0.5 88.9833471866 24.3333333333 1.0 2.5 6.0
0.5 0.5 88.9833471866 24.3333333333 1.0 2.5 6.0,3,1.0,0.5 0.5 119.734681367 46.0 1.0 2.5 6.0
0.5 0.5 119.734681367 46.0 1.0 2.5 6.0,3,1.0,0.5 0.5 103.145525798 31.8333333333 1.0 2.5 6.0
0.5 0.5 103.145525798 31.8333333333 1.0 2.5 6.0,3,1.0,0.5 0.5 65.8174046136 31.6666666667 1.0 2.5 6.0
0.5 0.5 65.8174046136 31.6666666667 1.0 2.5 6.0,3,1.0,0.5 0.5 126.190865307 52.8333333333 1.0 2.5 6.0
0.5 0.5 126.190865307 52.8333333333 1.0 2.5 6.0,3,1.0,0.5 0.5 92.3256035418 43.6666666667 1.0 2.5 6.0
0.5 0.5 92.3256035418 43.6666666667 1.0 2.5 6.0,3,1.0,0.5 0.5 143.119829879 40.5 1.0 2.5 6.0
0.5 0.5 143.119829879 40.5 1.0 2.5 6.0,3,1.0,0.5 0.5 117.170359215 38.1666666667 1.0 2.5 6.0
0.5 0.5 117.170359215 38.1666666667 1.0 2.5 6.0,3,1.0,0.5 0.5 91.9103058157 24.3333333333 1.0 2.5 6.0
1.0 1.0 70.2794606852 45.3333333333 1.0 1.0 6.0,0,1.0,1.0 1.0 70.2794606852 43.1666666667 1.0 1.5 6.0
1.0 1.0 70.2794606852 43.1666666667 1.0 1.5 6.0,0,1.0,1.0 1.0 70.2794606852 43.5 1.0 2.0 6.0
1.0 1.0 70.2794606852 43.5 1.0 2.0 6.0,0,1.0,0.5 0.5 92.5743295257 50.5 1.0 2.5 6.0
0.5 0.5 92.5743295257 50.5 1.0 2.5 6.0,3,1.0,0.5 0.5 103.057639013 31.5 1.0 2.5 6.0
0.5 0.5 103.057639013 31.5 1.0 2.5 6.0,3,1.0,0.5 0.5 105.1503747 50.1666666667 1.0 2.5 6.0
0.5 0.5 105.1503747 50.1666666667 1.0 2.5 6.0,3,1.0,0.5 0.5 130.801363096 32.5 1.0 2.5 6.0
0.5 0.5 130.801363096 32.5 1.0 2.5 6.0,3,1.0,0.5 0.5 76.059116351 72.3333333333 1.0 2.5 6.0
0.5 0.5 76.059116351 72.3333333333 1.0 2.5 6.0,3,1.0,0.5 0.5 103.117536379 100.833333333 1.0 2.5 6.0
0.5 0.5 103.117536379 100.833333333 1.0 2.5 6.0,3,1.0,0.5 0.5 103.041912216 31.3333333333 1.0 2.5 6.0
0.5 0.5 103.041912216 31.3333333333 1.0 2.5 6.0,3,1.0,0.5 0.5 131.793019042 56.5 1.0 2.5 6.0
0.5 0.5 131.793019042 56.5 1.0 2.5 6.0,3,1.0,0.5 0.5 75.9732502727 100.0 1.0 2.5 6.0
0.5 0.5 75.9732502727 100.0 1.0 2.5 6.0,3,1.0,0.5 0.5 94.8053609964 24.1666666667 1.0 2.5 6.0
0.5 0.5 94.8053609964 24.1666666667 1.0 2.5 6.0,3,1.0,0.5 0.5 103.083275223 31.6666666667 1.0 2.5 6.0
0.5 0.5 103.083275223 31.6666666667 1.0 2.5 6.0,2,1.0,0.5 0.5 124.038009 48.3333333333 1.0 2.5 6.0
0.5 0.5 124.038009 48.3333333333 1.0 2.5 6.0,3,1.0,0.5 0.5 88.0099205194 64.0 1.0 2.5 6.0
1.0 1.0 70.2794606852 44.3333333333 1.0 1.0 6.0,0,1.0,1.0 1.0 62.2502724424 44.6666666667 1.0 1.5 6.0
1.0 1.0 62.2502724424 44.6666666667 1.0 1.5 6.0,0,1.0,1.0 1.0 70.2794606852 43.6666666667 1.0 2.0 6.0
1.0 1.0 70.2794606852 43.6666666667 1.0 2.0 6.0,0,1.0,0.5 0.5 100.107693941 32.1666666667 1.0 2.5 6.0
0.5 0.5 100.107693941 32.1666666667 1.0 2.5 6.0,3,1.0,0.5 0.5 91.9103058157 24.5 1.0 2.5 6.0
0.5 0.5 91.9103058157 24.5 1.0 2.5 6.0,3,1.0,0.5 0.5 110.284564645 53.6666666667 1.0 2.5 6.0
0.5 0.5 110.284564645 53.6666666667 1.0 2.5 6.0,3,1.0,0.5 0.5 90.0073837414 64.3333333333 1.0 2.5 6.0
0.5 0.5 90.0073837414 64.3333333333 1.0 2.5 6.0,3,1.0,0.5 0.5 108.063171959 51.8333333333 1.0 2.5 6.0
0.5 0.5 108.063171959 51.8333333333 1.0 2.5 6.0,3,1.0,0.5 0.5 91.1374967231 43.1666666667 1.0 2.5 6.0
0.5 0.5 91.1374967231 43.1666666667 1.0 2.5 6.0,2,1.0,0.5 0.5 105.982307481 31.6666666667 1.0 2.5 6.0
0.5 0.5 105.982307481 31.6666666667 1.0 2.5 6.0,3,1.0,0.5 0.5 116.795356571 26.0 1.0 2.5 6.0
0.5 0.5 116.795356571 26.0 1.0 2.5 6.0,3,1.0,0.5 0.5 91.9597642246 25.5 1.0 2.5 6.0
0.5 0.5 91.9597642246 25.5 1.0 2.5 6.0,3,1.0,0.5 0.5 80.0574614905 76.1666666667 1.0 2.5 6.0
0.5 0.5 80.0574614905 76.1666666667 1.0 2.5 6.0,3,1.0,0.5 0.5 91.8695872789 24.6666666667 1.0 2.5 6.0
0.5 0.5 91.8695872789 24.6666666667 1.0 2.5 6.0,3,1.0,0.5 0.5 78.1498702401 61.1666666667 1.0 2.5 6.0
0.5 0.5 78.1498702401 61.1666666667 1.0 2.5 6.0,3,1.0,0.5 0.5 91.9214110654 25.5 1.0 2.5 6.0
1.0 1.0 70.2794606852 43.6666666667 1.0 1.5 6.0,0,1.0,1.0 1.0 70.2794606852 45.0 1.0 2.0 6.0
1.0 1.0 70.2794606852 45.0 1.0 2.0 6.0,0,1.0,0.5 0.5 84.6903652802 64.8333333333 1.0 2.5 6.0
0.5 0.5 84.6903652802 64.8333333333 1.0 2.5 6.0,3,1.0,0.5 0.5 100.550798955 68.1666666667 1.0 2.5 6.0
0.5 0.5 100.550798955 68.1666666667 1.0 2.5 6.0,3,1.0,0.5 0.5 119.663579706 48.5 1.0 2.5 6.0
0.5 0.5 119.663579706 48.5 1.0 2.5 6.0,3,1.0,0.5 0.5 105.142670711 47.6666666667 1.0 2.5 6.0
0.5 0.5 105.142670711 47.6666666667 1.0 2.5 6.0,3,1.0,0.5 0.5 89.0112735579 25.0 1.0 2.5 6.0
0.5 0.5 89.0112735579 25.0 1.0 2.5 6.0,3,1.0,0.5 0.5 110.057668451 46.0 1.0 2.5 6.0
0.5 0.5 110.057668451 46.0 1.0 2.5 6.0,3,1.0,0.5 0.5 106.592650316 66.3333333333 1.0 2.5 6.0
0.5 0.5 106.592650316 66.3333333333 1.0 2.5 6.0,3,1.0,0.5 0.5 103.095992172 30.5 1.0 2.5 6.0
0.5 0.5 103.095992172 30.5 1.0 2.5 6.0,3,1.0,0.5 0.5 105.987320441 31.1666666667 1.0 2.5 6.0
0.5 0.5 105.987320441 31.1666666667 1.0 2.5 6.0,3,1.0,0.5 0.5 103.117536379 31.5 1.0 2.5 6.0
0.5 0.5 103.117536379 31.5 1.0 2.5 6.0,3,1.0,0.5 0.5 88.9833471866 24.1666666667 1.0 2.5 6.0
0.5 0.5 88.9833471866 24.1666666667 1.0 2.5 6.0,3,1.0,0.5 0.5 89.1036161274 44.6666666667 1.0 2.5 6.0
0.5 0.5 89.1036161274 44.6666666667 1.0 2.5 6.0,3,1.0,0.5 0.5 106.019048941 31.1666666667 1.0 2.5 6.0
0.5 0.5 106.019048941 31.1666666667 1.0 2.5 6.0,3,1.0,0.5 0.5 81.9758895165 78.8333333333 1.0 2.5 6.0
1.0 1.0 69.1903737838 28.3333333333 1.0 0.5 6.0,0,1.0,1.0 1.0 70.2794606852 43.5 1.0 1.0 6.0
1.0 1.0 70.2794606852 43.5 1.0 1.0 6.0,0,1.0,1.0 1.0 70.2794606852 43.0 1.0 1.5 6.0
1.0 1.0 70.2794606852 43.0 1.0 1.5 6.0,0,1.0,1.0 1.0 70.2794606852 43.8333333333 1.0 2.0 6.0
1.0 1.0 70.2794606852 43.8333333333 1.0 2.0 6.0,0,1.0,0.5 0.5 119.679306503 26.5 1.0 2.5 6.0
0.5 0.5 119.679306503 26.5 1.0 2.5 6.0,3,1.0,0.5 0.5 80.7333593311 18.5 1.0 2.5 6.0
0.5 0.5 80.7333593311 18.5 1.0 2.5 6.0,3,1.0,0.5 0.5 92.2761451329 42.0 1.0 2.5 6.0
0.5 0.5 92.2761451329 42.0 1.0 2.5 6.0,3,1.0,0.5 0.5 91.8695872789 25.8333333333 1.0 2.5 6.0
0.5 0.5 91.8695872789 25.8333333333 1.0 2.5 6.0,3,1.0,0.5 0.5 92.3128865925 43.8333333333 1.0 2.5 6.0
0.5 0.5 92.3128865925 43.8333333333 1.0 2.5 6.0,3,1.0,0.5 0.5 79.9517351501 84.3333333333 1.0 2.5 6.0
0.5 0.5 79.9517351501 84.3333333333 1.0 2.5 6.0,3,1.0,0.5 0.5 105.987320441 31.1666666667 1.0 2.5 6.0
0.5 0.5 105.987320441 31.1666666667 1.0 2.5 6.0,3,1.0,0.5 0.5 103.083275223 31.1666666667 1.0 2.5 6.0
0.5 0.5 103.083275223 31.1666666667 1.0 2.5 6.0,3,1.0,0.5 0.5 65.8174046136 55.3333333333 1.0 2.5 6.0
0.5 0.5 65.8174046136 55.3333333333 1.0 2.5 6.0,3,1.0,0.5 0.5 110.341009978 53.0 1.0 2.5 6.0
0.5 0.5 110.341009978 53.0 1.0 2.5 6.0,3,1.0,0.5 0.5 91.9103058157 24.1666666667 1.0 2.5 6.0
0.5 0.5 91.9103058157 24.1666666667 1.0 2.5 6.0,3,1.0,0.5 0.5 116.833709731 24.3333333333 1.0 2.5 6.0
1.0 1.0 89.2587254439 46.0 0.5 1.5 3.0,0,1.0,1.0 1.0 89.2587254439 47.3333333333 0.5 2.0 3.0
1.0 1.0 89.2587254439 47.3333333333 0.5 2.0 3.0,3,1.0,1.0 1.0 62.6981132471 33.0 0.666666666667 2.0 4.0
1.0 1.0 62.6981132471 33.0 0.666666666667 2.0 4.0,3,1.0,1.0 1.0 65.7013958521 30.0 0.833333333333 2.0 5.0
1.0 1.0 65.7013958521 30.0 0.833333333333 2.0 5.0,0,1.0,0.5 0.5 113.904580039 34.6 0.833333333333 2.5 5.0
0.5 0.5 113.904580039 34.6 0.833333333333 2.5 5.0,3,1.0,0.5 0.5 70.134236688 37.3333333333 1.0 2.5 6.0
0.5 0.5 70.134236688 37.3333333333 1.0 2.5 6.0,3,1.0,0.5 0.5 112.968288031 46.5 1.0 2.5 6.0
0.5 0.5 112.968288031 46.5 1.0 2.5 6.0,4,-1.0,0.5 0.5 89.9985040226 26.0 0.833333333333 2.5 5.0
0.5 0.5 89.9985040226 26.0 0.833333333333 2.5 5.0,3,1.0,0.5 0.5 73.1348414046 37.6666666667 1.0 2.5 6.0
0.5 0.5 73.1348414046 37.6666666667 1.0 2.5 6.0,3,1.0,0.5 0.5 105.148763 49.8333333333 1.0 2.5 6.0
0.5 0.5 105.148763 49.8333333333 1.0 2.5 6.0,3,1.0,0.5 0.5 112.968195145 72.1666666667 1.0 2.5 6.0
0.5 0.5 112.968195145 72.1666666667 1.0 2.5 6.0,3,1.0,0.5 0.5 102.251342442 51.6666666667 1.0 2.5 6.0
0.5 0.5 102.251342442 51.6666666667 1.0 2.5 6.0,3,1.0,0.5 0.5 134.09864463 50.8333333333 1.0 2.5 6.0
0.5 0.5 134.09864463 50.8333333333 1.0 2.5 6.0,3,1.0,0.5 0.5 119.734681367 43.8333333333 1.0 2.5 6.0
0.5 0.5 119.734681367 43.8333333333 1.0 2.5 6.0,3,1.0,0.5 0.5 106.438323744 51.0 1.0 2.5 6.0
0.5 0.5 106.438323744 51.0 1.0 2.5 6.0,2,1.0,0.5 0.5 134.728792759 32.8333333333 1.0 2.5 6.0
1.0 1.0 89.2587254439 46.6666666667 0.5 1.5 3.0,3,1.0,1.0 1.0 62.6981132471 34.0 0.666666666667 1.5 4.0
1.0 1.0 62.6981132471 34.0 0.666666666667 1.5 4.0,0,1.0,1.0 1.0 62.6981132471 32.25 0.666666666667 2.0 4.0
1.0 1.0 62.6981132471 32.25 0.666666666667 2.0 4.0,3,1.0,1.0 1.0 65.7013958521 30.8 0.833333333333 2.0 5.0
1.0 1.0 65.7013958521 30.8 0.833333333333 2.0 5.0,0,1.0,0.5 0.5 80.0957704024 17.6 0.833333333333 2.5 5.0
0.5 0.5 80.0957704024 17.6 0.833333333333 2.5 5.0,3,1.0,0.5 0.5 84.2469568901 45.0 1.0 2.5 6.0
0.5 0.5 84.2469568901 45.0 1.0 2.5 6.0,3,1.0,0.5 0.5 134.728792759 32.6666666667 1.0 2.5 6.0
0.5 0.5 134.728792759 32.6666666667 1.0 2.5 6.0,3,1.0,0.5 0.5 76.6590951286 56.8333333333 1.0 2.5 6.0
0.5 0.5 76.6590951286 56.8333333333 1.0 2.5 6.0,3,1.0,0.5 0.5 89.0112735579 24.1666666667 1.0 2.5 6.0
0.5 0.5 89.0112735579 24.1666666667 1.0 2.5 6.0,3,1.0,0.5 0.5 140.25915078 37.6666666667 1.0 2.5 6.0
0.5 0.5 140.25915078 37.6666666667 1.0 2.5 6.0,3,1.0,0.5 0.5 108.217950009 95.8333333333 1.0 2.5 6.0
0.5 0.5 108.217950009 95.8333333333 1.0 2.5 6.0,3,1.0,0.5 0.5 93.3242445584 46.0 1.0 2.5 6.0
0.5 0.5 93.3242445584 46.0 1.0 2.5 6.0,3,1.0,0.5 0.5 103.095992172 30.5 1.0 2.5 6.0
0.5 0.5 103.095992172 30.5 1.0 2.5 6.0,2,1.0,0.5 0.5 80.9272751321 79.8333333333 1.0 2.5 6.0
0.5 0.5 80.9272751321 79.8333333333 1.0 2.5 6.0,3,1.0,0.5 0.5 146.065967337 39.6666666667 1.0 2.5 6.0
0.5 0.5 146.065967337 39.6666666667 1.0 2.5 6.0,3,1.0,0.5 0.5 104.446301152 53.3333333333 1.0 2.5 6.0
0.0 0.0 250.0 150.0 0.0 4.0 2.0,1,-1.0,0.0 0.0 250.0 150.0 0.0 3.5 2.0
0.0 0.0 250.0 150.0 0.0 3.5 2.0,1,-1.0,0.0 0.0 250.0 150.0 0.0 3.0 2.0
0.0 0.0 250.0 150.0 0.0 3.0 2.0,1,1.0,0.5 0.5 119.366125723 46.0 0.333333333333 2.5 2.0
0.5 0.5 119.366125723 46.0 0.333333333333 2.5 2.0,3,1.0,0.5 0.5 77.2980639401 19.6666666667 0.5 2.5 3.0
0.5 0.5 77.2980639401 19.6666666667 0.5 2.5 3.0,3,1.0,0.5 0.5 80.691081435 20.25 0.666666666667 2.5 4.0
0.5 0.5 80.691081435 20.25 0.666666666667 2.5 4.0,3,1.0,0.5 0.5 76.5728419414 17.6 0.833333333333 2.5 5.0
0.5 0.5 76.5728419414 17.6 0.833333333333 2.5 5.0,3,1.0,0.5 0.5 76.5021328563 35.0 1.0 2.5 6.0
0.5 0.5 76.5021328563 35.0 1.0 2.5 6.0,3,1.0,0.5 0.5 108.041702968 50.1666666667 1.0 2.5 6.0
0.5 0.5 108.041702968 50.1666666667 1.0 2.5 6.0,3,1.0,0.5 0.5 103.083275223 31.5 1.0 2.5 6.0
0.5 0.5 103.083275223 31.5 1.0 2.5 6.0,3,1.0,0.5 0.5 129.43434773 74.5 1.0 2.5 6.0
0.5 0.5 129.43434773 74.5 1.0 2.5 6.0,3,1.0,0.5 0.5 105.982307481 31.3333333333 1.0 2.5 6.0
0.5 0.5 105.982307481 31.3333333333 1.0 2.5 6.0,3,1.0,0.5 0.5 103.145462751 32.3333333333 1.0 2.5 6.0
0.5 0.5 103.145462751 32.3333333333 1.0 2.5 6.0,3,1.0,0.5 0.5 100.603517769 47.0 1.0 2.5 6.0
0.5 0.5 100.603517769 47.0 1.0 2.5 6.0,3,1.0,0.5 0.5 77.7975856136 18.3333333333 1.0 2.5 6.0
0.5 0.5 77.7975856136 18.3333333333 1.0 2.5 6.0,3,1.0,0.5 0.5 91.9191209041 24.1666666667 1.0 2.5 6.0
0.0 0.0 250.0 150.0 0.0 3.0 6.0,1,1.0,0.5 0.5 87.5996357535 67.3333333333 1.0 2.5 6.0
0.5 0.5 87.5996357535 67.3333333333 1.0 2.5 6.0,3,1.0,0.5 0.5 91.9470472754 25.5 1.0 2.5 6.0
0.5 0.5 91.9470472754 25.5 1.0 2.5 6.0,3,1.0,0.5 0.5 85.0463303316 39.0 1.0 2.5 6.0
0.5 0.5 85.0463303316 39.0 1.0 2.5 6.0,3,1.0,0.5 0.5 94.8510924933 25.1666666667 1.0 2.5 6.0
0.5 0.5 94.8510924933 25.1666666667 1.0 2.5 6.0,3,1.0,0.5 0.5 92.5359763665 50.6666666667 1.0 2.5 6.0
0.5 0.5 92.5359763665 50.6666666667 1.0 2.5 6.0,3,1.0,0.5 0.5 133.792026705 32.5 1.0 2.5 6.0
0.5 0.5 133.792026705 32.5 1.0 2.5 6.0,3,1.0,0.5 0.5 91.9153187758 25.5 1.0 2.5 6.0
0.5 0.5 91.9153187758 25.5 1.0 2.5 6.0,3,1.0,0.5 0.5 94.4887803426 46.1666666667 1.0 2.5 6.0
0.5 0.5 94.4887803426 46.1666666667 1.0 2.5 6.0,3,1.0,0.5 0.5 87.634632081 63.5 1.0 2.5 6.0
0.5 0.5 87.634632081 63.5 1.0 2.5 6.0,1,-1.0,1.0 1.0 70.2794606852 43.3333333333 1.0 2.0 6.0
1.0 1.0 70.2794606852 43.3333333333 1.0 2.0 6.0,0,1.0,0.5 0.5 88.9833471866 24.3333333333 1.0 2.5 6.0
0.5 0.5 88.9833471866 24.3333333333 1.0 2.5 6.0,3,1.0,0.5 0.5 129.032745887 32.0 1.0 2.5 6.0
0.5 0.5 129.032745887 32.0 1.0 2.5 6.0,3,1.0,0.5 0.5 90.9993013384 44.8333333333 1.0 2.5 6.0
0.5 0.5 90.9993013384 44.8333333333 1.0 2.5 6.0,3,1.0,0.5 0.5 94.8053609964 25.3333333333 1.0 2.5 6.0
0.5 0.5 94.8053609964 25.3333333333 1.0 2.5 6.0,3,1.0,0.5 0.5 93.9289827663 41.5 1.0 2.5 6.0
1.0 1.0 58.3171493588 35.75 0.666666666667 1.5 4.0,0,1.0,1.0 1.0 58.3171493588 35.5 0.666666666667 2.0 4.0
1.0 1.0 58.3171493588 35.5 0.666666666667 2.0 4.0,3,1.0,1.0 1.0 65.7013958521 30.6 0.833333333333 2.0 5.0
1.0 1.0 65.7013958521 30.6 0.833333333333 2.0 5.0,0,1.0,0.5 0.5 80.0957704024 18.8 0.833333333333 2.5 5.0
0.5 0.5 80.0957704024 18.8 0.833333333333 2.5 5.0,3,1.0,0.5 0.5 77.7975856136 18.1666666667 1.0 2.5 6.0
0.5 0.5 77.7975856136 18.1666666667 1.0 2.5 6.0,3,1.0,0.5 0.5 119.679306503 25.5 1.0 2.5 6.0
0.5 0.5 119.679306503 25.5 1.0 2.5 6.0,3,1.0,0.5 0.5 105.982307481 29.6666666667 1.0 2.5 6.0
0.5 0.5 105.982307481 29.6666666667 1.0 2.5 6.0,3,1.0,0.5 0.5 82.1105566141 39.0 1.0 2.5 6.0
0.5 0.5 82.1105566141 39.0 1.0 2.5 6.0,3,1.0,0.5 0.5 91.0249375484 44.6666666667 1.0 2.5 6.0
0.5 0.5 91.0249375484 44.6666666667 1.0 2.5 6.0,3,1.0,0.5 0.5 146.102708797 40.5 1.0 2.5 6.0
0.5 0.5 146.102708797 40.5 1.0 2.5 6.0,3,1.0,0.5 0.5 139.498542346 74.5 1.0 2.5 6.0
0.5 0.5 139.498542346 74.5 1.0 2.5 6.0,3,1.0,0.5 0.5 69.1903737838 29.6666666667 1.0 2.5 6.0
0.5 0.5 69.1903737838 29.6666666667 1.0 2.5 6.0,3,1.0,0.5 0.5 90.6236681468 43.5 1.0 2.5 6.0
0.5 0.5 90.6236681468 43.5 1.0 2.5 6.0,3,1.0,0.5 0.5 90.0073837414 63.3333333333 1.0 2.5 6.0
0.5 0.5 90.0073837414 63.3333333333 1.0 2.5 6.0,3,1.0,0.5 0.5 99.0037129602 69.3333333333 1.0 2.5 6.0
0.5 0.5 99.0037129602 69.3333333333 1.0 2.5 6.0,3,1.0,0.5 0.5 91.8695872789 25.1666666667 1.0 2.5 6.0
1.0 1.0 62.2502724424 44.1666666667 1.0 0.5 6.0,0,1.0,1.0 1.0 70.2794606852 43.5 1.0 1.0 6.0
1.0 1.0 70.2794606852 43.5 1.0 1.0 6.0,0,1.0,1.0 1.0 70.2794606852 43.8333333333 1.0 1.5 6.0
1.0 1.0 70.2794606852 43.8333333333 1.0 1.5 6.0,0,1.0,1.0 1.0 61.5270248582 43.0 1.0 2.0 6.0
1.0 1.0 61.5270248582 43.0 1.0 2.0 6.0,0,1.0,0.5 0.5 135.833765633 70.3333333333 1.0 2.5 6.0
0.5 0.5 135.833765633 70.3333333333 1.0 2.5 6.0,3,1.0,0.5 0.5 110.281107127 52.0 1.0 2.5 6.0
0.5 0.5 110.281107127 52.0 1.0 2.5 6.0,2,1.0,0.5 0.5 106.036854066 31.1666666667 1.0 2.5 6.0
0.5 0.5 106.036854066 31.1666666667 1.0 2.5 6.0,3,1.0,0.5 0.5 84.8695237673 63.1666666667 1.0 2.5 6.0
0.5 0.5 84.8695237673 63.1666666667 1.0 2.5 6.0,3,1.0,0.5 0.5 131.936791105 32.5 1.0 2.5 6.0
0.5 0.5 131.936791105 32.5 1.0 2.5 6.0,3,1.0,0.5 0.5 70.134236688 35.5 1.0 2.5 6.0
0.5 0.5 70.134236688 35.5 1.0 2.5 6.0,3,1.0,0.5 0.5 128.941114536 32.5 1.0 2.5 6.0
0.5 0.5 128.941114536 32.5 1.0 2.5 6.0,3,1.0,0.5 0.5 114.309680117 62.5 1.0 2.5 6.0
0.5 0.5 114.309680117 62.5 1.0 2.5 6.0,3,1.0,0.5 0.5 81.0991986483 39.0 1.0 2.5 6.0
0.5 0.5 81.0991986483 39.0 1.0 2.5 6.0,3,1.0,0.5 0.5 143.040968142 39.5 1.0 2.5 6.0
0.5 0.5 143.040968142 39.5 1.0 2.5 6.0,3,1.0,0.5 0.5 140.133183843 39.5 1.0 2.5 6.0
0.5 0.5 140.133183843 39.5 1.0 2.5 6.0,3,1.0,0.5 0.5 117.21989284 38.5 1.0 2.5 6.0
0.5 0.5 131.931778145 32.5 1.0 2.5 6.0,3,1.0,0.5 0.5 98.3646900523 51.8333333333 1.0 2.5 6.0
0.5 0.5 98.3646900523 51.8333333333 1.0 2.5 6.0,3,1.0,0.5 0.5 91.9103058157 24.3333333333 1.0 2.5 6.0
0.5 0.5 91.9103058157 24.3333333333 1.0 2.5 6.0,3,1.0,0.5 0.5 116.833709731 27.6666666667 1.0 2.5 6.0
0.5 0.5 116.833709731 27.6666666667 1.0 2.5 6.0,3,1.0,0.5 0.5 97.0062497382 70.8333333333 1.0 2.5 6.0
0.5 0.5 97.0062497382 70.8333333333 1.0 2.5 6.0,2,1.0,0.5 0.5 110.522903015 68.5 1.0 2.5 6.0
0.5 0.5 110.522903015 68.5 1.0 2.5 6.0,3,1.0,0.5 0.5 108.047795258 49.5 1.0 2.5 6.0
0.5 0.5 108.047795258 49.5 1.0 2.5 6.0,3,1.0,0.5 0.5 92.5743295257 51.5 1.0 2.5 6.0
0.5 0.5 92.5743295257 51.5 1.0 2.5 6.0,3,1.0,0.5 0.5 111.76282041 63.6666666667 1.0 2.5 6.0
0.5 0.5 111.76282041 63.6666666667 1.0 2.5 6.0,3,1.0,0.5 0.5 75.4955665818 57.3333333333 1.0 2.5 6.0
0.5 0.5 75.4955665818 57.3333333333 1.0 2.5 6.0,3,1.0,0.5 0.5 89.3771128751 42.5 1.0 2.5 6.0
0.5 0.5 89.3771128751 42.5 1.0 2.5 6.0,3,1.0,0.5 0.5 89.3771128751 43.1666666667 1.0 2.5 6.0
0.5 0.5 89.3771128751 43.1666666667 1.0 2.5 6.0,3,1.0,0.5 0.5 145.368095218 46.1666666667 1.0 2.5 6.0
0.5 0.5 145.368095218 46.1666666667 1.0 2.5 6.0,3,1.0,0.5 0.5 106.034131267 30.1666666667 1.0 2.5 6.0
0.5 0.5 106.034131267 30.1666666667 1.0 2.5 6.0,3,1.0,0.5 0.5 109.157643856 44.1666666667 1.0 2.5 6.0
0.5 0.5 109.157643856 44.1666666667 1.0 2.5 6.0,2,1.0,0.5 0.5 89.0239905071 24.1666666667 1.0 2.5 6.0
1.0 1.0 94.8072770957 19.5 0.333333333333 0.5 2.0,0,1.0,1.0 1.0 94.8072770957 19.0 0.333333333333 1.0 2.0
1.0 1.0 94.8072770957 19.0 0.333333333333 1.0 2.0,3,1.0,1.0 1.0 89.2587254439 43.6666666667 0.5 1.0 3.0
1.0 1.0 89.2587254439 43.6666666667 0.5 1.0 3.0,0,1.0,1.0 1.0 60.0836402805 43.3333333333 0.5 1.5 3.0
1.0 1.0 60.0836402805 43.3333333333 0.5 1.5 3.0,0,1.0,1.0 1.0 60.0836402805 43.0 0.5 2.0 3.0
1.0 1.0 60.0836402805 43.0 0.5 2.0 3.0,3,1.0,1.0 1.0 62.6981132471 32.5 0.666666666667 2.0 4.0
1.0 1.0 62.6981132471 32.5 0.666666666667 2.0 4.0,0,1.0,0.5 0.5 76.2874208588 20.0 0.666666666667 2.5 4.0
0.5 0.5 76.2874208588 20.0 0.666666666667 2.5 4.0,3,1.0,0.5 0.5 80.0957704024 19.2 0.833333333333 2.5 5.0
0.5 0.5 80.0957704024 19.2 0.833333333333 2.5 5.0,3,1.0,0.5 0.5 91.9103058157 24.6666666667 1.0 2.5 6.0
0.5 0.5 91.9103058157 24.6666666667 1.0 2.5 6.0,3,1.0,0.5 0.5 92.2761451329 43.5 1.0 2.5 6.0
0.5 0.5 92.2761451329 43.5 1.0 2.5 6.0,3,1.0,0.5 0.5 131.793019042 33.0 1.0 2.5 6.0
0.5 0.5 131.793019042 33.0 1.0 2.5 6.0,3,1.0,0.5 0.5 131.793019042 30.5 1.0 2.5 6.0
0.5 0.5 131.793019042 30.5 1.0 2.5 6.0,3,1.0,0.5 0.5 103.083275223 31.1666666667 1.0 2.5 6.0
0.5 0.5 103.083275223 31.1666666667 1.0 2.5 6.0,3,1.0,0.5 0.5 130.908076774 32.5 1.0 2.5 6.0
0.5 0.5 130.908076774 32.5 1.0 2.5 6.0,3,1.0,0.5 0.5 131.953247135 32.5 1.0 2.5 6.0
0.5 0.5 131.953247135 32.5 1.0 2.5 6.0,3,1.0,0.5 0.5 93.3242445584 46.1666666667 1.0 2.5 6.0
0.0 0.0 250.0 150.0 0.0 4.0 6.0,1,-1.0,0.0 0.0 250.0 150.0 0.0 3.5 6.0
0.0 0.0 250.0 150.0 0.0 3.5 6.0,1,-1.0,0.0 0.0 250.0 150.0 0.0 3.0 6.0
0.0 0.0 250.0 150.0 0.0 3.0 6.0,1,1.0,0.5 0.5 91.9153187758 24.6666666667 1.0 2.5 6.0
0.5 0.5 91.9153187758 24.6666666667 1.0 2.5 6.0,3,1.0,0.5 0.5 118.264786926 64.8333333333 1.0 2.5 6.0
0.5 0.5 118.264786926 64.8333333333 1.0 2.5 6.0,3,1.0,0.5 0.5 106.190082832 45.0 1.0 2.5 6.0
0.5 0.5 106.190082832 45.0 1.0 2.5 6.0,3,1.0,0.5 0.5 94.8510924933 25.1666666667 1.0 2.5 6.0
0.5 0.5 94.8510924933 25.1666666667 1.0 2.5 6.0,2,1.0,0.5 0.5 105.06749539 71.8333333333 1.0 2.5 6.0
0.5 0.5 105.06749539 71.8333333333 1.0 2.5 6.0,3,1.0,0.5 0.5 106.031841106 30.1666666667 1.0 2.5 6.0
0.5 0.5 106.031841106 30.1666666667 1.0 2.5 6.0,3,1.0,0.5 0.5 103.136710709 31.1666666667 1.0 2.5 6.0
0.5 0.5 103.136710709 31.1666666667 1.0 2.5 6.0,3,1.0,0.5 0.5 130.892994447 30.5 1.0 2.5 6.0
0.5 0.5 130.892994447 30.5 1.0 2.5 6.0,3,1.0,0.5 0.5 93.9239698062 44.1666666667 1.0 2.5 6.0
0.5 0.5 93.9239698062 44.1666666667 1.0 2.5 6.0,3,1.0,0.5 0.5 85.8166327478 62.1666666667 1.0 2.5 6.0
0.5 0.5 85.8166327478 62.1666666667 1.0 2.5 6.0,3,1.0,0.5 0.5 88.9833471866 24.5 1.0 2.5 6.0
0.5 0.5 88.9833471866 24.5 1.0 2.5 6.0,3,1.0,0.5 0.5 120.75483166 25.8333333333 1.0 2.5 6.0
0.5 0.5 120.75483166 25.8333333333 1.0 2.5 6.0,3,1.0,0.5 0.5 98.4739665002 51.5 1.0 2.5 6.0
1.0 1.0 58.3171493588 36.0 0.666666666667 1.0 4.0,0,1.0,1.0 1.0 58.3171493588 34.25 0.666666666667 1.5 4.0
1.0 1.0 58.3171493588 34.25 0.666666666667 1.5 4.0,0,1.0,1.0 1.0 58.3171493588 35.5 0.666666666667 2.0 4.0
1.0 1.0 58.3171493588 35.5 0.666666666667 2.0 4.0,0,1.0,0.5 0.5 80.691081435 18.75 0.666666666667 2.5 4.0
0.5 0.5 80.691081435 18.75 0.666666666667 2.5 4.0,3,1.0,0.5 0.5 90.0292674746 26.0 0.833333333333 2.5 5.0
0.5 0.5 90.0292674746 26.0 0.833333333333 2.5 5.0,3,1.0,0.5 0.5 90.3288601008 59.6666666667 1.0 2.5 6.0
0.5 0.5 90.3288601008 59.6666666667 1.0 2.5 6.0,3,1.0,0.5 0.5 89.0112735579 24.5 1.0 2.5 6.0
0.5 0.5 89.0112735579 24.5 1.0 2.5 6.0,3,1.0,0.5 0.5 103.096067389 31.1666666667 1.0 2.5 6.0
0.5 0.5 103.096067389 31.1666666667 1.0 2.5 6.0,3,1.0,0.5 0.5 105.982307481 31.8333333333 1.0 2.5 6.0
0.5 0.5 105.982307481 31.8333333333 1.0 2.5 6.0,3,1.0,0.5 0.5 134.867551862 32.8333333333 1.0 2.5 6.0
0.5 0.5 134.867551862 32.8333333333 1.0 2.5 6.0,3,1.0,0.5 0.5 91.9191209041 23.5 1.0 2.5 6.0
0.5 0.5 91.9191209041 23.5 1.0 2.5 6.0,3,1.0,0.5 0.5 89.0112735579 24.5 1.0 2.5 6.0
0.5 0.5 89.0112735579 24.5 1.0 2.5 6.0,3,1.0,0.5 0.5 104.686854724 48.8333333333 1.0 2.5 6.0
0.5 0.5 104.686854724 48.8333333333 1.0 2.5 6.0,2,1.0,0.5 0.5 129.032745887 33.6666666667 1.0 2.5 6.0
0.5 0.5 129.032745887 33.6666666667 1.0 2.5 6.0,3,1.0,0.5 0.5 131.876888253 32.8333333333 1.0 2.5 6.0
0.5 0.5 131.876888253 32.8333333333 1.0 2.5 6.0,3,1.0,0.5 0.5 103.096067389 31.5 1.0 2.5 6.0
0.0 0.0 250.0 150.0 0.0 3.0 6.0,1,1.0,0.5 0.5 91.9214110654 24.5 1.0 2.5 6.0
0.5 0.5 91.9214110654 24.5 1.0 2.5 6.0,2,1.0,0.5 0.5 89.3771128751 43.1666666667 1.0 2.5 6.0
0.5 0.5 89.3771128751 43.1666666667 1.0 2.5 6.0,3,1.0,0.5 0.5 131.968519604 32.8333333333 1.0 2.5 6.0
0.5 0.5 131.968519604 32.8333333333 1.0 2.5 6.0,3,1.0,0.5 0.5 156.237132503 45.8333333333 1.0 2.5 6.0
0.5 0.5 156.237132503 45.8333333333 1.0 2.5 6.0,2,1.0,0.5 0.5 80.3784255181 36.1666666667 1.0 2.5 6.0
0.5 0.5 80.3784255181 36.1666666667 1.0 2.5 6.0,3,1.0,0.5 0.5 80.9582238816 64.0 1.0 2.5 6.0
0.5 0.5 80.9582238816 64.0 1.0 2.5 6.0,3,1.0,0.5 0.5 95.5101032432 51.5 1.0 2.5 6.0
0.5 0.5 95.5101032432 51.5 1.0 2.5 6.0,3,1.0,0.5 0.5 113.058273168 46.1666666667 1.0 2.5 6.0
0.5 0.5 113.058273168 46.1666666667 1.0 2.5 6.0,2,1.0,0.5 0.5 136.16817757 54.1666666667 1.0 2.5 6.0
0.5 0.5 136.16817757 54.1666666667 1.0 2.5 6.0,2,1.0,0.5 0.5 88.9833471866 24.1666666667 1.0 2.5 6.0
0.5 0.5 88.9833471866 24.1666666667 1.0 2.5 6.0,3,1.0,0.5 0.5 88.9856373479 24.1666666667 1.0 2.5 6.0
0.5 0.5 88.9856373479 24.1666666667 1.0 2.5 6.0,3,1.0,0.5 0.5 91.9470472754 24.1666666667 1.0 2.5 6.0
0.5 0.5 91.9470472754 24.1666666667 1.0 2.5 6.0,2,1.0,0.5 0.5 91.9191209041 24.0 1.0 2.5 6.0
0.5 0.5 91.9191209041 24.0 1.0 2.5 6.0,3,1.0,0.5 0.5 117.150095571 38.6666666667 1.0 2.5 6.0
0.5 0.5 117.150095571 38.6666666667 1.0 2.5 6.0,3,1.0,0.5 0.5 77.0066053999 64.8333333333 1.0 2.5 6.0
0.5 0.5 140.220797621 39.8333333333 1.0 2.5 6.0,3,1.0,0.5 0.5 103.101080349 32.0 1.0 2.5 6.0
0.5 0.5 103.101080349 32.0 1.0 2.5 6.0,3,1.0,0.5 0.5 63.8234299721 57.6666666667 1.0 2.5 6.0
0.5 0.5 63.8234299721 57.6666666667 1.0 2.5 6.0,3,1.0,0.5 0.5 103.145462751 31.5 1.0 2.5 6.0
0.5 0.5 103.145462751 31.5 1.0 2.5 6.0,2,1.0,0.5 0.5 117.207100675 38.0 1.0 2.5 6.0
0.5 0.5 117.207100675 38.0 1.0 2.5 6.0,3,1.0,0.5 0.5 66.7592036896 81.5 1.0 2.5 6.0
0.5 0.5 66.7592036896 81.5 1.0 2.5 6.0,3,1.0,0.5 0.5 82.1105566141 40.1666666667 1.0 2.5 6.0
0.5 0.5 82.1105566141 40.1666666667 1.0 2.5 6.0,3,1.0,0.5 0.5 97.0321884364 66.6666666667 1.0 2.5 6.0
0.5 0.5 97.0321884364 66.6666666667 1.0 2.5 6.0,3,1.0,0.5 0.5 97.9439559116 37.3333333333 1.0 2.5 6.0
0.5 0.5 97.9439559116 37.3333333333 1.0 2.5 6.0,3,1.0,0.5 0.5 131.793019042 32.5 1.0 2.5 6.0
0.5 0.5 131.793019042 32.5 1.0 2.5 6.0,3,1.0,0.5 0.5 114.284119123 38.1666666667 1.0 2.5 6.0
0.5 0.5 114.284119123 38.1666666667 1.0 2.5 6.0,3,1.0,0.5 0.5 94.8053609964 22.6666666667 1.0 2.5 6.0
0.5 0.5 94.8053609964 22.6666666667 1.0 2.5 6.0,3,1.0,0.5 0.5 88.0896167749 111.5 1.0 2.5 6.0
0.5 0.5 88.0896167749 111.5 1.0 2.5 6.0,3,1.0,0.5 0.5 103.069103869 31.3333333333 1.0 2.5 6.0
0.5 0.5 103.069103869 31.3333333333 1.0 2.5 6.0,3,1.0,0.5 0.5 95.1736747676 44.0 1.0 2.5 6.0
0.5 0.5 95.1736747676 44.0 1.0 2.5 6.0,3,1.0,0.5 0.5 91.9214110654 25.3333333333 1.0 2.5 6.0
1.0 1.0 89.2587254439 45.3333333333 0.5 0.5 3.0,0,1.0,1.0 1.0 89.2587254439 44.3333333333 0.5 1.0 3.0
1.0 1.0 89.2587254439 44.3333333333 0.5 1.0 3.0,0,1.0,1.0 1.0 89.2587254439 45.3333333333 0.5 1.5 3.0
1.0 1.0 89.2587254439 45.3333333333 0.5 1.5 3.0,3,1.0,1.0 1.0 62.6981132471 34.0 0.666666666667 1.5 4.0
1.0 1.0 62.6981132471 34.0 0.666666666667 1.5 4.0,0,1.0,1.0 1.0 62.6981132471 32.75 0.666666666667 2.0 4.0
1.0 1.0 62.6981132471 32.75 0.666666666667 2.0 4.0,0,1.0,0.5 0.5 76.2874208588 18.25 0.666666666667 2.5 4.0
0.5 0.5 76.2874208588 18.25 0.666666666667 2.5 4.0,3,1.0,0.5 0.5 106.933768265 33.6 0.833333333333 2.5 5.0
0.5 0.5 106.933768265 33.6 0.833333333333 2.5 5.0,3,1.0,0.5 0.5 110.909010908 77.5 1.0 2.5 6.0
0.5 0.5 110.909010908 77.5 1.0 2.5 6.0,3,1.0,0.5 0.5 100.20975208 32.1666666667 1.0 2.5 6.0
0.5 0.5 100.20975208 32.1666666667 1.0 2.5 6.0,3,1.0,0.5 0.5 126.283685724 53.0 1.0 2.5 6.0
0.5 0.5 126.283685724 53.0 1.0 2.5 6.0,2,1.0,0.5 0.5 121.245720185 51.6666666667 1.0 2.5 6.0
0.5 0.5 121.245720185 51.6666666667 1.0 2.5 6.0,3,1.0,0.5 0.5 100.197035131 30.3333333333 1.0 2.5 6.0
0.5 0.5 100.197035131 30.3333333333 1.0 2.5 6.0,3,1.0,0.5 0.5 157.037345645 45.1666666667 1.0 2.5 6.0
0.5 0.5 157.037345645 45.1666666667 1.0 2.5 6.0,3,1.0,0.5 0.5 123.663376944 54.0 1.0 2.5 6.0
0.5 0.5 123.663376944 54.0 1.0 2.5 6.0,3,1.0,0.5 0.5 89.0112735579 24.3333333333 1.0 2.5 6.0
0.5 0.5 89.0112735579 24.3333333333 1.0 2.5 6.0,2,1.0,0.5 0.5 93.9607112658 44.0 1.0 2.5 6.0
0.5 0.5 93.5521959356 24.2 0.833333333333 2.5 5.0,3,1.0,0.5 0.5 88.9856373479 25.3333333333 1.0 2.5 6.0
0.5 0.5 88.9856373479 25.3333333333 1.0 2.5 6.0,3,1.0,0.5 0.5 117.217464416 38.1666666667 1.0 2.5 6.0
0.5 0.5 117.217464416 38.1666666667 1.0 2.5 6.0,3,1.0,0.5 0.5 93.3369615076 47.0 1.0 2.5 6.0
0.5 0.5 93.3369615076 47.0 1.0 2.5 6.0,3,1.0,0.5 0.5 88.9833471866 24.1666666667 1.0 2.5 6.0
0.5 0.5 88.9833471866 24.1666666667 1.0 2.5 6.0,3,1.0,0.5 0.5 100.20975208 31.5 1.0 2.5 6.0
0.5 0.5 100.20975208 31.5 1.0 2.5 6.0,3,1.0,0.5 0.5 98.2564758848 58.3333333333 1.0 2.5 6.0
0.5 0.5 98.2564758848 58.3333333333 1.0 2.5 6.0,3,1.0,0.5 0.5 116.492541755 67.8333333333 1.0 2.5 6.0
0.5 0.5 116.492541755 67.8333333333 1.0 2.5 6.0,3,1.0,0.5 0.5 93.9239698062 42.5 1.0 2.5 6.0
0.5 0.5 93.9239698062 42.5 1.0 2.5 6.0,3,1.0,0.5 0.5 88.9833471866 24.3333333333 1.0 2.5 6.0
0.5 0.5 88.9833471866 24.3333333333 1.0 2.5 6.0,3,1.0,0.5 0.5 82.8100488711 36.3333333333 1.0 2.5 6.0
0.5 0.5 82.8100488711 36.3333333333 1.0 2.5 6.0,3,1.0,0.5 0.5 105.92741759 31.0 1.0 2.5 6.0
0.5 0.5 105.92741759 31.0 1.0 2.5 6.0,3,1.0,0.5 0.5 119.734681367 44.3333333333 1.0 2.5 6.0
0.5 0.5 119.734681367 44.3333333333 1.0 2.5 6.0,3,1.0,0.5 0.5 95.5365810832 49.8333333333 1.0 2.5 6.0
0.5 0.5 95.5365810832 49.8333333333 1.0 2.5 6.0,3,1.0,0.5 0.5 91.9103058157 25.3333333333 1.0 2.5 6.0
0.5 0.5 91.9103058157 25.3333333333 1.0 2.5 6.0,2,1.0,0.5 0.5 88.9856373479 26.1666666667 1.0 2.5 6.0
1.0 1.0 62.2502724424 45.1666666667 1.0 2.0 6.0,0,1.0,0.5 0.5 91.9103058157 24.3333333333 1.0 2.5 6.0
0.5 0.5 91.9103058157 24.3333333333 1.0 2.5 6.0,3,1.0,0.5 0.5 114.923142031 57.1666666667 1.0 2.5 6.0
0.5 0.5 114.923142031 57.1666666667 1.0 2.5 6.0,3,1.0,0.5 0.5 106.019048941 32.3333333333 1.0 2.5 6.0
0.5 0.5 106.019048941 32.3333333333 1.0 2.5 6.0,3,1.0,0.5 0.5 93.9239698062 42.3333333333 1.0 2.5 6.0
0.5 0.5 93.9239698062 42.3333333333 1.0 2.5 6.0,2,1.0,0.5 0.5 145.370346836 39.5 1.0 2.5 6.0
0.5 0.5 145.370346836 39.5 1.0 2.5 6.0,3,1.0,0.5 0.5 103.057639013 32.0 1.0 2.5 6.0
0.5 0.5 103.057639013 32.0 1.0 2.5 6.0,3,1.0,0.5 0.5 117.170359215 39.1666666667 1.0 2.5 6.0
0.5 0.5 117.170359215 39.1666666667 1.0 2.5 6.0,2,1.0,0.5 0.5 77.7975856136 18.6666666667 1.0 2.5 6.0
0.5 0.5 77.7975856136 18.6666666667 1.0 2.5 6.0,3,1.0,0.5 0.5 91.8695872789 24.8333333333 1.0 2.5 6.0
0.5 0.5 91.8695872789 24.8333333333 1.0 2.5 6.0,3,1.0,0.5 0.5 145.398273207 63.5 1.0 2.5 6.0
0.5 0.5 145.398273207 63.5 1.0 2.5 6.0,2,1.0,0.5 0.5 132.144687005 52.5 1.0 2.5 6.0
0.5 0.5 132.144687005 52.5 1.0 2.5 6.0,3,1.0,0.5 0.5 91.6627988252 83.5 1.0 2.5 6.0
0.5 0.5 91.6627988252 83.5 1.0 2.5 6.0,3,1.0,0.5 0.5 98.3811460829 51.3333333333 1.0 2.5 6.0
0.5 0.5 98.3811460829 51.3333333333 1.0 2.5 6.0,3,1.0,0.5 0.5 105.987320441 30.8333333333 1.0 2.5 6.0
0.5 0.5 105.987320441 30.8333333333 1.0 2.5 6.0,3,1.0,0.5 0.5 124.11394332 52.5 1.0 2.5 6.0
0.0 0.0 250.0 150.0 0.0 4.0 6.0,1,-1.0,0.0 0.0 250.0 150.0 0.0 3.5 6.0
0.0 0.0 250.0 150.0 0.0 3.5 6.0,1,-1.0,0.0 0.0 250.0 150.0 0.0 3.0 6.0
0.0 0.0 250.0 150.0 0.0 3.0 6.0,1,1.0,0.5 0.5 124.191857644 50.0 1.0 2.5 6.0
0.5 0.5 124.191857644 50.0 1.0 2.5 6.0,3,1.0,0.5 0.5 147.986603722 59.8333333333 1.0 2.5 6.0
0.5 0.5 147.986603722 59.8333333333 1.0 2.5 6.0,3,1.0,0.5 0.5 103.096067389 31.1666666667 1.0 2.5 6.0
0.5 0.5 103.096067389 31.1666666667 1.0 2.5 6.0,2,1.0,0.5 0.5 89.3771128751 44.5 1.0 2.5 6.0
0.5 0.5 89.3771128751 44.5 1.0 2.5 6.0,3,1.0,0.5 0.5 108.918081199 30.1666666667 1.0 2.5 6.0
0.5 0.5 108.918081199 30.1666666667 1.0 2.5 6.0,3,1.0,0.5 0.5 112.132323227 66.1666666667 1.0 2.5 6.0
0.5 0.5 112.132323227 66.1666666667 1.0 2.5 6.0,3,1.0,0.5 0.5 131.942883394 32.8333333333 1.0 2.5 6.0
0.5 0.5 131.942883394 32.8333333333 1.0 2.5 6.0,3,1.0,0.5 0.5 91.8538604822 25.5 1.0 2.5 6.0
0.5 0.5 91.8538604822 25.5 1.0 2.5 6.0,3,1.0,0.5 0.5 91.8695872789 25.3333333333 1.0 2.5 6.0
0.5 0.5 91.8695872789 25.3333333333 1.0 2.5 6.0,2,1.0,0.5 0.5 114.223136942 38.3333333333 1.0 2.5 6.0
0.5 0.5 114.223136942 38.3333333333 1.0 2.5 6.0,3,1.0,0.5 0.5 98.4566332471 67.5 1.0 2.5 6.0
0.5 0.5 98.4566332471 67.5 1.0 2.5 6.0,3,1.0,0.5 0.5 100.197035131 31.1666666667 1.0 2.5 6.0
0.5 0.5 100.197035131 31.1666666667 1.0 2.5 6.0,2,1.0,0.5 0.5 88.9856373479 24.1666666667 1.0 2.5 6.0
0.0 0.0 250.0 150.0 0.0 4.0 6.0,1,-1.0,0.0 0.0 250.0 150.0 0.0 3.5 6.0
0.0 0.0 250.0 150.0 0.0 3.5 6.0,1,-1.0,0.0 0.0 250.0 150.0 0.0 3.0 6.0
0.0 0.0 250.0 150.0 0.0 3.0 6.0,1,1.0,0.5 0.5 107.411328551 54.1666666667 1.0 2.5 6.0
0.5 0.5 107.411328551 54.1666666667 1.0 2.5 6.0,3,1.0,0.5 0.5 96.2600182759 47.0 1.0 2.5 6.0
0.5 0.5 96.2600182759 47.0 1.0 2.5 6.0,3,1.0,0.5 0.5 100.20975208 31.1666666667 1.0 2.5 6.0
0.5 0.5 100.20975208 31.1666666667 1.0 2.5 6.0,3,1.0,0.5 0.5 80.7674520932 107.666666667 1.0 2.5 6.0
0.5 0.5 80.7674520932 107.666666667 1.0 2.5 6.0,2,1.0,0.5 0.5 100.817807509 71.1666666667 1.0 2.5 6.0
0.5 0.5 100.817807509 71.1666666667 1.0 2.5 6.0,2,1.0,0.5 0.5 93.9239698062 43.0 1.0 2.5 6.0
0.5 0.5 93.9239698062 43.0 1.0 2.5 6.0,3,1.0,0.5 0.5 70.134236688 35.6666666667 1.0 2.5 6.0
0.5 0.5 70.134236688 35.6666666667 1.0 2.5 6.0,3,1.0,0.5 0.5 103.083275223 31.6666666667 1.0 2.5 6.0
0.5 0.5 103.083275223 31.6666666667 1.0 2.5 6.0,3,1.0,0.5 0.5 72.6511612269 71.6666666667 1.0 2.5 6.0
0.5 0.5 72.6511612269 71.6666666667 1.0 2.5 6.0,3,1.0,0.5 0.5 106.072484427 30.5 1.0 2.5 6.0
0.5 0.5 106.072484427 30.5 1.0 2.5 6.0,3,1.0,0.5 0.5 95.2171161032 44.1666666667 1.0 2.5 6.0
0.5 0.5 95.2171161032 44.1666666667 1.0 2.5 6.0,3,1.0,0.5 0.5 103.09835755 31.5 1.0 2.5 6.0
0.5 0.5 103.09835755 31.5 1.0 2.5 6.0,3,-1.0,0.5 0.5 124.287270498 103.0 0.833333333333 2.5 6.0
0.0 0.0 250.0 150.0 0.0 3.5 4.0,1,-1.0,0.0 0.0 250.0 150.0 0.0 3.0 4.0
0.0 0.0 250.0 150.0 0.0 3.0 4.0,1,1.0,0.5 0.5 92.9705057488 28.75 0.666666666667 2.5 4.0
0.5 0.5 92.9705057488 28.75 0.666666666667 2.5 4.0,3,1.0,0.5 0.5 90.0292674746 26.8 0.833333333333 2.5 5.0
0.5 0.5 90.0292674746 26.8 0.833333333333 2.5 5.0,3,1.0,0.5 0.5 91.8695872789 25.1666666667 1.0 2.5 6.0
0.5 0.5 91.8695872789 25.1666666667 1.0 2.5 6.0,3,1.0,0.5 0.5 103.09835755 31.1666666667 1.0 2.5 6.0
0.5 0.5 103.09835755 31.1666666667 1.0 2.5 6.0,3,1.0,0.5 0.5 77.7975856136 18.1666666667 1.0 2.5 6.0
0.5 0.5 77.7975856136 18.1666666667 1.0 2.5 6.0,3,1.0,0.5 0.5 103.494846037 51.5 1.0 2.5 6.0
0.5 0.5 103.494846037 51.5 1.0 2.5 6.0,3,1.0,0.5 0.5 109.529187751 42.6666666667 1.0 2.5 6.0
0.5 0.5 109.529187751 42.6666666667 1.0 2.5 6.0,3,1.0,0.5 0.5 134.872564822 32.6666666667 1.0 2.5 6.0
0.5 0.5 134.872564822 32.6666666667 1.0 2.5 6.0,3,1.0,0.5 0.5 103.043467659 31.3333333333 1.0 2.5 6.0
0.5 0.5 103.043467659 31.3333333333 1.0 2.5 6.0,3,1.0,0.5 0.5 87.6241894497 43.6666666667 1.0 2.5 6.0
0.5 0.5 87.6241894497 43.6666666667 1.0 2.5 6.0,3,1.0,0.5 0.5 84.2469568901 41.1666666667 1.0 2.5 6.0
0.5 0.5 84.2469568901 41.1666666667 1.0 2.5 6.0,3,1.0,0.5 0.5 133.797039665 32.5 1.0 2.5 6.0
0.5 0.5 133.797039665 32.5 1.0 2.5 6.0,3,1.0,0.5 0.5 82.5905064324 58.6666666667 1.0 2.5 6.0
0.5 0.5 82.5905064324 58.6666666667 1.0 2.5 6.0,3,1.0,0.5 0.5 105.982307481 31.1666666667 1.0 2.5 6.0
1.0 1.0 62.2502724424 45.1666666667 1.0 2.0 6.0,0,1.0,0.5 0.5 64.6478960052 75.0 1.0 2.5 6.0
0.5 0.5 64.6478960052 75.0 1.0 2.5 6.0,3,1.0,0.5 0.5 145.91303688 63.1666666667 1.0 2.5 6.0
0.5 0.5 145.91303688 63.1666666667 1.0 2.5 6.0,3,1.0,0.5 0.5 117.219817624 37.6666666667 1.0 2.5 6.0
0.5 0.5 117.219817624 37.6666666667 1.0 2.5 6.0,3,1.0,0.5 0.5 89.3688395107 63.8333333333 1.0 2.5 6.0
0.5 0.5 89.3688395107 63.8333333333 1.0 2.5 6.0,2,1.0,0.5 0.5 103.132808848 31.1666666667 1.0 2.5 6.0
0.5 0.5 103.132808848 31.1666666667 1.0 2.5 6.0,3,1.0,0.5 0.5 77.7975856136 18.3333333333 1.0 2.5 6.0
0.5 0.5 77.7975856136 18.3333333333 1.0 2.5 6.0,3,1.0,0.5 0.5 80.8677996264 42.0 1.0 2.5 6.0
0.5 0.5 80.8677996264 42.0 1.0 2.5 6.0,3,1.0,0.5 0.5 104.917109773 72.3333333333 1.0 2.5 6.0
0.5 0.5 104.917109773 72.3333333333 1.0 2.5 6.0,3,1.0,0.5 0.5 90.6094683778 42.8333333333 1.0 2.5 6.0
0.5 0.5 90.6094683778 42.8333333333 1.0 2.5 6.0,3,1.0,0.5 0.5 104.31185208 36.8333333333 1.0 2.5 6.0
0.5 0.5 104.31185208 36.8333333333 1.0 2.5 6.0,3,1.0,0.5 0.5 105.982307481 31.1666666667 1.0 2.5 6.0
0.5 0.5 105.982307481 31.1666666667 1.0 2.5 6.0,3,1.0,0.5 0.5 87.8855000221 65.3333333333 1.0 2.5 6.0
0.5 0.5 87.8855000221 65.3333333333 1.0 2.5 6.0,3,1.0,0.5 0.5 77.9856085831 63.0 1.0 2.5 6.0
0.5 0.5 77.9856085831 63.0 1.0 2.5 6.0,3,1.0,0.5 0.5 84.2836983497 44.6666666667 1.0 2.5 6.0
0.5 0.5 84.2836983497 44.6666666667 1.0 2.5 6.0,3,1.0,0.5 0.5 88.9856373479 24.1666666667 1.0 2.5 6.0
0.5 0.5 96.9277820333 45.0 1.0 2.5 6.0,3,1.0,0.5 0.5 80.7826179945 57.8333333333 1.0 2.5 6.0
0.5 0.5 80.7826179945 57.8333333333 1.0 2.5 6.0,3,1.0,0.5 0.5 77.7975856136 18.5 1.0 2.5 6.0
0.5 0.5 77.7975856136 18.5 1.0 2.5 6.0,3,1.0,0.5 0.5 93.9239698062 44.0 1.0 2.5 6.0
0.5 0.5 93.9239698062 44.0 1.0 2.5 6.0,3,1.0,0.5 0.5 95.3740264435 50.5 1.0 2.5 6.0
0.5 0.5 95.3740264435 50.5 1.0 2.5 6.0,3,1.0,0.5 0.5 73.7523953218 57.5 1.0 2.5 6.0
0.5 0.5 73.7523953218 57.5 1.0 2.5 6.0,3,1.0,0.5 0.5 146.065967337 39.8333333333 1.0 2.5 6.0
0.5 0.5 146.065967337 39.8333333333 1.0 2.5 6.0,3,1.0,0.5 0.5 73.1348414046 36.0 1.0 2.5 6.0
0.5 0.5 73.1348414046 36.0 1.0 2.5 6.0,3,1.0,0.5 0.5 91.9191209041 25.3333333333 1.0 2.5 6.0
0.5 0.5 91.9191209041 25.3333333333 1.0 2.5 6.0,3,1.0,0.5 0.5 145.955197653 39.5 1.0 2.5 6.0
0.5 0.5 145.955197653 39.5 1.0 2.5 6.0,2,1.0,0.5 0.5 79.9644520993 35.6666666667 1.0 2.5 6.0
0.5 0.5 79.9644520993 35.6666666667 1.0 2.5 6.0,3,1.0,0.5 0.5 117.217464416 38.6666666667 1.0 2.5 6.0
0.5 0.5 117.217464416 38.6666666667 1.0 2.5 6.0,2,1.0,0.5 0.5 103.12900672 32.5 1.0 2.5 6.0
0.5 0.5 103.12900672 32.5 1.0 2.5 6.0,3,1.0,0.5 0.5 80.7333593311 18.5 1.0 2.5 6.0
0.5 0.5 80.7333593311 18.5 1.0 2.5 6.0,3,1.0,0.5 0.5 89.3514766651 44.8333333333 1.0 2.5 6.0
0.5 0.5 89.3514766651 44.8333333333 1.0 2.5 6.0,3,1.0,0.5 0.5 103.117536379 32.6666666667 1.0 2.5 6.0
0.0 0.0 250.0 150.0 0.0 4.0 6.0,1,-1.0,0.0 0.0 250.0 150.0 0.0 3.5 6.0
0.0 0.0 250.0 150.0 0.0 3.5 6.0,1,-1.0,0.0 0.0 250.0 150.0 0.0 3.0 6.0
0.0 0.0 250.0 150.0 0.0 3.0 6.0,1,1.0,0.5 0.5 89.3898298243 46.1666666667 1.0 2.5 6.0
0.5 0.5 89.3898298243 46.1666666667 1.0 2.5 6.0,3,1.0,0.5 0.5 145.927208235 60.6666666667 1.0 2.5 6.0
0.5 0.5 145.927208235 60.6666666667 1.0 2.5 6.0,3,1.0,0.5 0.5 77.7975856136 18.5 1.0 2.5 6.0
0.5 0.5 77.7975856136 18.5 1.0 2.5 6.0,3,1.0,0.5 0.5 98.8041435184 71.8333333333 1.0 2.5 6.0
0.5 0.5 98.8041435184 71.8333333333 1.0 2.5 6.0,2,1.0,0.5 0.5 91.8695872789 25.8333333333 1.0 2.5 6.0
0.5 0.5 91.8695872789 25.8333333333 1.0 2.5 6.0,3,1.0,0.5 0.5 98.3047872009 71.0 1.0 2.5 6.0
0.5 0.5 98.3047872009 71.0 1.0 2.5 6.0,2,1.0,0.5 0.5 91.8695872789 26.0 1.0 2.5 6.0
0.5 0.5 91.8695872789 26.0 1.0 2.5 6.0,3,1.0,0.5 0.5 103.039622055 32.5 1.0 2.5 6.0
0.5 0.5 103.039622055 32.5 1.0 2.5 6.0,3,1.0,0.5 0.5 87.2525745668 42.1666666667 1.0 2.5 6.0
0.5 0.5 87.2525745668 42.1666666667 1.0 2.5 6.0,3,1.0,0.5 0.5 88.9833471866 24.1666666667 1.0 2.5 6.0
0.5 0.5 88.9833471866 24.1666666667 1.0 2.5 6.0,2,1.0,0.5 0.5 91.8695872789 25.3333333333 1.0 2.5 6.0
0.5 0.5 91.8695872789 25.3333333333 1.0 2.5 6.0,3,1.0,0.5 0.5 84.2469568901 44.5 1.0 2.5 6.0
0.5 0.5 84.2469568901 44.5 1.0 2.5 6.0,2,1.0,0.5 0.5 71.7539192227 119.666666667 1.0 2.5 6.0
1.0 1.0 94.8072770957 20.0 0.333333333333 0.5 2.0,0,1.0,1.0 1.0 94.8072770957 19.0 0.333333333333 1.0 2.0
1.0 1.0 94.8072770957 19.0 0.333333333333 1.0 2.0,3,1.0,1.0 1.0 89.2587254439 44.6666666667 0.5 1.0 3.0
1.0 1.0 89.2587254439 44.6666666667 0.5 1.0 3.0,0,1.0,1.0 1.0 60.0836402805 42.0 0.5 1.5 3.0
1.0 1.0 60.0836402805 42.0 0.5 1.5 3.0,0,1.0,1.0 1.0 60.0836402805 41.6666666667 0.5 2.0 3.0
1.0 1.0 60.0836402805 41.6666666667 0.5 2.0 3.0,3,1.0,1.0 1.0 62.6981132471 32.0 0.666666666667 2.0 4.0
1.0 1.0 62.6981132471 32.0 0.666666666667 2.0 4.0,3,1.0,1.0 1.0 65.7013958521 27.4 0.833333333333 2.0 5.0
1.0 1.0 65.7013958521 27.4 0.833333333333 2.0 5.0,0,1.0,0.5 0.5 106.977858017 34.4 0.833333333333 2.5 5.0
0.5 0.5 106.977858017 34.4 0.833333333333 2.5 5.0,3,1.0,0.5 0.5 93.9239698062 44.8333333333 1.0 2.5 6.0
0.5 0.5 93.9239698062 44.8333333333 1.0 2.5 6.0,3,1.0,0.5 0.5 105.993412731 31.5 1.0 2.5 6.0
0.5 0.5 105.993412731 31.5 1.0 2.5 6.0,3,1.0,0.5 0.5 109.255585846 51.5 1.0 2.5 6.0
0.5 0.5 109.255585846 51.5 1.0 2.5 6.0,3,1.0,0.5 0.5 70.134236688 37.5 1.0 2.5 6.0
0.5 0.5 70.134236688 37.5 1.0 2.5 6.0,3,1.0,0.5 0.5 117.291185331 38.1666666667 1.0 2.5 6.0
0.5 0.5 117.291185331 38.1666666667 1.0 2.5 6.0,3,1.0,0.5 0.5 129.032745887 31.5 1.0 2.5 6.0
0.5 0.5 129.032745887 31.5 1.0 2.5 6.0,3,1.0,0.5 0.5 94.8053609964 25.5 1.0 2.5 6.0
0.5 0.5 94.8053609964 25.5 1.0 2.5 6.0,3,1.0,0.5 0.5 117.170359215 38.5 1.0 2.5 6.0
1.0 1.0 70.2794606852 43.6666666667 1.0 1.5 6.0,0,1.0,1.0 1.0 70.2794606852 45.6666666667 1.0 2.0 6.0
1.0 1.0 70.2794606852 45.6666666667 1.0 2.0 6.0,0,1.0,0.5 0.5 84.2469568901 44.3333333333 1.0 2.5 6.0
0.5 0.5 84.2469568901 44.3333333333 1.0 2.5 6.0,3,1.0,0.5 0.5 103.083275223 31.1666666667 1.0 2.5 6.0
0.5 0.5 103.083275223 31.1666666667 1.0 2.5 6.0,2,1.0,0.5 0.5 103.037375369 31.5 1.0 2.5 6.0
0.5 0.5 103.037375369 31.5 1.0 2.5 6.0,3,1.0,0.5 0.5 96.1020209504 67.6666666667 1.0 2.5 6.0
0.5 0.5 96.1020209504 67.6666666667 1.0 2.5 6.0,3,1.0,0.5 0.5 103.132808848 31.1666666667 1.0 2.5 6.0
0.5 0.5 103.132808848 31.1666666667 1.0 2.5 6.0,3,1.0,0.5 0.5 91.8695872789 24.5 1.0 2.5 6.0
