1.0 1.0 72.3685659986 67.4 1.0 0.5 5.0,2,1.0,1.0 1.0 72.3685659986 67.4 1.0 0.5 5.0
1.0 1.0 72.3685659986 67.4 1.0 0.5 5.0,3,1.0,1.0 1.0 58.9723579866 54.6 1.0 0.5 5.0
1.0 1.0 58.9723579866 54.6 1.0 0.5 5.0,4,-1.0,1.0 1.0 45.0567304034 39.75 0.8 0.5 4.0
1.0 1.0 45.0567304034 39.75 0.8 0.5 4.0,2,-1.0,1.0 1.0 45.0567304034 39.75 0.8 0.5 4.0
1.0 1.0 45.0567304034 39.75 0.8 0.5 4.0,4,-1.0,1.0 1.0 44.4039619884 38.0 0.6 0.5 3.0
1.0 1.0 44.4039619884 38.0 0.6 0.5 3.0,3,1.0,1.0 1.0 45.0567304034 39.5 0.8 0.5 4.0
1.0 1.0 45.0567304034 39.5 0.8 0.5 4.0,3,1.0,1.0 1.0 58.9723579866 54.4 1.0 0.5 5.0
1.0 1.0 58.9723579866 54.4 1.0 0.5 5.0,2,1.0,1.0 1.0 58.9723579866 54.4 1.0 0.5 5.0
1.0 1.0 58.9723579866 54.4 1.0 0.5 5.0,4,-1.0,1.0 1.0 45.0567304034 39.75 0.8 0.5 4.0
1.0 1.0 45.0567304034 39.75 0.8 0.5 4.0,2,-1.0,1.0 1.0 45.0567304034 39.75 0.8 0.5 4.0
1.0 1.0 45.0567304034 39.75 0.8 0.5 4.0,4,-1.0,1.0 1.0 46.6435421738 38.0 0.6 0.5 3.0
1.0 1.0 46.6435421738 38.0 0.6 0.5 3.0,4,-1.0,1.0 1.0 44.9316571547 34.5 0.4 0.5 2.0
1.0 1.0 44.9316571547 34.5 0.4 0.5 2.0,2,-1.0,1.0 1.0 48.2910274328 34.5 0.4 0.5 2.0
1.0 1.0 48.2910274328 34.5 0.4 0.5 2.0,1,-1.0,1.0 1.0 44.9316571547 34.0 0.4 0.5 2.0
1.0 1.0 44.9316571547 34.0 0.4 0.5 2.0,3,1.0,1.0 1.0 44.4039619884 38.0 0.6 0.5 3.0
1.0 1.0 57.132373005 24.0 0.2 0.5 1.0,2,-1.0,1.0 1.0 57.132373005 24.0 0.2 0.5 1.0
1.0 1.0 57.132373005 24.0 0.2 0.5 1.0,4,-1.0,1.0 1.0 57.132373005 24.0 0.2 0.5 1.0
1.0 1.0 57.132373005 24.0 0.2 0.5 1.0,4,-1.0,1.0 1.0 57.132373005 23.0 0.2 0.5 1.0
1.0 1.0 57.132373005 23.0 0.2 0.5 1.0,2,-1.0,1.0 1.0 57.132373005 23.0 0.2 0.5 1.0
1.0 1.0 57.132373005 23.0 0.2 0.5 1.0,3,1.0,1.0 1.0 44.9316571547 34.5 0.4 0.5 2.0
1.0 1.0 44.9316571547 34.5 0.4 0.5 2.0,0,1.0,1.0 1.0 44.9316571547 34.5 0.4 1.0 2.0
1.0 1.0 44.9316571547 34.5 0.4 1.0 2.0,2,-1.0,1.0 1.0 44.9316571547 34.5 0.4 1.0 2.0
1.0 1.0 44.9316571547 34.5 0.4 1.0 2.0,4,-1.0,1.0 1.0 57.132373005 24.0 0.2 1.0 1.0
1.0 1.0 57.132373005 24.0 0.2 1.0 1.0,2,-1.0,1.0 1.0 57.132373005 24.0 0.2 1.0 1.0
1.0 1.0 57.132373005 24.0 0.2 1.0 1.0,4,-1.0,1.0 1.0 57.132373005 24.0 0.2 1.0 1.0
1.0 1.0 57.132373005 24.0 0.2 1.0 1.0,3,1.0,1.0 1.0 44.9316571547 34.5 0.4 1.0 2.0
1.0 1.0 44.9316571547 34.5 0.4 1.0 2.0,0,1.0,1.0 1.0 48.2910274328 34.5 0.4 1.5 2.0
1.0 1.0 48.2910274328 34.5 0.4 1.5 2.0,4,-1.0,1.0 1.0 57.132373005 24.0 0.2 1.5 1.0
1.0 1.0 57.132373005 24.0 0.2 1.5 1.0,0,1.0,1.0 1.0 57.132373005 24.0 0.2 2.0 1.0
1.0 1.0 57.132373005 24.0 0.2 2.0 1.0,0,1.0,0.5 0.5 57.132373005 24.0 0.2 2.5 1.0
1.0 1.0 45.0567304034 39.75 0.8 1.0 4.0,2,1.0,1.0 1.0 45.0567304034 39.75 0.8 1.0 4.0
1.0 1.0 45.0567304034 39.75 0.8 1.0 4.0,4,-1.0,1.0 1.0 44.4039619884 37.6666666667 0.6 1.0 3.0
1.0 1.0 44.4039619884 37.6666666667 0.6 1.0 3.0,0,1.0,1.0 1.0 44.4039619884 38.0 0.6 1.5 3.0
1.0 1.0 44.4039619884 38.0 0.6 1.5 3.0,0,1.0,1.0 1.0 44.4039619884 38.0 0.6 2.0 3.0
1.0 1.0 44.4039619884 38.0 0.6 2.0 3.0,3,1.0,1.0 1.0 45.0567304034 39.75 0.8 2.0 4.0
1.0 1.0 45.0567304034 39.75 0.8 2.0 4.0,4,-1.0,1.0 1.0 46.6435421738 38.0 0.6 2.0 3.0
1.0 1.0 46.6435421738 38.0 0.6 2.0 3.0,4,-1.0,1.0 1.0 44.9316571547 34.5 0.4 2.0 2.0
1.0 1.0 44.9316571547 34.5 0.4 2.0 2.0,3,1.0,1.0 1.0 44.4039619884 38.0 0.6 2.0 3.0
1.0 1.0 44.4039619884 38.0 0.6 2.0 3.0,1,-1.0,1.0 1.0 44.4039619884 38.0 0.6 1.5 3.0
1.0 1.0 44.4039619884 38.0 0.6 1.5 3.0,4,-1.0,1.0 1.0 44.9316571547 34.5 0.4 1.5 2.0
1.0 1.0 44.9316571547 34.5 0.4 1.5 2.0,4,-1.0,1.0 1.0 80.9380746614 36.0 0.2 1.5 1.0
1.0 1.0 80.9380746614 36.0 0.2 1.5 1.0,2,-1.0,1.0 1.0 80.9380746614 36.0 0.2 1.5 1.0
1.0 1.0 80.9380746614 36.0 0.2 1.5 1.0,1,-1.0,1.0 1.0 57.132373005 24.0 0.2 1.0 1.0
1.0 1.0 57.132373005 24.0 0.2 1.0 1.0,4,-1.0,1.0 1.0 57.132373005 24.0 0.2 1.0 1.0
1.0 1.0 57.132373005 24.0 0.2 1.0 1.0,4,-1.0,1.0 1.0 57.132373005 24.0 0.2 1.0 1.0
0.0 0.0 250.0 150.0 0.0 3.5 1.0,2,-1.0,0.0 0.0 250.0 150.0 0.0 3.5 1.0
0.0 0.0 250.0 150.0 0.0 3.5 1.0,2,-1.0,0.0 0.0 250.0 150.0 0.0 3.5 1.0
0.0 0.0 250.0 150.0 0.0 3.5 1.0,2,-1.0,0.0 0.0 250.0 150.0 0.0 3.5 1.0
0.0 0.0 250.0 150.0 0.0 3.5 1.0,3,-1.0,0.0 0.0 250.0 150.0 0.0 3.5 2.0
0.0 0.0 250.0 150.0 0.0 3.5 2.0,4,-1.0,0.0 0.0 250.0 150.0 0.0 3.5 1.0
0.0 0.0 250.0 150.0 0.0 3.5 1.0,2,-1.0,0.0 0.0 250.0 150.0 0.0 3.5 1.0
0.0 0.0 250.0 150.0 0.0 3.5 1.0,3,-1.0,0.0 0.0 250.0 150.0 0.0 3.5 2.0
0.0 0.0 250.0 150.0 0.0 3.5 2.0,2,-1.0,0.0 0.0 250.0 150.0 0.0 3.5 2.0
0.0 0.0 250.0 150.0 0.0 3.5 2.0,0,-1.0,0.0 0.0 250.0 150.0 0.0 4.0 2.0
0.0 0.0 250.0 150.0 0.0 4.0 2.0,3,-1.0,0.0 0.0 250.0 150.0 0.0 4.0 3.0
0.0 0.0 250.0 150.0 0.0 4.0 3.0,2,-1.0,0.0 0.0 250.0 150.0 0.0 4.0 3.0
0.0 0.0 250.0 150.0 0.0 4.0 3.0,0,-1.0,0.0 0.0 250.0 150.0 0.0 4.0 3.0
0.0 0.0 250.0 150.0 0.0 4.0 3.0,0,-1.0,0.0 0.0 250.0 150.0 0.0 4.0 3.0
0.0 0.0 250.0 150.0 0.0 4.0 3.0,0,-1.0,0.0 0.0 250.0 150.0 0.0 4.0 3.0
0.0 0.0 250.0 150.0 0.0 4.0 3.0,2,-1.0,0.0 0.0 250.0 150.0 0.0 4.0 3.0
1.0 1.0 40.3959464921 38.0 0.6 1.0 3.0,0,1.0,1.0 1.0 51.3605397346 39.0 0.6 1.5 3.0
1.0 1.0 51.3605397346 39.0 0.6 1.5 3.0,1,-1.0,1.0 1.0 51.3605397346 39.3333333333 0.6 1.0 3.0
1.0 1.0 51.3605397346 39.3333333333 0.6 1.0 3.0,2,-1.0,1.0 1.0 51.3605397346 39.0 0.6 1.0 3.0
1.0 1.0 51.3605397346 39.0 0.6 1.0 3.0,2,-1.0,1.0 1.0 40.3959464921 36.0 0.6 1.0 3.0
1.0 1.0 40.3959464921 36.0 0.6 1.0 3.0,0,1.0,1.0 1.0 40.3959464921 35.3333333333 0.6 1.5 3.0
1.0 1.0 40.3959464921 35.3333333333 0.6 1.5 3.0,4,-1.0,1.0 1.0 44.9316571547 34.5 0.4 1.5 2.0
1.0 1.0 44.9316571547 34.5 0.4 1.5 2.0,0,1.0,1.0 1.0 44.9316571547 34.5 0.4 2.0 2.0
1.0 1.0 44.9316571547 34.5 0.4 2.0 2.0,0,1.0,0.5 0.5 72.9981557219 47.0 0.4 2.5 2.0
0.5 0.5 72.9981557219 47.0 0.4 2.5 2.0,0,-1.0,0.0 0.0 250.0 150.0 0.0 3.0 2.0
0.0 0.0 250.0 150.0 0.0 3.0 2.0,1,1.0,0.5 0.5 44.9316571547 34.5 0.4 2.5 2.0
0.5 0.5 44.9316571547 34.5 0.4 2.5 2.0,3,1.0,0.5 0.5 51.1717116515 39.3333333333 0.6 2.5 3.0
0.5 0.5 51.1717116515 39.3333333333 0.6 2.5 3.0,0,-1.0,0.0 0.0 250.0 150.0 0.0 3.0 3.0
0.0 0.0 250.0 150.0 0.0 3.0 3.0,1,1.0,0.5 0.5 51.1717116515 39.0 0.6 2.5 3.0
0.5 0.5 51.1717116515 39.0 0.6 2.5 3.0,4,-1.0,0.5 0.5 44.9316571547 34.5 0.4 2.5 2.0
0.5 0.5 44.9316571547 34.5 0.4 2.5 2.0,0,-1.0,0.0 0.0 250.0 150.0 0.0 3.0 2.0
0.0 0.0 250.0 150.0 0.0 3.5 1.0,3,-1.0,0.0 0.0 250.0 150.0 0.0 3.5 2.0
0.0 0.0 250.0 150.0 0.0 3.5 2.0,1,-1.0,0.0 0.0 250.0 150.0 0.0 3.0 2.0
0.0 0.0 250.0 150.0 0.0 3.0 2.0,3,-1.0,0.0 0.0 250.0 150.0 0.0 3.0 3.0
0.0 0.0 250.0 150.0 0.0 3.0 3.0,1,1.0,0.5 0.5 51.3605397346 40.0 0.6 2.5 3.0
0.5 0.5 51.3605397346 40.0 0.6 2.5 3.0,1,-1.0,1.0 1.0 40.3959464921 38.0 0.6 2.0 3.0
1.0 1.0 40.3959464921 38.0 0.6 2.0 3.0,4,-1.0,1.0 1.0 44.9316571547 34.5 0.4 2.0 2.0
1.0 1.0 44.9316571547 34.5 0.4 2.0 2.0,0,1.0,0.5 0.5 56.8345079829 40.5 0.4 2.5 2.0
0.5 0.5 56.8345079829 40.5 0.4 2.5 2.0,3,1.0,0.5 0.5 51.3605397346 43.0 0.6 2.5 3.0
0.5 0.5 51.3605397346 43.0 0.6 2.5 3.0,3,1.0,0.5 0.5 48.0021441953 42.75 0.8 2.5 4.0
0.5 0.5 48.0021441953 42.75 0.8 2.5 4.0,1,-1.0,1.0 1.0 46.3052326917 41.25 0.8 2.0 4.0
1.0 1.0 46.3052326917 41.25 0.8 2.0 4.0,0,1.0,0.5 0.5 78.3637054588 53.75 0.8 2.5 4.0
0.5 0.5 78.3637054588 53.75 0.8 2.5 4.0,0,-1.0,0.0 0.0 250.0 150.0 0.0 3.0 4.0
0.0 0.0 250.0 150.0 0.0 3.0 4.0,4,-1.0,0.0 0.0 250.0 150.0 0.0 3.0 3.0
0.0 0.0 250.0 150.0 0.0 3.0 3.0,2,-1.0,0.0 0.0 250.0 150.0 0.0 3.0 3.0
0.0 0.0 250.0 150.0 0.0 3.0 3.0,0,-1.0,0.0 0.0 250.0 150.0 0.0 3.5 3.0
0.0 0.0 250.0 150.0 0.0 4.0 4.0,2,-1.0,0.0 0.0 250.0 150.0 0.0 4.0 4.0
0.0 0.0 250.0 150.0 0.0 4.0 4.0,1,-1.0,0.0 0.0 250.0 150.0 0.0 3.5 4.0
0.0 0.0 250.0 150.0 0.0 3.5 4.0,1,-1.0,0.0 0.0 250.0 150.0 0.0 3.0 4.0
0.0 0.0 250.0 150.0 0.0 3.0 4.0,3,-1.0,0.0 0.0 250.0 150.0 0.0 3.0 5.0
0.0 0.0 250.0 150.0 0.0 3.0 5.0,2,-1.0,0.0 0.0 250.0 150.0 0.0 3.0 5.0
0.0 0.0 250.0 150.0 0.0 3.0 5.0,1,1.0,0.5 0.5 79.5512522538 58.0 1.0 2.5 5.0
0.5 0.5 79.5512522538 58.0 1.0 2.5 5.0,4,-1.0,0.5 0.5 51.0081558175 42.75 0.8 2.5 4.0
0.5 0.5 51.0081558175 42.75 0.8 2.5 4.0,3,1.0,0.5 0.5 66.4676743213 90.8 1.0 2.5 5.0
0.5 0.5 66.4676743213 90.8 1.0 2.5 5.0,3,1.0,0.5 0.5 89.7763729922 70.8 1.0 2.5 5.0
0.5 0.5 89.7763729922 70.8 1.0 2.5 5.0,2,1.0,0.5 0.5 57.6534889819 53.6 1.0 2.5 5.0
0.5 0.5 57.6534889819 53.6 1.0 2.5 5.0,1,-1.0,1.0 1.0 53.1756431571 56.0 1.0 2.0 5.0
1.0 1.0 53.1756431571 56.0 1.0 2.0 5.0,1,-1.0,1.0 1.0 53.1756431571 55.6 1.0 1.5 5.0
1.0 1.0 53.1756431571 55.6 1.0 1.5 5.0,1,-1.0,1.0 1.0 53.1756431571 55.6 1.0 1.0 5.0
1.0 1.0 53.1756431571 55.6 1.0 1.0 5.0,4,-1.0,1.0 1.0 45.0567304034 39.5 0.8 1.0 4.0
1.0 1.0 45.0567304034 39.5 0.8 1.0 4.0,2,-1.0,1.0 1.0 45.0567304034 39.75 0.8 1.0 4.0
0.5 0.5 89.3344956151 101.2 1.0 2.5 5.0,3,1.0,0.5 0.5 75.7496105589 86.4 1.0 2.5 5.0
0.5 0.5 75.7496105589 86.4 1.0 2.5 5.0,2,1.0,0.5 0.5 77.1806533098 90.6 1.0 2.5 5.0
0.5 0.5 77.1806533098 90.6 1.0 2.5 5.0,3,1.0,0.5 0.5 66.5845946422 74.0 1.0 2.5 5.0
0.5 0.5 66.5845946422 74.0 1.0 2.5 5.0,4,-1.0,0.5 0.5 42.0507187812 37.5 0.8 2.5 4.0
0.5 0.5 42.0507187812 37.5 0.8 2.5 4.0,1,-1.0,1.0 1.0 45.0567304034 39.75 0.8 2.0 4.0
1.0 1.0 45.0567304034 39.75 0.8 2.0 4.0,1,-1.0,1.0 1.0 45.0567304034 39.75 0.8 1.5 4.0
1.0 1.0 45.0567304034 39.75 0.8 1.5 4.0,3,1.0,1.0 1.0 51.5452547206 56.6 1.0 1.5 5.0
1.0 1.0 51.5452547206 56.6 1.0 1.5 5.0,4,-1.0,1.0 1.0 45.0567304034 39.75 0.8 1.5 4.0
1.0 1.0 45.0567304034 39.75 0.8 1.5 4.0,4,-1.0,1.0 1.0 44.4039619884 37.6666666667 0.6 1.5 3.0
1.0 1.0 44.4039619884 37.6666666667 0.6 1.5 3.0,1,-1.0,1.0 1.0 44.4039619884 38.0 0.6 1.0 3.0
1.0 1.0 44.4039619884 38.0 0.6 1.0 3.0,3,1.0,1.0 1.0 45.0567304034 39.25 0.8 1.0 4.0
1.0 1.0 45.0567304034 39.25 0.8 1.0 4.0,0,1.0,1.0 1.0 45.0567304034 39.75 0.8 1.5 4.0
1.0 1.0 45.0567304034 39.75 0.8 1.5 4.0,2,-1.0,1.0 1.0 45.0567304034 39.75 0.8 1.5 4.0
1.0 1.0 45.0567304034 39.75 0.8 1.5 4.0,3,1.0,1.0 1.0 57.6534889819 52.0 1.0 1.5 5.0
1.0 1.0 57.6534889819 52.0 1.0 1.5 5.0,2,-1.0,1.0 1.0 51.5452547206 56.8 1.0 1.5 5.0
0.0 0.0 250.0 150.0 0.0 3.5 4.0,2,-1.0,0.0 0.0 250.0 150.0 0.0 3.5 4.0
0.0 0.0 250.0 150.0 0.0 3.5 4.0,1,-1.0,0.0 0.0 250.0 150.0 0.0 3.0 4.0
0.0 0.0 250.0 150.0 0.0 3.0 4.0,1,1.0,0.5 0.5 42.0507187812 40.0 0.8 2.5 4.0
0.5 0.5 42.0507187812 40.0 0.8 2.5 4.0,3,1.0,0.5 0.5 85.6428171375 65.6 1.0 2.5 5.0
0.5 0.5 85.6428171375 65.6 1.0 2.5 5.0,3,1.0,0.5 0.5 77.5839115375 116.6 1.0 2.5 5.0
0.5 0.5 77.5839115375 116.6 1.0 2.5 5.0,3,1.0,0.5 0.5 58.6055474877 68.6 1.0 2.5 5.0
0.5 0.5 58.6055474877 68.6 1.0 2.5 5.0,4,-1.0,0.5 0.5 81.2830405053 79.25 0.8 2.5 4.0
0.5 0.5 81.2830405053 79.25 0.8 2.5 4.0,1,-1.0,1.0 1.0 45.0567304034 39.75 0.8 2.0 4.0
1.0 1.0 45.0567304034 39.75 0.8 2.0 4.0,3,1.0,1.0 1.0 58.9723579866 54.6 1.0 2.0 5.0
1.0 1.0 58.9723579866 54.6 1.0 2.0 5.0,2,-1.0,1.0 1.0 58.9723579866 54.6 1.0 2.0 5.0
1.0 1.0 58.9723579866 54.6 1.0 2.0 5.0,3,-1.0,1.0 1.0 58.9723579866 54.6 1.0 2.0 5.0
1.0 1.0 58.9723579866 54.6 1.0 2.0 5.0,2,-1.0,1.0 1.0 58.9723579866 54.2 1.0 2.0 5.0
1.0 1.0 58.9723579866 54.2 1.0 2.0 5.0,3,-1.0,1.0 1.0 58.9723579866 54.6 1.0 2.0 5.0
1.0 1.0 58.9723579866 54.6 1.0 2.0 5.0,3,-1.0,1.0 1.0 58.9723579866 54.6 1.0 2.0 5.0
1.0 1.0 58.9723579866 54.6 1.0 2.0 5.0,0,1.0,0.5 0.5 77.4732118283 67.4 1.0 2.5 5.0
1.0 1.0 58.9723579866 54.8 1.0 1.0 5.0,3,-1.0,1.0 1.0 58.9723579866 54.8 1.0 1.0 5.0
1.0 1.0 58.9723579866 54.8 1.0 1.0 5.0,0,1.0,1.0 1.0 58.9723579866 54.4 1.0 1.5 5.0
1.0 1.0 58.9723579866 54.4 1.0 1.5 5.0,3,-1.0,1.0 1.0 56.1372160617 51.4 1.0 1.5 5.0
1.0 1.0 56.1372160617 51.4 1.0 1.5 5.0,3,-1.0,1.0 1.0 58.9723579866 54.4 1.0 1.5 5.0
1.0 1.0 58.9723579866 54.4 1.0 1.5 5.0,3,-1.0,1.0 1.0 58.9723579866 54.8 1.0 1.5 5.0
1.0 1.0 58.9723579866 54.8 1.0 1.5 5.0,2,-1.0,1.0 1.0 58.9723579866 54.6 1.0 1.5 5.0
1.0 1.0 58.9723579866 54.6 1.0 1.5 5.0,2,-1.0,1.0 1.0 58.9723579866 54.6 1.0 1.5 5.0
1.0 1.0 58.9723579866 54.6 1.0 1.5 5.0,3,-1.0,1.0 1.0 56.1372160617 51.6 1.0 1.5 5.0
1.0 1.0 56.1372160617 51.6 1.0 1.5 5.0,3,-1.0,1.0 1.0 58.9723579866 54.4 1.0 1.5 5.0
1.0 1.0 58.9723579866 54.4 1.0 1.5 5.0,3,-1.0,1.0 1.0 58.9723579866 54.8 1.0 1.5 5.0
1.0 1.0 58.9723579866 54.8 1.0 1.5 5.0,3,-1.0,1.0 1.0 56.1372160617 51.6 1.0 1.5 5.0
1.0 1.0 56.1372160617 51.6 1.0 1.5 5.0,3,-1.0,1.0 1.0 56.1372160617 51.6 1.0 1.5 5.0
1.0 1.0 56.1372160617 51.6 1.0 1.5 5.0,3,-1.0,1.0 1.0 58.9723579866 54.4 1.0 1.5 5.0
1.0 1.0 58.9723579866 54.4 1.0 1.5 5.0,2,-1.0,1.0 1.0 58.9723579866 54.6 1.0 1.5 5.0
1.0 1.0 58.9723579866 54.6 1.0 1.5 5.0,3,-1.0,1.0 1.0 58.9723579866 54.6 1.0 1.5 5.0
0.5 0.5 73.4362488977 75.0 0.8 2.5 4.0,1,-1.0,1.0 1.0 45.0567304034 39.5 0.8 2.0 4.0
1.0 1.0 45.0567304034 39.5 0.8 2.0 4.0,0,1.0,0.5 0.5 56.4479525264 60.75 0.8 2.5 4.0
0.5 0.5 56.4479525264 60.75 0.8 2.5 4.0,1,-1.0,1.0 1.0 45.0567304034 39.5 0.8 2.0 4.0
1.0 1.0 45.0567304034 39.5 0.8 2.0 4.0,0,1.0,0.5 0.5 63.7895567406 60.5 0.8 2.5 4.0
0.5 0.5 63.7895567406 60.5 0.8 2.5 4.0,3,1.0,0.5 0.5 61.4406894126 73.0 1.0 2.5 5.0
0.5 0.5 61.4406894126 73.0 1.0 2.5 5.0,3,1.0,0.5 0.5 59.8578629673 58.8 1.0 2.5 5.0
0.5 0.5 59.8578629673 58.8 1.0 2.5 5.0,1,-1.0,1.0 1.0 58.9723579866 54.6 1.0 2.0 5.0
1.0 1.0 58.9723579866 54.6 1.0 2.0 5.0,0,1.0,0.5 0.5 81.6228939303 86.6 1.0 2.5 5.0
0.5 0.5 81.6228939303 86.6 1.0 2.5 5.0,1,-1.0,1.0 1.0 72.4672252427 67.4 1.0 2.0 5.0
1.0 1.0 72.4672252427 67.4 1.0 2.0 5.0,0,1.0,0.5 0.5 102.141660076 77.4 1.0 2.5 5.0
0.5 0.5 102.141660076 77.4 1.0 2.5 5.0,2,1.0,0.5 0.5 64.8485296105 76.8 1.0 2.5 5.0
0.5 0.5 64.8485296105 76.8 1.0 2.5 5.0,2,1.0,0.5 0.5 107.055755463 87.6 1.0 2.5 5.0
0.5 0.5 107.055755463 87.6 1.0 2.5 5.0,3,1.0,0.5 0.5 79.1859273228 87.4 1.0 2.5 5.0
0.5 0.5 79.1859273228 87.4 1.0 2.5 5.0,3,1.0,0.5 0.5 63.168051375 67.0 1.0 2.5 5.0
0.5 0.5 63.168051375 67.0 1.0 2.5 5.0,2,1.0,0.5 0.5 70.7400733208 86.4 1.0 2.5 5.0
1.0 1.0 44.9316571547 34.5 0.4 1.0 2.0,0,1.0,1.0 1.0 44.9316571547 34.5 0.4 1.5 2.0
1.0 1.0 44.9316571547 34.5 0.4 1.5 2.0,3,1.0,1.0 1.0 44.4039619884 38.0 0.6 1.5 3.0
1.0 1.0 44.4039619884 38.0 0.6 1.5 3.0,0,1.0,1.0 1.0 44.4039619884 37.6666666667 0.6 2.0 3.0
1.0 1.0 44.4039619884 37.6666666667 0.6 2.0 3.0,3,1.0,1.0 1.0 63.6389073477 53.5 0.8 2.0 4.0
1.0 1.0 63.6389073477 53.5 0.8 2.0 4.0,3,1.0,1.0 1.0 58.9723579866 54.8 1.0 2.0 5.0
1.0 1.0 58.9723579866 54.8 1.0 2.0 5.0,0,1.0,0.5 0.5 81.3688678679 55.8 1.0 2.5 5.0
0.5 0.5 81.3688678679 55.8 1.0 2.5 5.0,3,1.0,0.5 0.5 44.2234205828 57.4 1.0 2.5 5.0
0.5 0.5 44.2234205828 57.4 1.0 2.5 5.0,2,1.0,0.5 0.5 63.6323689667 73.4 1.0 2.5 5.0
0.5 0.5 63.6323689667 73.4 1.0 2.5 5.0,3,1.0,0.5 0.5 93.8779897322 71.2 1.0 2.5 5.0
0.5 0.5 93.8779897322 71.2 1.0 2.5 5.0,3,1.0,0.5 0.5 63.2880909482 87.4 1.0 2.5 5.0
0.5 0.5 63.2880909482 87.4 1.0 2.5 5.0,2,1.0,0.5 0.5 92.4080469898 83.0 1.0 2.5 5.0
0.5 0.5 92.4080469898 83.0 1.0 2.5 5.0,2,1.0,0.5 0.5 47.6032948208 43.4 1.0 2.5 5.0
0.5 0.5 47.6032948208 43.4 1.0 2.5 5.0,3,1.0,0.5 0.5 74.5731524555 85.4 1.0 2.5 5.0
0.5 0.5 74.5731524555 85.4 1.0 2.5 5.0,2,1.0,0.5 0.5 64.2928273035 68.8 1.0 2.5 5.0
0.5 0.5 64.2928273035 68.8 1.0 2.5 5.0,3,1.0,0.5 0.5 81.7964142197 84.0 1.0 2.5 5.0
1.0 1.0 58.9723579866 54.2 1.0 0.5 5.0,2,-1.0,1.0 1.0 58.9723579866 54.8 1.0 0.5 5.0
1.0 1.0 58.9723579866 54.8 1.0 0.5 5.0,0,1.0,1.0 1.0 58.9723579866 54.6 1.0 1.0 5.0
1.0 1.0 58.9723579866 54.6 1.0 1.0 5.0,1,-1.0,1.0 1.0 58.9723579866 54.8 1.0 0.5 5.0
1.0 1.0 58.9723579866 54.8 1.0 0.5 5.0,0,1.0,1.0 1.0 58.9723579866 55.0 1.0 1.0 5.0
1.0 1.0 58.9723579866 55.0 1.0 1.0 5.0,0,1.0,1.0 1.0 58.9723579866 54.6 1.0 1.5 5.0
1.0 1.0 58.9723579866 54.6 1.0 1.5 5.0,0,1.0,1.0 1.0 58.9723579866 54.4 1.0 2.0 5.0
1.0 1.0 58.9723579866 54.4 1.0 2.0 5.0,0,1.0,0.5 0.5 66.3756312815 75.6 1.0 2.5 5.0
0.5 0.5 66.3756312815 75.6 1.0 2.5 5.0,3,1.0,0.5 0.5 56.5675486888 85.2 1.0 2.5 5.0
0.5 0.5 56.5675486888 85.2 1.0 2.5 5.0,0,-1.0,0.0 0.0 250.0 150.0 0.0 3.0 5.0
0.0 0.0 250.0 150.0 0.0 3.0 5.0,1,1.0,0.5 0.5 44.1996836924 41.0 1.0 2.5 5.0
0.5 0.5 44.1996836924 41.0 1.0 2.5 5.0,2,1.0,0.5 0.5 74.1902241275 75.4 1.0 2.5 5.0
0.5 0.5 74.1902241275 75.4 1.0 2.5 5.0,3,1.0,0.5 0.5 66.7710651993 50.0 1.0 2.5 5.0
0.5 0.5 66.7710651993 50.0 1.0 2.5 5.0,3,1.0,0.5 0.5 76.386309176 69.2 1.0 2.5 5.0
0.5 0.5 76.386309176 69.2 1.0 2.5 5.0,3,1.0,0.5 0.5 81.511639232 68.6 1.0 2.5 5.0
0.5 0.5 81.511639232 68.6 1.0 2.5 5.0,3,1.0,0.5 0.5 70.7151942142 87.8 1.0 2.5 5.0
1.0 1.0 58.9723579866 55.0 1.0 1.5 5.0,0,1.0,1.0 1.0 58.9723579866 54.6 1.0 2.0 5.0
1.0 1.0 58.9723579866 54.6 1.0 2.0 5.0,0,1.0,0.5 0.5 83.272276156 87.0 1.0 2.5 5.0
0.5 0.5 83.272276156 87.0 1.0 2.5 5.0,1,-1.0,1.0 1.0 58.9723579866 54.8 1.0 2.0 5.0
1.0 1.0 58.9723579866 54.8 1.0 2.0 5.0,0,1.0,0.5 0.5 66.6976366013 71.0 1.0 2.5 5.0
0.5 0.5 66.6976366013 71.0 1.0 2.5 5.0,4,-1.0,0.5 0.5 83.6129578381 54.0 0.8 2.5 4.0
0.5 0.5 83.6129578381 54.0 0.8 2.5 4.0,3,1.0,0.5 0.5 78.0349502562 71.0 1.0 2.5 5.0
0.5 0.5 78.0349502562 71.0 1.0 2.5 5.0,2,1.0,0.5 0.5 86.843445904 68.2 1.0 2.5 5.0
0.5 0.5 86.843445904 68.2 1.0 2.5 5.0,4,-1.0,0.5 0.5 45.0567304034 39.75 0.8 2.5 4.0
0.5 0.5 45.0567304034 39.75 0.8 2.5 4.0,3,1.0,0.5 0.5 80.2527835345 117.4 1.0 2.5 5.0
0.5 0.5 80.2527835345 117.4 1.0 2.5 5.0,3,1.0,0.5 0.5 44.2234205828 55.8 1.0 2.5 5.0
0.5 0.5 44.2234205828 55.8 1.0 2.5 5.0,4,-1.0,0.5 0.5 82.2543295227 57.0 0.8 2.5 4.0
0.5 0.5 82.2543295227 57.0 0.8 2.5 4.0,3,1.0,0.5 0.5 62.6112877681 68.6 1.0 2.5 5.0
0.5 0.5 62.6112877681 68.6 1.0 2.5 5.0,1,-1.0,1.0 1.0 58.9723579866 54.8 1.0 2.0 5.0
1.0 1.0 58.9723579866 54.8 1.0 2.0 5.0,0,1.0,0.5 0.5 96.4462108665 81.2 1.0 2.5 5.0
0.5 0.5 96.4462108665 81.2 1.0 2.5 5.0,3,1.0,0.5 0.5 62.6026751573 55.8 1.0 2.5 5.0
1.0 1.0 58.9723579866 54.0 1.0 1.5 5.0,0,1.0,1.0 1.0 58.9723579866 54.4 1.0 2.0 5.0
1.0 1.0 58.9723579866 54.4 1.0 2.0 5.0,0,1.0,0.5 0.5 91.1204335988 83.0 1.0 2.5 5.0
0.5 0.5 91.1204335988 83.0 1.0 2.5 5.0,3,1.0,0.5 0.5 51.5452547206 57.4 1.0 2.5 5.0
0.5 0.5 51.5452547206 57.4 1.0 2.5 5.0,3,1.0,0.5 0.5 55.7412075789 73.2 1.0 2.5 5.0
0.5 0.5 55.7412075789 73.2 1.0 2.5 5.0,3,1.0,0.5 0.5 55.2486796841 54.6 1.0 2.5 5.0
0.5 0.5 55.2486796841 54.6 1.0 2.5 5.0,3,1.0,0.5 0.5 119.976048331 74.8 1.0 2.5 5.0
0.5 0.5 119.976048331 74.8 1.0 2.5 5.0,3,1.0,0.5 0.5 75.7470992493 116.0 1.0 2.5 5.0
0.5 0.5 75.7470992493 116.0 1.0 2.5 5.0,0,-1.0,0.0 0.0 250.0 150.0 0.0 3.0 5.0
0.0 0.0 250.0 150.0 0.0 3.0 5.0,1,1.0,0.5 0.5 85.7157231943 67.4 1.0 2.5 5.0
0.5 0.5 85.7157231943 67.4 1.0 2.5 5.0,3,1.0,0.5 0.5 36.9381900421 40.6 1.0 2.5 5.0
0.5 0.5 36.9381900421 40.6 1.0 2.5 5.0,3,1.0,0.5 0.5 75.0200189678 72.6 1.0 2.5 5.0
0.5 0.5 75.0200189678 72.6 1.0 2.5 5.0,3,1.0,0.5 0.5 60.7024831579 90.8 1.0 2.5 5.0
0.5 0.5 60.7024831579 90.8 1.0 2.5 5.0,3,1.0,0.5 0.5 72.8256802685 89.2 1.0 2.5 5.0
0.5 0.5 72.8256802685 89.2 1.0 2.5 5.0,3,1.0,0.5 0.5 73.2738099249 68.2 1.0 2.5 5.0
0.5 0.5 73.2738099249 68.2 1.0 2.5 5.0,4,-1.0,0.5 0.5 50.1325426507 42.75 0.8 2.5 4.0
0.0 0.0 250.0 150.0 0.0 4.0 4.0,1,-1.0,0.0 0.0 250.0 150.0 0.0 3.5 4.0
0.0 0.0 250.0 150.0 0.0 3.5 4.0,1,-1.0,0.0 0.0 250.0 150.0 0.0 3.0 4.0
0.0 0.0 250.0 150.0 0.0 3.0 4.0,1,1.0,0.5 0.5 48.0021441953 43.5 0.8 2.5 4.0
0.5 0.5 48.0021441953 43.5 0.8 2.5 4.0,3,1.0,0.5 0.5 68.3246528269 51.6 1.0 2.5 5.0
0.5 0.5 68.3246528269 51.6 1.0 2.5 5.0,3,1.0,0.5 0.5 84.8071979011 83.0 1.0 2.5 5.0
0.5 0.5 84.8071979011 83.0 1.0 2.5 5.0,3,1.0,0.5 0.5 75.0854676852 71.6 1.0 2.5 5.0
0.5 0.5 75.0854676852 71.6 1.0 2.5 5.0,3,1.0,0.5 0.5 66.7571098698 181.0 1.0 2.5 5.0
0.5 0.5 66.7571098698 181.0 1.0 2.5 5.0,3,1.0,0.5 0.5 58.6522908125 56.8 1.0 2.5 5.0
0.5 0.5 58.6522908125 56.8 1.0 2.5 5.0,3,1.0,0.5 0.5 98.9515260717 100.0 1.0 2.5 5.0
0.5 0.5 98.9515260717 100.0 1.0 2.5 5.0,3,1.0,0.5 0.5 78.1140977349 86.8 1.0 2.5 5.0
0.5 0.5 78.1140977349 86.8 1.0 2.5 5.0,3,1.0,0.5 0.5 50.665142788 41.4 1.0 2.5 5.0
0.5 0.5 50.665142788 41.4 1.0 2.5 5.0,3,1.0,0.5 0.5 80.2541886358 84.6 1.0 2.5 5.0
0.5 0.5 80.2541886358 84.6 1.0 2.5 5.0,3,1.0,0.5 0.5 60.7878798126 73.6 1.0 2.5 5.0
0.5 0.5 60.7878798126 73.6 1.0 2.5 5.0,3,1.0,0.5 0.5 49.0026612152 70.0 1.0 2.5 5.0
0.5 0.5 49.0026612152 70.0 1.0 2.5 5.0,3,1.0,0.5 0.5 100.830347506 80.6 1.0 2.5 5.0
1.0 1.0 45.0567304034 39.5 0.8 2.0 4.0,3,1.0,1.0 1.0 71.0248178874 66.6 1.0 2.0 5.0
1.0 1.0 71.0248178874 66.6 1.0 2.0 5.0,0,1.0,0.5 0.5 64.2928273035 70.4 1.0 2.5 5.0
0.5 0.5 64.2928273035 70.4 1.0 2.5 5.0,3,1.0,0.5 0.5 66.6976366013 68.6 1.0 2.5 5.0
0.5 0.5 66.6976366013 68.6 1.0 2.5 5.0,3,1.0,0.5 0.5 57.2438987335 45.6 1.0 2.5 5.0
0.5 0.5 57.2438987335 45.6 1.0 2.5 5.0,3,1.0,0.5 0.5 58.0107138162 58.4 1.0 2.5 5.0
0.5 0.5 58.0107138162 58.4 1.0 2.5 5.0,3,1.0,0.5 0.5 71.7311847331 73.2 1.0 2.5 5.0
0.5 0.5 71.7311847331 73.2 1.0 2.5 5.0,3,1.0,0.5 0.5 62.7794941354 72.0 1.0 2.5 5.0
0.5 0.5 62.7794941354 72.0 1.0 2.5 5.0,1,-1.0,1.0 1.0 58.9723579866 54.8 1.0 2.0 5.0
1.0 1.0 58.9723579866 54.8 1.0 2.0 5.0,0,1.0,0.5 0.5 55.4262831193 45.6 1.0 2.5 5.0
0.5 0.5 55.4262831193 45.6 1.0 2.5 5.0,3,1.0,0.5 0.5 77.0330364924 89.4 1.0 2.5 5.0
0.5 0.5 77.0330364924 89.4 1.0 2.5 5.0,3,1.0,0.5 0.5 46.6844850261 57.6 1.0 2.5 5.0
0.5 0.5 46.6844850261 57.6 1.0 2.5 5.0,3,1.0,0.5 0.5 93.2189568141 85.2 1.0 2.5 5.0
0.5 0.5 93.2189568141 85.2 1.0 2.5 5.0,3,1.0,0.5 0.5 70.6205044339 70.4 1.0 2.5 5.0
0.5 0.5 70.6205044339 70.4 1.0 2.5 5.0,3,1.0,0.5 0.5 57.6534889819 54.0 1.0 2.5 5.0
0.5 0.5 57.6534889819 54.0 1.0 2.5 5.0,3,1.0,0.5 0.5 83.272276156 88.2 1.0 2.5 5.0
1.0 1.0 56.1372160617 51.4 1.0 1.5 5.0,0,1.0,1.0 1.0 58.9723579866 54.8 1.0 2.0 5.0
1.0 1.0 58.9723579866 54.8 1.0 2.0 5.0,0,1.0,0.5 0.5 84.1211216524 96.0 1.0 2.5 5.0
0.5 0.5 84.1211216524 96.0 1.0 2.5 5.0,3,1.0,0.5 0.5 93.1123457815 99.8 1.0 2.5 5.0
0.5 0.5 93.1123457815 99.8 1.0 2.5 5.0,3,1.0,0.5 0.5 46.6282298805 56.4 1.0 2.5 5.0
0.5 0.5 46.6282298805 56.4 1.0 2.5 5.0,3,1.0,0.5 0.5 66.8371202889 99.0 1.0 2.5 5.0
0.5 0.5 66.8371202889 99.0 1.0 2.5 5.0,3,1.0,0.5 0.5 62.1094336787 76.6 1.0 2.5 5.0
0.5 0.5 62.1094336787 76.6 1.0 2.5 5.0,3,1.0,0.5 0.5 88.4544706641 87.8 1.0 2.5 5.0
0.5 0.5 88.4544706641 87.8 1.0 2.5 5.0,3,1.0,0.5 0.5 119.272502247 77.6 1.0 2.5 5.0
0.5 0.5 119.272502247 77.6 1.0 2.5 5.0,3,1.0,0.5 0.5 88.4984709296 65.8 1.0 2.5 5.0
0.5 0.5 88.4984709296 65.8 1.0 2.5 5.0,3,1.0,0.5 0.5 94.0732046298 96.4 1.0 2.5 5.0
0.5 0.5 94.0732046298 96.4 1.0 2.5 5.0,3,1.0,0.5 0.5 83.2971552625 84.0 1.0 2.5 5.0
0.5 0.5 83.2971552625 84.0 1.0 2.5 5.0,3,1.0,0.5 0.5 74.8600616967 123.4 1.0 2.5 5.0
0.5 0.5 74.8600616967 123.4 1.0 2.5 5.0,3,1.0,0.5 0.5 65.2501937601 69.2 1.0 2.5 5.0
0.5 0.5 65.2501937601 69.2 1.0 2.5 5.0,3,1.0,0.5 0.5 72.4943514308 71.0 1.0 2.5 5.0
0.5 0.5 72.4943514308 71.0 1.0 2.5 5.0,3,1.0,0.5 0.5 65.7204767592 92.6 1.0 2.5 5.0
0.0 0.0 250.0 150.0 0.0 3.0 5.0,1,1.0,0.5 0.5 95.7264010888 64.0 1.0 2.5 5.0
0.5 0.5 95.7264010888 64.0 1.0 2.5 5.0,3,1.0,0.5 0.5 55.7192013683 58.6 1.0 2.5 5.0
0.5 0.5 55.7192013683 58.6 1.0 2.5 5.0,3,1.0,0.5 0.5 83.472055255 145.0 1.0 2.5 5.0
0.5 0.5 83.472055255 145.0 1.0 2.5 5.0,3,1.0,0.5 0.5 52.364435152 45.6 1.0 2.5 5.0
0.5 0.5 52.364435152 45.6 1.0 2.5 5.0,3,1.0,0.5 0.5 53.1312502348 113.2 1.0 2.5 5.0
0.5 0.5 53.1312502348 113.2 1.0 2.5 5.0,3,1.0,0.5 0.5 103.310714987 99.2 1.0 2.5 5.0
0.5 0.5 103.310714987 99.2 1.0 2.5 5.0,3,1.0,0.5 0.5 72.6033346563 52.2 1.0 2.5 5.0
0.5 0.5 72.6033346563 52.2 1.0 2.5 5.0,3,1.0,0.5 0.5 72.4943514308 71.2 1.0 2.5 5.0
0.5 0.5 72.4943514308 71.2 1.0 2.5 5.0,3,1.0,0.5 0.5 108.110632921 99.2 1.0 2.5 5.0
0.5 0.5 108.110632921 99.2 1.0 2.5 5.0,3,1.0,0.5 0.5 50.665142788 43.6 1.0 2.5 5.0
0.5 0.5 50.665142788 43.6 1.0 2.5 5.0,3,1.0,0.5 0.5 68.4080025976 69.4 1.0 2.5 5.0
0.5 0.5 68.4080025976 69.4 1.0 2.5 5.0,3,1.0,0.5 0.5 86.6457174035 86.4 1.0 2.5 5.0
0.5 0.5 86.6457174035 86.4 1.0 2.5 5.0,2,1.0,0.5 0.5 55.4262831193 45.6 1.0 2.5 5.0
0.5 0.5 55.4262831193 45.6 1.0 2.5 5.0,3,1.0,0.5 0.5 71.1754824261 68.2 1.0 2.5 5.0
0.5 0.5 71.1754824261 68.2 1.0 2.5 5.0,3,1.0,0.5 0.5 85.4763784991 94.8 1.0 2.5 5.0
0.0 0.0 250.0 150.0 0.0 3.5 2.0,1,-1.0,0.0 0.0 250.0 150.0 0.0 3.0 2.0
0.0 0.0 250.0 150.0 0.0 3.0 2.0,1,1.0,0.5 0.5 44.9316571547 34.5 0.4 2.5 2.0
0.5 0.5 44.9316571547 34.5 0.4 2.5 2.0,3,1.0,0.5 0.5 91.6306221133 56.6666666667 0.6 2.5 3.0
0.5 0.5 91.6306221133 56.6666666667 0.6 2.5 3.0,3,1.0,0.5 0.5 88.9129767179 99.5 0.8 2.5 4.0
0.5 0.5 88.9129767179 99.5 0.8 2.5 4.0,3,1.0,0.5 0.5 101.644685603 109.0 1.0 2.5 5.0
0.5 0.5 101.644685603 109.0 1.0 2.5 5.0,3,1.0,0.5 0.5 93.2596112609 68.4 1.0 2.5 5.0
0.5 0.5 93.2596112609 68.4 1.0 2.5 5.0,3,1.0,0.5 0.5 81.8942597285 65.8 1.0 2.5 5.0
0.5 0.5 81.8942597285 65.8 1.0 2.5 5.0,3,1.0,0.5 0.5 59.1574913762 73.4 1.0 2.5 5.0
0.5 0.5 59.1574913762 73.4 1.0 2.5 5.0,3,1.0,0.5 0.5 90.3790783622 71.2 1.0 2.5 5.0
0.5 0.5 90.3790783622 71.2 1.0 2.5 5.0,3,1.0,0.5 0.5 53.732406764 54.6 1.0 2.5 5.0
0.5 0.5 53.732406764 54.6 1.0 2.5 5.0,3,1.0,0.5 0.5 91.4602728579 84.0 1.0 2.5 5.0
0.5 0.5 91.4602728579 84.0 1.0 2.5 5.0,3,1.0,0.5 0.5 97.375042169 63.4 1.0 2.5 5.0
0.5 0.5 97.375042169 63.4 1.0 2.5 5.0,3,1.0,0.5 0.5 62.3958548835 101.0 1.0 2.5 5.0
0.5 0.5 62.3958548835 101.0 1.0 2.5 5.0,3,1.0,0.5 0.5 77.7982282391 111.0 1.0 2.5 5.0
0.5 0.5 77.7982282391 111.0 1.0 2.5 5.0,3,1.0,0.5 0.5 58.9723579866 57.4 1.0 2.5 5.0
1.0 1.0 45.0567304034 39.5 0.8 1.5 4.0,0,1.0,1.0 1.0 45.0567304034 39.75 0.8 2.0 4.0
1.0 1.0 45.0567304034 39.75 0.8 2.0 4.0,3,1.0,1.0 1.0 58.9723579866 54.2 1.0 2.0 5.0
1.0 1.0 58.9723579866 54.2 1.0 2.0 5.0,0,1.0,0.5 0.5 109.709385805 101.2 1.0 2.5 5.0
0.5 0.5 109.709385805 101.2 1.0 2.5 5.0,3,1.0,0.5 0.5 87.5857295707 82.8 1.0 2.5 5.0
0.5 0.5 87.5857295707 82.8 1.0 2.5 5.0,3,1.0,0.5 0.5 73.0857931581 54.2 1.0 2.5 5.0
0.5 0.5 73.0857931581 54.2 1.0 2.5 5.0,3,1.0,0.5 0.5 80.6394114356 85.4 1.0 2.5 5.0
0.5 0.5 80.6394114356 85.4 1.0 2.5 5.0,3,1.0,0.5 0.5 66.0031932999 71.2 1.0 2.5 5.0
0.5 0.5 66.0031932999 71.2 1.0 2.5 5.0,3,1.0,0.5 0.5 63.5959203822 52.2 1.0 2.5 5.0
0.5 0.5 63.5959203822 52.2 1.0 2.5 5.0,3,1.0,0.5 0.5 71.3457349734 76.2 1.0 2.5 5.0
0.5 0.5 71.3457349734 76.2 1.0 2.5 5.0,3,1.0,0.5 0.5 67.7283141934 114.0 1.0 2.5 5.0
0.5 0.5 67.7283141934 114.0 1.0 2.5 5.0,3,1.0,0.5 0.5 80.1284032036 84.8 1.0 2.5 5.0
0.5 0.5 80.1284032036 84.8 1.0 2.5 5.0,3,1.0,0.5 0.5 61.3286890201 59.2 1.0 2.5 5.0
0.5 0.5 61.3286890201 59.2 1.0 2.5 5.0,3,1.0,0.5 0.5 47.4899979709 43.2 1.0 2.5 5.0
0.5 0.5 47.4899979709 43.2 1.0 2.5 5.0,3,1.0,0.5 0.5 59.6411022527 58.8 1.0 2.5 5.0
0.5 0.5 59.6411022527 58.8 1.0 2.5 5.0,3,1.0,0.5 0.5 67.1236915146 74.8 1.0 2.5 5.0
1.0 1.0 58.9723579866 54.2 1.0 1.0 5.0,0,1.0,1.0 1.0 56.1372160617 51.6 1.0 1.5 5.0
1.0 1.0 56.1372160617 51.6 1.0 1.5 5.0,0,1.0,1.0 1.0 58.9723579866 54.8 1.0 2.0 5.0
1.0 1.0 58.9723579866 54.8 1.0 2.0 5.0,0,1.0,0.5 0.5 69.6592095059 68.4 1.0 2.5 5.0
0.5 0.5 69.6592095059 68.4 1.0 2.5 5.0,3,1.0,0.5 0.5 79.0687937519 54.6 1.0 2.5 5.0
0.5 0.5 79.0687937519 54.6 1.0 2.5 5.0,3,1.0,0.5 0.5 61.7141387797 57.0 1.0 2.5 5.0
0.5 0.5 61.7141387797 57.0 1.0 2.5 5.0,2,1.0,0.5 0.5 81.1341550259 65.6 1.0 2.5 5.0
0.5 0.5 81.1341550259 65.6 1.0 2.5 5.0,3,1.0,0.5 0.5 73.1630956969 72.6 1.0 2.5 5.0
0.5 0.5 73.1630956969 72.6 1.0 2.5 5.0,3,1.0,0.5 0.5 87.706249085 87.8 1.0 2.5 5.0
0.5 0.5 87.706249085 87.8 1.0 2.5 5.0,3,1.0,0.5 0.5 91.9337106964 82.8 1.0 2.5 5.0
0.5 0.5 91.9337106964 82.8 1.0 2.5 5.0,3,1.0,0.5 0.5 73.2365242949 53.6 1.0 2.5 5.0
0.5 0.5 73.2365242949 53.6 1.0 2.5 5.0,3,1.0,0.5 0.5 47.4899979709 41.8 1.0 2.5 5.0
0.5 0.5 47.4899979709 41.8 1.0 2.5 5.0,3,1.0,0.5 0.5 53.1756431571 57.4 1.0 2.5 5.0
0.5 0.5 53.1756431571 57.4 1.0 2.5 5.0,2,1.0,0.5 0.5 75.609195408 100.2 1.0 2.5 5.0
0.5 0.5 75.609195408 100.2 1.0 2.5 5.0,3,1.0,0.5 0.5 94.3381909843 101.0 1.0 2.5 5.0
0.5 0.5 94.3381909843 101.0 1.0 2.5 5.0,3,1.0,0.5 0.5 137.18618601 95.4 1.0 2.5 5.0
0.5 0.5 63.6014769879 59.4 1.0 2.5 5.0,3,1.0,0.5 0.5 69.6592095059 68.2 1.0 2.5 5.0
0.5 0.5 69.6592095059 68.2 1.0 2.5 5.0,3,1.0,0.5 0.5 47.5599477451 111.6 1.0 2.5 5.0
0.5 0.5 47.5599477451 111.6 1.0 2.5 5.0,3,1.0,0.5 0.5 82.3902366684 69.0 1.0 2.5 5.0
0.5 0.5 82.3902366684 69.0 1.0 2.5 5.0,3,1.0,0.5 0.5 62.8232937601 71.4 1.0 2.5 5.0
0.5 0.5 62.8232937601 71.4 1.0 2.5 5.0,3,1.0,0.5 0.5 50.6888796784 56.8 1.0 2.5 5.0
0.5 0.5 50.6888796784 56.8 1.0 2.5 5.0,3,1.0,0.5 0.5 71.3457349734 76.8 1.0 2.5 5.0
0.5 0.5 71.3457349734 76.8 1.0 2.5 5.0,3,1.0,0.5 0.5 60.0934365112 74.0 1.0 2.5 5.0
0.5 0.5 60.0934365112 74.0 1.0 2.5 5.0,3,1.0,0.5 0.5 56.1372160617 54.4 1.0 2.5 5.0
0.5 0.5 56.1372160617 54.4 1.0 2.5 5.0,3,1.0,0.5 0.5 69.3263754353 70.4 1.0 2.5 5.0
0.5 0.5 69.3263754353 70.4 1.0 2.5 5.0,3,1.0,0.5 0.5 74.9960810851 73.8 1.0 2.5 5.0
0.5 0.5 74.9960810851 73.8 1.0 2.5 5.0,3,1.0,0.5 0.5 49.1404454228 56.8 1.0 2.5 5.0
0.5 0.5 49.1404454228 56.8 1.0 2.5 5.0,3,1.0,0.5 0.5 53.8577016378 104.4 1.0 2.5 5.0
0.5 0.5 53.8577016378 104.4 1.0 2.5 5.0,3,1.0,0.5 0.5 64.1189480775 55.6 1.0 2.5 5.0
0.5 0.5 64.1189480775 55.6 1.0 2.5 5.0,3,1.0,0.5 0.5 78.9598105264 73.6 1.0 2.5 5.0
0.5 0.5 78.9598105264 73.6 1.0 2.5 5.0,3,1.0,0.5 0.5 61.594177554 71.0 1.0 2.5 5.0
0.0 0.0 250.0 150.0 0.0 4.0 4.0,3,-1.0,0.0 0.0 250.0 150.0 0.0 4.0 5.0
0.0 0.0 250.0 150.0 0.0 4.0 5.0,1,-1.0,0.0 0.0 250.0 150.0 0.0 3.5 5.0
0.0 0.0 250.0 150.0 0.0 3.5 5.0,1,-1.0,0.0 0.0 250.0 150.0 0.0 3.0 5.0
0.0 0.0 250.0 150.0 0.0 3.0 5.0,1,1.0,0.5 0.5 46.6282298805 56.6 1.0 2.5 5.0
0.5 0.5 46.6282298805 56.6 1.0 2.5 5.0,3,1.0,0.5 0.5 87.6812919018 111.6 1.0 2.5 5.0
0.5 0.5 87.6812919018 111.6 1.0 2.5 5.0,3,1.0,0.5 0.5 77.9242360282 73.8 1.0 2.5 5.0
0.5 0.5 77.9242360282 73.8 1.0 2.5 5.0,3,1.0,0.5 0.5 82.3989018402 93.0 1.0 2.5 5.0
0.5 0.5 82.3989018402 93.0 1.0 2.5 5.0,3,1.0,0.5 0.5 72.1459854828 73.8 1.0 2.5 5.0
0.5 0.5 72.1459854828 73.8 1.0 2.5 5.0,3,1.0,0.5 0.5 82.7827961061 66.2 1.0 2.5 5.0
0.5 0.5 82.7827961061 66.2 1.0 2.5 5.0,3,1.0,0.5 0.5 74.255349947 95.8 1.0 2.5 5.0
0.5 0.5 74.255349947 95.8 1.0 2.5 5.0,3,1.0,0.5 0.5 94.9454698237 82.6 1.0 2.5 5.0
0.5 0.5 94.9454698237 82.6 1.0 2.5 5.0,3,1.0,0.5 0.5 71.6251688447 68.6 1.0 2.5 5.0
0.5 0.5 71.6251688447 68.6 1.0 2.5 5.0,3,1.0,0.5 0.5 108.610299883 99.4 1.0 2.5 5.0
0.5 0.5 108.610299883 99.4 1.0 2.5 5.0,3,1.0,0.5 0.5 97.0701492 61.4 1.0 2.5 5.0
0.5 0.5 97.0701492 61.4 1.0 2.5 5.0,3,1.0,0.5 0.5 64.1797853444 74.2 1.0 2.5 5.0
1.0 1.0 57.132373005 24.0 0.2 1.0 1.0,3,1.0,1.0 1.0 44.9316571547 34.5 0.4 1.0 2.0
1.0 1.0 44.9316571547 34.5 0.4 1.0 2.0,0,1.0,1.0 1.0 44.9316571547 34.0 0.4 1.5 2.0
1.0 1.0 44.9316571547 34.0 0.4 1.5 2.0,3,1.0,1.0 1.0 44.4039619884 38.0 0.6 1.5 3.0
1.0 1.0 44.4039619884 38.0 0.6 1.5 3.0,3,1.0,1.0 1.0 63.6389073477 53.5 0.8 1.5 4.0
1.0 1.0 63.6389073477 53.5 0.8 1.5 4.0,0,1.0,1.0 1.0 45.0567304034 39.5 0.8 2.0 4.0
1.0 1.0 45.0567304034 39.5 0.8 2.0 4.0,0,1.0,0.5 0.5 91.6717064557 75.0 0.8 2.5 4.0
0.5 0.5 91.6717064557 75.0 0.8 2.5 4.0,3,1.0,0.5 0.5 55.6059045185 59.8 1.0 2.5 5.0
0.5 0.5 55.6059045185 59.8 1.0 2.5 5.0,3,1.0,0.5 0.5 78.1725821212 68.8 1.0 2.5 5.0
0.5 0.5 78.1725821212 68.8 1.0 2.5 5.0,3,1.0,0.5 0.5 74.6551350581 69.4 1.0 2.5 5.0
0.5 0.5 74.6551350581 69.4 1.0 2.5 5.0,3,1.0,0.5 0.5 96.0549090852 85.2 1.0 2.5 5.0
0.5 0.5 96.0549090852 85.2 1.0 2.5 5.0,3,1.0,0.5 0.5 64.2928273035 67.4 1.0 2.5 5.0
0.5 0.5 64.2928273035 67.4 1.0 2.5 5.0,3,1.0,0.5 0.5 64.8321790667 75.0 1.0 2.5 5.0
0.5 0.5 64.8321790667 75.0 1.0 2.5 5.0,3,1.0,0.5 0.5 57.3495898048 59.6 1.0 2.5 5.0
0.5 0.5 57.3495898048 59.6 1.0 2.5 5.0,3,1.0,0.5 0.5 80.4150435288 83.2 1.0 2.5 5.0
0.5 0.5 80.4150435288 83.2 1.0 2.5 5.0,3,1.0,0.5 0.5 81.303334016 70.8 1.0 2.5 5.0
1.0 1.0 58.9723579866 54.6 1.0 1.0 5.0,0,1.0,1.0 1.0 58.9723579866 54.8 1.0 1.5 5.0
1.0 1.0 58.9723579866 54.8 1.0 1.5 5.0,0,1.0,1.0 1.0 58.9723579866 54.2 1.0 2.0 5.0
1.0 1.0 58.9723579866 54.2 1.0 2.0 5.0,0,1.0,0.5 0.5 75.6881799584 86.0 1.0 2.5 5.0
0.5 0.5 75.6881799584 86.0 1.0 2.5 5.0,3,1.0,0.5 0.5 51.5576257499 71.8 1.0 2.5 5.0
0.5 0.5 51.5576257499 71.8 1.0 2.5 5.0,3,1.0,0.5 0.5 83.6198221751 80.4 1.0 2.5 5.0
0.5 0.5 83.6198221751 80.4 1.0 2.5 5.0,3,1.0,0.5 0.5 55.5319741906 56.8 1.0 2.5 5.0
0.5 0.5 55.5319741906 56.8 1.0 2.5 5.0,3,1.0,0.5 0.5 60.6349464124 60.6 1.0 2.5 5.0
0.5 0.5 60.6349464124 60.6 1.0 2.5 5.0,3,1.0,0.5 0.5 63.7334983179 59.8 1.0 2.5 5.0
0.5 0.5 63.7334983179 59.8 1.0 2.5 5.0,3,1.0,0.5 0.5 85.3237187693 84.6 1.0 2.5 5.0
0.5 0.5 85.3237187693 84.6 1.0 2.5 5.0,3,1.0,0.5 0.5 45.9653006058 57.2 1.0 2.5 5.0
0.5 0.5 45.9653006058 57.2 1.0 2.5 5.0,3,1.0,0.5 0.5 82.3902366684 68.8 1.0 2.5 5.0
0.5 0.5 82.3902366684 68.8 1.0 2.5 5.0,3,1.0,0.5 0.5 80.2127201931 65.8 1.0 2.5 5.0
0.5 0.5 80.2127201931 65.8 1.0 2.5 5.0,3,1.0,0.5 0.5 64.8829607391 73.6 1.0 2.5 5.0
0.5 0.5 64.8829607391 73.6 1.0 2.5 5.0,2,1.0,0.5 0.5 80.4371342311 84.4 1.0 2.5 5.0
0.5 0.5 80.4371342311 84.4 1.0 2.5 5.0,3,1.0,0.5 0.5 48.9608240237 43.2 1.0 2.5 5.0
1.0 1.0 58.9723579866 54.6 1.0 1.0 5.0,0,1.0,1.0 1.0 58.9723579866 54.6 1.0 1.5 5.0
1.0 1.0 58.9723579866 54.6 1.0 1.5 5.0,0,1.0,1.0 1.0 58.9723579866 55.0 1.0 2.0 5.0
1.0 1.0 58.9723579866 55.0 1.0 2.0 5.0,0,1.0,0.5 0.5 74.7901119225 52.8 1.0 2.5 5.0
0.5 0.5 74.7901119225 52.8 1.0 2.5 5.0,3,1.0,0.5 0.5 58.6055474877 70.8 1.0 2.5 5.0
0.5 0.5 58.6055474877 70.8 1.0 2.5 5.0,3,1.0,0.5 0.5 51.5452547206 56.0 1.0 2.5 5.0
0.5 0.5 51.5452547206 56.0 1.0 2.5 5.0,3,1.0,0.5 0.5 88.0346728304 115.8 1.0 2.5 5.0
0.5 0.5 88.0346728304 115.8 1.0 2.5 5.0,3,1.0,0.5 0.5 106.423725975 125.4 1.0 2.5 5.0
0.5 0.5 106.423725975 125.4 1.0 2.5 5.0,3,1.0,0.5 0.5 55.2486796841 54.4 1.0 2.5 5.0
0.5 0.5 55.2486796841 54.4 1.0 2.5 5.0,2,1.0,0.5 0.5 74.7901119225 54.6 1.0 2.5 5.0
0.5 0.5 74.7901119225 54.6 1.0 2.5 5.0,3,1.0,0.5 0.5 52.2511383022 45.4 1.0 2.5 5.0
0.5 0.5 52.2511383022 45.4 1.0 2.5 5.0,3,1.0,0.5 0.5 80.005054793 89.2 1.0 2.5 5.0
0.5 0.5 80.005054793 89.2 1.0 2.5 5.0,3,1.0,0.5 0.5 99.3856930689 79.8 1.0 2.5 5.0
0.5 0.5 99.3856930689 79.8 1.0 2.5 5.0,3,1.0,0.5 0.5 69.4290837962 73.0 1.0 2.5 5.0
0.5 0.5 69.4290837962 73.0 1.0 2.5 5.0,3,1.0,0.5 0.5 62.0019805303 71.4 1.0 2.5 5.0
0.5 0.5 62.0019805303 71.4 1.0 2.5 5.0,3,1.0,0.5 0.5 84.2990690262 64.0 1.0 2.5 5.0
1.0 1.0 58.9723579866 54.0 1.0 1.5 5.0,0,1.0,1.0 1.0 58.9723579866 54.4 1.0 2.0 5.0
1.0 1.0 58.9723579866 54.4 1.0 2.0 5.0,0,1.0,0.5 0.5 70.7294621246 52.4 1.0 2.5 5.0
0.5 0.5 70.7294621246 52.4 1.0 2.5 5.0,3,1.0,0.5 0.5 104.266766811 78.8 1.0 2.5 5.0
0.5 0.5 104.266766811 78.8 1.0 2.5 5.0,3,1.0,0.5 0.5 61.8274356296 57.0 1.0 2.5 5.0
0.5 0.5 61.8274356296 57.0 1.0 2.5 5.0,3,1.0,0.5 0.5 108.325888625 106.2 1.0 2.5 5.0
0.5 0.5 108.325888625 106.2 1.0 2.5 5.0,3,1.0,0.5 0.5 71.6213655104 70.6 1.0 2.5 5.0
0.5 0.5 71.6213655104 70.6 1.0 2.5 5.0,3,1.0,0.5 0.5 63.0330077844 58.4 1.0 2.5 5.0
0.5 0.5 63.0330077844 58.4 1.0 2.5 5.0,3,1.0,0.5 0.5 90.9218148392 81.6 1.0 2.5 5.0
0.5 0.5 90.9218148392 81.6 1.0 2.5 5.0,3,1.0,0.5 0.5 63.4155131009 89.4 1.0 2.5 5.0
0.5 0.5 63.4155131009 89.4 1.0 2.5 5.0,3,1.0,0.5 0.5 62.4146293131 57.0 1.0 2.5 5.0
0.5 0.5 62.4146293131 57.0 1.0 2.5 5.0,3,1.0,0.5 0.5 53.732406764 53.0 1.0 2.5 5.0
0.5 0.5 53.732406764 53.0 1.0 2.5 5.0,3,1.0,0.5 0.5 62.7154389768 72.8 1.0 2.5 5.0
0.5 0.5 62.7154389768 72.8 1.0 2.5 5.0,3,1.0,0.5 0.5 52.3594774811 45.6 1.0 2.5 5.0
0.5 0.5 52.3594774811 45.6 1.0 2.5 5.0,3,1.0,0.5 0.5 87.5857295707 84.6 1.0 2.5 5.0
0.5 0.5 87.5857295707 84.6 1.0 2.5 5.0,3,1.0,0.5 0.5 71.1754824261 68.2 1.0 2.5 5.0
1.0 1.0 58.9723579866 54.8 1.0 0.5 5.0,0,1.0,1.0 1.0 58.9723579866 55.0 1.0 1.0 5.0
1.0 1.0 58.9723579866 55.0 1.0 1.0 5.0,0,1.0,1.0 1.0 58.9723579866 54.6 1.0 1.5 5.0
1.0 1.0 58.9723579866 54.6 1.0 1.5 5.0,0,1.0,1.0 1.0 58.9723579866 54.8 1.0 2.0 5.0
1.0 1.0 58.9723579866 54.8 1.0 2.0 5.0,0,1.0,0.5 0.5 77.1889210012 87.0 1.0 2.5 5.0
0.5 0.5 77.1889210012 87.0 1.0 2.5 5.0,3,1.0,0.5 0.5 74.2280224713 113.2 1.0 2.5 5.0
0.5 0.5 74.2280224713 113.2 1.0 2.5 5.0,3,1.0,0.5 0.5 54.0637962455 45.4 1.0 2.5 5.0
0.5 0.5 54.0637962455 45.4 1.0 2.5 5.0,3,1.0,0.5 0.5 84.0206251048 68.8 1.0 2.5 5.0
0.5 0.5 84.0206251048 68.8 1.0 2.5 5.0,3,1.0,0.5 0.5 69.6592095059 68.2 1.0 2.5 5.0
0.5 0.5 69.6592095059 68.2 1.0 2.5 5.0,3,1.0,0.5 0.5 80.9076778943 150.4 1.0 2.5 5.0
0.5 0.5 80.9076778943 150.4 1.0 2.5 5.0,3,1.0,0.5 0.5 80.6179452887 89.0 1.0 2.5 5.0
0.5 0.5 80.6179452887 89.0 1.0 2.5 5.0,3,1.0,0.5 0.5 62.2886208555 73.2 1.0 2.5 5.0
0.5 0.5 62.2886208555 73.2 1.0 2.5 5.0,3,1.0,0.5 0.5 55.78077939 101.6 1.0 2.5 5.0
0.5 0.5 55.78077939 101.6 1.0 2.5 5.0,3,1.0,0.5 0.5 55.5319741906 58.0 1.0 2.5 5.0
0.5 0.5 55.5319741906 58.0 1.0 2.5 5.0,3,1.0,0.5 0.5 73.7004789831 104.8 1.0 2.5 5.0
0.5 0.5 73.7004789831 104.8 1.0 2.5 5.0,3,1.0,0.5 0.5 103.654587177 83.6 1.0 2.5 5.0
1.0 1.0 44.9316571547 34.0 0.4 1.5 2.0,0,1.0,1.0 1.0 44.9316571547 34.5 0.4 2.0 2.0
1.0 1.0 44.9316571547 34.5 0.4 2.0 2.0,3,1.0,1.0 1.0 44.4039619884 38.0 0.6 2.0 3.0
1.0 1.0 44.4039619884 38.0 0.6 2.0 3.0,3,1.0,1.0 1.0 49.821829825 57.0 0.8 2.0 4.0
1.0 1.0 49.821829825 57.0 0.8 2.0 4.0,0,1.0,0.5 0.5 50.274163713 42.5 0.8 2.5 4.0
0.5 0.5 50.274163713 42.5 0.8 2.5 4.0,3,1.0,0.5 0.5 79.1669335335 84.4 1.0 2.5 5.0
0.5 0.5 79.1669335335 84.4 1.0 2.5 5.0,3,1.0,0.5 0.5 82.0797087262 90.0 1.0 2.5 5.0
0.5 0.5 82.0797087262 90.0 1.0 2.5 5.0,4,-1.0,0.5 0.5 51.5660146007 60.0 0.8 2.5 4.0
0.5 0.5 51.5660146007 60.0 0.8 2.5 4.0,3,1.0,0.5 0.5 60.2753085493 69.6 1.0 2.5 5.0
0.5 0.5 60.2753085493 69.6 1.0 2.5 5.0,3,1.0,0.5 0.5 50.7708338593 57.4 1.0 2.5 5.0
0.5 0.5 50.7708338593 57.4 1.0 2.5 5.0,3,1.0,0.5 0.5 90.4893076386 86.4 1.0 2.5 5.0
0.5 0.5 90.4893076386 86.4 1.0 2.5 5.0,3,1.0,0.5 0.5 66.5845946422 71.8 1.0 2.5 5.0
0.5 0.5 66.5845946422 71.8 1.0 2.5 5.0,3,1.0,0.5 0.5 69.6592095059 66.8 1.0 2.5 5.0
0.5 0.5 69.6592095059 66.8 1.0 2.5 5.0,3,1.0,0.5 0.5 76.7776945309 99.2 1.0 2.5 5.0
0.5 0.5 76.7776945309 99.2 1.0 2.5 5.0,3,1.0,0.5 0.5 60.1218204079 71.2 1.0 2.5 5.0
0.5 0.5 60.1218204079 71.2 1.0 2.5 5.0,2,1.0,0.5 0.5 106.905059564 95.4 1.0 2.5 5.0
1.0 1.0 44.9316571547 34.5 0.4 1.5 2.0,3,1.0,1.0 1.0 44.4039619884 38.0 0.6 1.5 3.0
1.0 1.0 44.4039619884 38.0 0.6 1.5 3.0,0,1.0,1.0 1.0 44.4039619884 38.0 0.6 2.0 3.0
1.0 1.0 44.4039619884 38.0 0.6 2.0 3.0,3,1.0,1.0 1.0 45.0567304034 39.5 0.8 2.0 4.0
1.0 1.0 45.0567304034 39.5 0.8 2.0 4.0,0,1.0,0.5 0.5 102.34381926 71.0 0.8 2.5 4.0
0.5 0.5 102.34381926 71.0 0.8 2.5 4.0,3,1.0,0.5 0.5 101.42653211 111.4 1.0 2.5 5.0
0.5 0.5 101.42653211 111.4 1.0 2.5 5.0,3,1.0,0.5 0.5 64.9590061909 58.2 1.0 2.5 5.0
0.5 0.5 64.9590061909 58.2 1.0 2.5 5.0,3,1.0,0.5 0.5 50.6888796784 60.0 1.0 2.5 5.0
0.5 0.5 50.6888796784 60.0 1.0 2.5 5.0,3,1.0,0.5 0.5 70.6205044339 70.4 1.0 2.5 5.0
0.5 0.5 70.6205044339 70.4 1.0 2.5 5.0,3,1.0,0.5 0.5 110.752369506 76.2 1.0 2.5 5.0
0.5 0.5 110.752369506 76.2 1.0 2.5 5.0,3,1.0,0.5 0.5 70.8170599391 54.4 1.0 2.5 5.0
0.5 0.5 70.8170599391 54.4 1.0 2.5 5.0,3,1.0,0.5 0.5 84.8871989611 106.4 1.0 2.5 5.0
0.5 0.5 84.8871989611 106.4 1.0 2.5 5.0,3,1.0,0.5 0.5 61.3446434195 71.2 1.0 2.5 5.0
0.5 0.5 61.3446434195 71.2 1.0 2.5 5.0,2,1.0,0.5 0.5 65.2501937601 69.4 1.0 2.5 5.0
0.5 0.5 65.2501937601 69.4 1.0 2.5 5.0,3,1.0,0.5 0.5 66.2018297439 76.2 1.0 2.5 5.0
0.5 0.5 66.2018297439 76.2 1.0 2.5 5.0,3,1.0,0.5 0.5 94.5378258188 86.8 1.0 2.5 5.0
0.0 0.0 250.0 150.0 0.0 4.0 1.0,1,-1.0,0.0 0.0 250.0 150.0 0.0 3.5 1.0
0.0 0.0 250.0 150.0 0.0 3.5 1.0,1,-1.0,0.0 0.0 250.0 150.0 0.0 3.0 1.0
0.0 0.0 250.0 150.0 0.0 3.0 1.0,1,1.0,0.5 0.5 57.132373005 24.0 0.2 2.5 1.0
0.5 0.5 57.132373005 24.0 0.2 2.5 1.0,3,1.0,0.5 0.5 50.8794328107 41.0 0.4 2.5 2.0
0.5 0.5 50.8794328107 41.0 0.4 2.5 2.0,3,1.0,0.5 0.5 126.8253095 80.0 0.6 2.5 3.0
0.5 0.5 126.8253095 80.0 0.6 2.5 3.0,3,1.0,0.5 0.5 75.3576938367 54.0 0.8 2.5 4.0
0.5 0.5 75.3576938367 54.0 0.8 2.5 4.0,3,1.0,0.5 0.5 84.7823187946 88.0 1.0 2.5 5.0
0.5 0.5 84.7823187946 88.0 1.0 2.5 5.0,3,1.0,0.5 0.5 54.0687539164 45.4 1.0 2.5 5.0
0.5 0.5 54.0687539164 45.4 1.0 2.5 5.0,3,1.0,0.5 0.5 80.5296486209 82.4 1.0 2.5 5.0
0.5 0.5 80.5296486209 82.4 1.0 2.5 5.0,3,1.0,0.5 0.5 87.4115682773 68.0 1.0 2.5 5.0
0.5 0.5 87.4115682773 68.0 1.0 2.5 5.0,3,1.0,0.5 0.5 47.7493084051 74.2 1.0 2.5 5.0
0.5 0.5 47.7493084051 74.2 1.0 2.5 5.0,3,1.0,0.5 0.5 68.3246528269 52.2 1.0 2.5 5.0
0.5 0.5 68.3246528269 52.2 1.0 2.5 5.0,3,1.0,0.5 0.5 67.9074449656 63.0 1.0 2.5 5.0
0.5 0.5 67.9074449656 63.0 1.0 2.5 5.0,3,1.0,0.5 0.5 50.6888796784 58.6 1.0 2.5 5.0
0.5 0.5 50.6888796784 58.6 1.0 2.5 5.0,3,1.0,0.5 0.5 63.9186317074 76.8 1.0 2.5 5.0
0.0 0.0 250.0 150.0 0.0 3.0 5.0,1,1.0,0.5 0.5 43.5310462793 43.8 1.0 2.5 5.0
0.5 0.5 43.5310462793 43.8 1.0 2.5 5.0,3,1.0,0.5 0.5 73.2365242949 54.2 1.0 2.5 5.0
0.5 0.5 73.2365242949 54.2 1.0 2.5 5.0,3,1.0,0.5 0.5 76.7799429919 81.4 1.0 2.5 5.0
0.5 0.5 76.7799429919 81.4 1.0 2.5 5.0,3,1.0,0.5 0.5 65.0672481648 68.2 1.0 2.5 5.0
0.5 0.5 65.0672481648 68.2 1.0 2.5 5.0,3,1.0,0.5 0.5 87.9894655148 87.2 1.0 2.5 5.0
0.5 0.5 87.9894655148 87.2 1.0 2.5 5.0,3,1.0,0.5 0.5 58.6055474877 71.2 1.0 2.5 5.0
0.5 0.5 58.6055474877 71.2 1.0 2.5 5.0,3,1.0,0.5 0.5 72.6033346563 52.0 1.0 2.5 5.0
0.5 0.5 72.6033346563 52.0 1.0 2.5 5.0,3,1.0,0.5 0.5 84.0206251048 69.0 1.0 2.5 5.0
0.5 0.5 84.0206251048 69.0 1.0 2.5 5.0,3,1.0,0.5 0.5 97.9952055809 79.4 1.0 2.5 5.0
0.5 0.5 97.9952055809 79.4 1.0 2.5 5.0,1,-1.0,1.0 1.0 58.9723579866 54.6 1.0 2.0 5.0
1.0 1.0 58.9723579866 54.6 1.0 2.0 5.0,0,1.0,0.5 0.5 68.714830838 96.2 1.0 2.5 5.0
0.5 0.5 68.714830838 96.2 1.0 2.5 5.0,3,1.0,0.5 0.5 75.9958688257 85.8 1.0 2.5 5.0
0.5 0.5 75.9958688257 85.8 1.0 2.5 5.0,3,1.0,0.5 0.5 62.3168866246 99.2 1.0 2.5 5.0
0.5 0.5 62.3168866246 99.2 1.0 2.5 5.0,3,1.0,0.5 0.5 72.4686523955 73.6 1.0 2.5 5.0
0.5 0.5 72.4686523955 73.6 1.0 2.5 5.0,3,1.0,0.5 0.5 49.1404454228 57.2 1.0 2.5 5.0
1.0 1.0 44.4039619884 37.6666666667 0.6 1.5 3.0,0,1.0,1.0 1.0 44.4039619884 38.0 0.6 2.0 3.0
1.0 1.0 44.4039619884 38.0 0.6 2.0 3.0,3,1.0,1.0 1.0 63.6389073477 53.75 0.8 2.0 4.0
1.0 1.0 63.6389073477 53.75 0.8 2.0 4.0,0,1.0,0.5 0.5 50.274163713 42.75 0.8 2.5 4.0
0.5 0.5 50.274163713 42.75 0.8 2.5 4.0,3,1.0,0.5 0.5 53.1756431571 56.6 1.0 2.5 5.0
0.5 0.5 53.1756431571 56.6 1.0 2.5 5.0,3,1.0,0.5 0.5 77.3644749876 53.2 1.0 2.5 5.0
0.5 0.5 77.3644749876 53.2 1.0 2.5 5.0,3,1.0,0.5 0.5 73.9834981629 68.8 1.0 2.5 5.0
0.5 0.5 73.9834981629 68.8 1.0 2.5 5.0,3,1.0,0.5 0.5 72.2643891508 87.8 1.0 2.5 5.0
0.5 0.5 72.2643891508 87.8 1.0 2.5 5.0,3,1.0,0.5 0.5 59.949295599 70.8 1.0 2.5 5.0
0.5 0.5 59.949295599 70.8 1.0 2.5 5.0,3,1.0,0.5 0.5 70.7294621246 51.0 1.0 2.5 5.0
0.5 0.5 70.7294621246 51.0 1.0 2.5 5.0,3,1.0,0.5 0.5 89.0602093575 68.0 1.0 2.5 5.0
0.5 0.5 89.0602093575 68.0 1.0 2.5 5.0,3,1.0,0.5 0.5 74.9034087723 55.0 1.0 2.5 5.0
0.5 0.5 74.9034087723 55.0 1.0 2.5 5.0,3,1.0,0.5 0.5 62.0019805303 71.4 1.0 2.5 5.0
0.5 0.5 62.0019805303 71.4 1.0 2.5 5.0,3,1.0,0.5 0.5 61.8274356296 57.0 1.0 2.5 5.0
0.5 0.5 61.8274356296 57.0 1.0 2.5 5.0,3,1.0,0.5 0.5 71.6632617257 86.8 1.0 2.5 5.0
0.5 0.5 71.6632617257 86.8 1.0 2.5 5.0,3,1.0,0.5 0.5 74.1893301705 54.4 1.0 2.5 5.0
1.0 1.0 58.9723579866 54.6 1.0 0.5 5.0,0,1.0,1.0 1.0 58.9723579866 54.6 1.0 1.0 5.0
1.0 1.0 58.9723579866 54.6 1.0 1.0 5.0,0,1.0,1.0 1.0 58.9723579866 54.4 1.0 1.5 5.0
1.0 1.0 58.9723579866 54.4 1.0 1.5 5.0,0,1.0,1.0 1.0 56.1372160617 51.6 1.0 2.0 5.0
1.0 1.0 56.1372160617 51.6 1.0 2.0 5.0,0,1.0,0.5 0.5 50.665142788 43.2 1.0 2.5 5.0
0.5 0.5 50.665142788 43.2 1.0 2.5 5.0,3,1.0,0.5 0.5 66.5718511691 71.2 1.0 2.5 5.0
0.5 0.5 66.5718511691 71.2 1.0 2.5 5.0,2,1.0,0.5 0.5 101.542892653 98.8 1.0 2.5 5.0
0.5 0.5 101.542892653 98.8 1.0 2.5 5.0,3,1.0,0.5 0.5 96.3745844141 113.0 1.0 2.5 5.0
0.5 0.5 96.3745844141 113.0 1.0 2.5 5.0,3,1.0,0.5 0.5 70.7294621246 50.8 1.0 2.5 5.0
0.5 0.5 70.7294621246 50.8 1.0 2.5 5.0,3,1.0,0.5 0.5 61.3015220759 158.8 1.0 2.5 5.0
0.5 0.5 61.3015220759 158.8 1.0 2.5 5.0,3,1.0,0.5 0.5 90.4503196238 98.0 1.0 2.5 5.0
0.5 0.5 90.4503196238 98.0 1.0 2.5 5.0,3,1.0,0.5 0.5 107.68256197 77.8 1.0 2.5 5.0
0.5 0.5 107.68256197 77.8 1.0 2.5 5.0,3,1.0,0.5 0.5 66.4868826445 89.2 1.0 2.5 5.0
0.5 0.5 66.4868826445 89.2 1.0 2.5 5.0,3,1.0,0.5 0.5 74.7901119225 54.8 1.0 2.5 5.0
0.5 0.5 74.7901119225 54.8 1.0 2.5 5.0,3,1.0,0.5 0.5 83.8818729993 68.8 1.0 2.5 5.0
0.5 0.5 83.8818729993 68.8 1.0 2.5 5.0,3,1.0,0.5 0.5 66.262227496 146.2 1.0 2.5 5.0
0.5 0.5 68.1896759625 68.4 1.0 2.5 5.0,3,1.0,0.5 0.5 92.3607544528 69.8 1.0 2.5 5.0
0.5 0.5 92.3607544528 69.8 1.0 2.5 5.0,3,1.0,0.5 0.5 54.1744449877 56.0 1.0 2.5 5.0
0.5 0.5 54.1744449877 56.0 1.0 2.5 5.0,3,1.0,0.5 0.5 61.7141387797 53.8 1.0 2.5 5.0
0.5 0.5 61.7141387797 53.8 1.0 2.5 5.0,3,1.0,0.5 0.5 60.0098200154 56.4 1.0 2.5 5.0
0.5 0.5 60.0098200154 56.4 1.0 2.5 5.0,2,1.0,0.5 0.5 50.7708338593 56.2 1.0 2.5 5.0
0.5 0.5 50.7708338593 56.2 1.0 2.5 5.0,3,1.0,0.5 0.5 67.5844340914 73.6 1.0 2.5 5.0
0.5 0.5 67.5844340914 73.6 1.0 2.5 5.0,3,1.0,0.5 0.5 106.604002111 105.4 1.0 2.5 5.0
0.5 0.5 106.604002111 105.4 1.0 2.5 5.0,3,1.0,0.5 0.5 86.7110777439 67.6 1.0 2.5 5.0
0.5 0.5 86.7110777439 67.6 1.0 2.5 5.0,3,1.0,0.5 0.5 53.1756431571 57.2 1.0 2.5 5.0
0.5 0.5 53.1756431571 57.2 1.0 2.5 5.0,3,1.0,0.5 0.5 58.9114620394 98.4 1.0 2.5 5.0
0.5 0.5 58.9114620394 98.4 1.0 2.5 5.0,3,1.0,0.5 0.5 82.8958491763 66.0 1.0 2.5 5.0
0.5 0.5 82.8958491763 66.0 1.0 2.5 5.0,3,1.0,0.5 0.5 58.6055474877 71.2 1.0 2.5 5.0
0.5 0.5 58.6055474877 71.2 1.0 2.5 5.0,3,1.0,0.5 0.5 104.010057581 84.4 1.0 2.5 5.0
0.5 0.5 104.010057581 84.4 1.0 2.5 5.0,3,1.0,0.5 0.5 92.9514908885 100.2 1.0 2.5 5.0
0.5 0.5 92.9514908885 100.2 1.0 2.5 5.0,2,1.0,0.5 0.5 75.6482412595 82.6 1.0 2.5 5.0
1.0 1.0 57.132373005 23.0 0.2 0.5 1.0,0,1.0,1.0 1.0 57.132373005 24.0 0.2 1.0 1.0
1.0 1.0 57.132373005 24.0 0.2 1.0 1.0,3,1.0,1.0 1.0 44.9316571547 34.5 0.4 1.0 2.0
1.0 1.0 44.9316571547 34.5 0.4 1.0 2.0,0,1.0,1.0 1.0 44.9316571547 34.5 0.4 1.5 2.0
1.0 1.0 44.9316571547 34.5 0.4 1.5 2.0,0,1.0,1.0 1.0 48.2910274328 34.5 0.4 2.0 2.0
1.0 1.0 48.2910274328 34.5 0.4 2.0 2.0,3,1.0,1.0 1.0 46.6435421738 37.6666666667 0.6 2.0 3.0
1.0 1.0 46.6435421738 37.6666666667 0.6 2.0 3.0,0,1.0,0.5 0.5 71.9551096254 58.6666666667 0.6 2.5 3.0
0.5 0.5 71.9551096254 58.6666666667 0.6 2.5 3.0,3,1.0,0.5 0.5 70.6324913447 77.25 0.8 2.5 4.0
0.5 0.5 70.6324913447 77.25 0.8 2.5 4.0,3,1.0,0.5 0.5 64.2928273035 67.2 1.0 2.5 5.0
0.5 0.5 64.2928273035 67.2 1.0 2.5 5.0,3,1.0,0.5 0.5 68.2266434133 97.2 1.0 2.5 5.0
0.5 0.5 68.2266434133 97.2 1.0 2.5 5.0,3,1.0,0.5 0.5 77.8079108953 64.8 1.0 2.5 5.0
0.5 0.5 77.8079108953 64.8 1.0 2.5 5.0,3,1.0,0.5 0.5 73.2738099249 68.8 1.0 2.5 5.0
0.5 0.5 73.2738099249 68.8 1.0 2.5 5.0,3,1.0,0.5 0.5 63.7334983179 59.8 1.0 2.5 5.0
0.5 0.5 63.7334983179 59.8 1.0 2.5 5.0,3,1.0,0.5 0.5 95.3412239808 89.0 1.0 2.5 5.0
0.5 0.5 95.3412239808 89.0 1.0 2.5 5.0,3,1.0,0.5 0.5 80.3779868083 63.2 1.0 2.5 5.0
0.5 0.5 80.3779868083 63.2 1.0 2.5 5.0,3,1.0,0.5 0.5 72.9553276621 88.6 1.0 2.5 5.0
0.0 0.0 250.0 150.0 0.0 4.0 5.0,1,-1.0,0.0 0.0 250.0 150.0 0.0 3.5 5.0
0.0 0.0 250.0 150.0 0.0 3.5 5.0,1,-1.0,0.0 0.0 250.0 150.0 0.0 3.0 5.0
0.0 0.0 250.0 150.0 0.0 3.0 5.0,1,1.0,0.5 0.5 50.1098022248 46.0 1.0 2.5 5.0
0.5 0.5 50.1098022248 46.0 1.0 2.5 5.0,3,1.0,0.5 0.5 76.5421936848 68.4 1.0 2.5 5.0
0.5 0.5 76.5421936848 68.4 1.0 2.5 5.0,3,1.0,0.5 0.5 65.7213536319 102.0 1.0 2.5 5.0
0.5 0.5 65.7213536319 102.0 1.0 2.5 5.0,3,1.0,0.5 0.5 68.3246528269 52.2 1.0 2.5 5.0
0.5 0.5 68.3246528269 52.2 1.0 2.5 5.0,2,1.0,0.5 0.5 116.120222007 92.2 1.0 2.5 5.0
0.5 0.5 116.120222007 92.2 1.0 2.5 5.0,3,1.0,0.5 0.5 70.8690006271 68.6 1.0 2.5 5.0
0.5 0.5 70.8690006271 68.6 1.0 2.5 5.0,3,1.0,0.5 0.5 41.718388336 43.2 1.0 2.5 5.0
0.5 0.5 41.718388336 43.2 1.0 2.5 5.0,3,1.0,0.5 0.5 55.2486796841 54.4 1.0 2.5 5.0
0.5 0.5 55.2486796841 54.4 1.0 2.5 5.0,3,1.0,0.5 0.5 82.6470821273 71.0 1.0 2.5 5.0
0.5 0.5 82.6470821273 71.0 1.0 2.5 5.0,3,1.0,0.5 0.5 79.7692842853 54.4 1.0 2.5 5.0
0.5 0.5 79.7692842853 54.4 1.0 2.5 5.0,3,1.0,0.5 0.5 66.7415579579 98.8 1.0 2.5 5.0
0.5 0.5 66.7415579579 98.8 1.0 2.5 5.0,3,1.0,0.5 0.5 110.435045371 94.2 1.0 2.5 5.0
0.5 0.5 110.435045371 94.2 1.0 2.5 5.0,3,1.0,0.5 0.5 74.137384387 68.6 1.0 2.5 5.0
1.0 1.0 46.6435421738 37.3333333333 0.6 1.0 3.0,0,1.0,1.0 1.0 44.4039619884 38.0 0.6 1.5 3.0
1.0 1.0 44.4039619884 38.0 0.6 1.5 3.0,0,1.0,1.0 1.0 44.4039619884 38.0 0.6 2.0 3.0
1.0 1.0 44.4039619884 38.0 0.6 2.0 3.0,0,1.0,0.5 0.5 51.1717116515 39.0 0.6 2.5 3.0
0.5 0.5 51.1717116515 39.0 0.6 2.5 3.0,3,1.0,0.5 0.5 88.8410574715 54.0 0.8 2.5 4.0
0.5 0.5 88.8410574715 54.0 0.8 2.5 4.0,3,1.0,0.5 0.5 48.9608240237 43.0 1.0 2.5 5.0
0.5 0.5 48.9608240237 43.0 1.0 2.5 5.0,3,1.0,0.5 0.5 107.671969973 97.0 1.0 2.5 5.0
0.5 0.5 107.671969973 97.0 1.0 2.5 5.0,3,1.0,0.5 0.5 47.5137348613 57.2 1.0 2.5 5.0
0.5 0.5 47.5137348613 57.2 1.0 2.5 5.0,3,1.0,0.5 0.5 72.4943514308 69.8 1.0 2.5 5.0
0.5 0.5 72.4943514308 69.8 1.0 2.5 5.0,3,1.0,0.5 0.5 47.6270317111 58.2 1.0 2.5 5.0
0.5 0.5 47.6270317111 58.2 1.0 2.5 5.0,3,1.0,0.5 0.5 113.387038978 126.4 1.0 2.5 5.0
0.5 0.5 113.387038978 126.4 1.0 2.5 5.0,3,1.0,0.5 0.5 104.093963862 99.6 1.0 2.5 5.0
0.5 0.5 104.093963862 99.6 1.0 2.5 5.0,3,1.0,0.5 0.5 72.2481592708 99.0 1.0 2.5 5.0
0.5 0.5 72.2481592708 99.0 1.0 2.5 5.0,2,1.0,0.5 0.5 55.7174706885 85.4 1.0 2.5 5.0
0.5 0.5 55.7174706885 85.4 1.0 2.5 5.0,3,1.0,0.5 0.5 100.868528325 82.4 1.0 2.5 5.0
0.5 0.5 100.868528325 82.4 1.0 2.5 5.0,3,1.0,0.5 0.5 55.2486796841 54.6 1.0 2.5 5.0
0.0 0.0 250.0 150.0 0.0 3.0 5.0,1,1.0,0.5 0.5 61.1929053236 71.4 1.0 2.5 5.0
0.5 0.5 61.1929053236 71.4 1.0 2.5 5.0,2,1.0,0.5 0.5 58.6931453023 72.8 1.0 2.5 5.0
0.5 0.5 58.6931453023 72.8 1.0 2.5 5.0,3,1.0,0.5 0.5 98.0385991389 83.8 1.0 2.5 5.0
0.5 0.5 98.0385991389 83.8 1.0 2.5 5.0,3,1.0,0.5 0.5 60.7878798126 73.2 1.0 2.5 5.0
0.5 0.5 60.7878798126 73.2 1.0 2.5 5.0,2,1.0,0.5 0.5 48.9608240237 43.0 1.0 2.5 5.0
0.5 0.5 48.9608240237 43.0 1.0 2.5 5.0,3,1.0,0.5 0.5 50.665142788 43.2 1.0 2.5 5.0
0.5 0.5 50.665142788 43.2 1.0 2.5 5.0,3,1.0,0.5 0.5 66.5411704268 99.6 1.0 2.5 5.0
0.5 0.5 66.5411704268 99.6 1.0 2.5 5.0,3,1.0,0.5 0.5 66.7664666803 70.2 1.0 2.5 5.0
0.5 0.5 66.7664666803 70.2 1.0 2.5 5.0,2,1.0,0.5 0.5 73.2365242949 53.6 1.0 2.5 5.0
0.5 0.5 73.2365242949 53.6 1.0 2.5 5.0,2,1.0,0.5 0.5 71.6935621535 71.6 1.0 2.5 5.0
0.5 0.5 71.6935621535 71.6 1.0 2.5 5.0,3,1.0,0.5 0.5 59.1574913762 73.8 1.0 2.5 5.0
0.5 0.5 59.1574913762 73.8 1.0 2.5 5.0,3,1.0,0.5 0.5 57.1245275013 101.2 1.0 2.5 5.0
0.5 0.5 57.1245275013 101.2 1.0 2.5 5.0,2,1.0,0.5 0.5 75.1335571893 84.8 1.0 2.5 5.0
0.5 0.5 75.1335571893 84.8 1.0 2.5 5.0,3,1.0,0.5 0.5 72.5192305373 67.4 1.0 2.5 5.0
0.5 0.5 72.5192305373 67.4 1.0 2.5 5.0,3,1.0,0.5 0.5 90.3379766052 82.0 1.0 2.5 5.0
0.5 0.5 69.7059488827 66.4 1.0 2.5 5.0,3,1.0,0.5 0.5 81.7715351131 86.4 1.0 2.5 5.0
0.5 0.5 81.7715351131 86.4 1.0 2.5 5.0,3,1.0,0.5 0.5 71.4587769326 70.2 1.0 2.5 5.0
0.5 0.5 71.4587769326 70.2 1.0 2.5 5.0,3,1.0,0.5 0.5 60.1218204079 69.0 1.0 2.5 5.0
0.5 0.5 60.1218204079 69.0 1.0 2.5 5.0,2,1.0,0.5 0.5 99.3428337087 107.4 1.0 2.5 5.0
0.5 0.5 99.3428337087 107.4 1.0 2.5 5.0,3,1.0,0.5 0.5 50.665142788 41.4 1.0 2.5 5.0
0.5 0.5 50.665142788 41.4 1.0 2.5 5.0,3,1.0,0.5 0.5 75.3383840885 97.6 1.0 2.5 5.0
0.5 0.5 75.3383840885 97.6 1.0 2.5 5.0,3,1.0,0.5 0.5 85.3643732161 68.2 1.0 2.5 5.0
0.5 0.5 85.3643732161 68.2 1.0 2.5 5.0,3,1.0,0.5 0.5 49.1404454228 57.6 1.0 2.5 5.0
0.5 0.5 49.1404454228 57.6 1.0 2.5 5.0,3,1.0,0.5 0.5 60.7509370516 89.0 1.0 2.5 5.0
0.5 0.5 60.7509370516 89.0 1.0 2.5 5.0,3,1.0,0.5 0.5 72.6397500516 68.6 1.0 2.5 5.0
0.5 0.5 72.6397500516 68.6 1.0 2.5 5.0,3,1.0,0.5 0.5 68.3246528269 51.2 1.0 2.5 5.0
0.5 0.5 68.3246528269 51.2 1.0 2.5 5.0,3,1.0,0.5 0.5 57.1310602214 55.6 1.0 2.5 5.0
0.5 0.5 57.1310602214 55.6 1.0 2.5 5.0,3,1.0,0.5 0.5 123.919897721 96.0 1.0 2.5 5.0
0.5 0.5 123.919897721 96.0 1.0 2.5 5.0,3,1.0,0.5 0.5 82.7827961061 65.6 1.0 2.5 5.0
0.5 0.5 82.7827961061 65.6 1.0 2.5 5.0,3,1.0,0.5 0.5 57.0849556902 73.8 1.0 2.5 5.0
1.0 1.0 44.9316571547 34.5 0.4 0.5 2.0,0,1.0,1.0 1.0 44.9316571547 33.5 0.4 1.0 2.0
1.0 1.0 44.9316571547 33.5 0.4 1.0 2.0,0,1.0,1.0 1.0 44.9316571547 34.5 0.4 1.5 2.0
1.0 1.0 44.9316571547 34.5 0.4 1.5 2.0,3,1.0,1.0 1.0 44.4039619884 38.0 0.6 1.5 3.0
1.0 1.0 44.4039619884 38.0 0.6 1.5 3.0,0,1.0,1.0 1.0 44.4039619884 38.0 0.6 2.0 3.0
1.0 1.0 44.4039619884 38.0 0.6 2.0 3.0,0,1.0,0.5 0.5 51.1717116515 42.0 0.6 2.5 3.0
0.5 0.5 51.1717116515 42.0 0.6 2.5 3.0,3,1.0,0.5 0.5 68.2003612193 77.25 0.8 2.5 4.0
0.5 0.5 68.2003612193 77.25 0.8 2.5 4.0,3,1.0,0.5 0.5 69.7059488827 68.0 1.0 2.5 5.0
0.5 0.5 69.7059488827 68.0 1.0 2.5 5.0,3,1.0,0.5 0.5 82.3902366684 68.8 1.0 2.5 5.0
0.5 0.5 82.3902366684 68.8 1.0 2.5 5.0,3,1.0,0.5 0.5 60.0098200154 55.8 1.0 2.5 5.0
0.5 0.5 60.0098200154 55.8 1.0 2.5 5.0,2,1.0,0.5 0.5 73.0857931581 53.8 1.0 2.5 5.0
0.5 0.5 73.0857931581 53.8 1.0 2.5 5.0,3,1.0,0.5 0.5 41.0245388753 40.8 1.0 2.5 5.0
0.5 0.5 41.0245388753 40.8 1.0 2.5 5.0,3,1.0,0.5 0.5 73.3498211447 54.4 1.0 2.5 5.0
0.5 0.5 73.3498211447 54.4 1.0 2.5 5.0,3,1.0,0.5 0.5 50.665142788 43.4 1.0 2.5 5.0
0.5 0.5 50.665142788 43.4 1.0 2.5 5.0,3,1.0,0.5 0.5 77.5901664185 87.4 1.0 2.5 5.0
0.5 0.5 77.5901664185 87.4 1.0 2.5 5.0,2,1.0,0.5 0.5 69.6592095059 65.2 1.0 2.5 5.0
0.5 0.5 115.463385692 68.0 0.8 2.5 4.0,3,1.0,0.5 0.5 83.2587487306 83.0 1.0 2.5 5.0
0.5 0.5 83.2587487306 83.0 1.0 2.5 5.0,3,1.0,0.5 0.5 77.7571104442 69.2 1.0 2.5 5.0
0.5 0.5 77.7571104442 69.2 1.0 2.5 5.0,3,1.0,0.5 0.5 82.9337224525 68.8 1.0 2.5 5.0
0.5 0.5 82.9337224525 68.8 1.0 2.5 5.0,3,1.0,0.5 0.5 64.6889530728 103.0 1.0 2.5 5.0
0.5 0.5 64.6889530728 103.0 1.0 2.5 5.0,3,1.0,0.5 0.5 52.3832143715 62.0 1.0 2.5 5.0
0.5 0.5 52.3832143715 62.0 1.0 2.5 5.0,3,1.0,0.5 0.5 95.2744651292 81.2 1.0 2.5 5.0
0.5 0.5 95.2744651292 81.2 1.0 2.5 5.0,3,1.0,0.5 0.5 60.3670448497 62.2 1.0 2.5 5.0
0.5 0.5 60.3670448497 62.2 1.0 2.5 5.0,3,1.0,0.5 0.5 49.1404454228 57.4 1.0 2.5 5.0
0.5 0.5 49.1404454228 57.4 1.0 2.5 5.0,3,1.0,0.5 0.5 76.6498301094 84.2 1.0 2.5 5.0
0.5 0.5 76.6498301094 84.2 1.0 2.5 5.0,3,1.0,0.5 0.5 76.0738934983 84.0 1.0 2.5 5.0
0.5 0.5 76.0738934983 84.0 1.0 2.5 5.0,3,1.0,0.5 0.5 73.8438933619 96.0 1.0 2.5 5.0
0.5 0.5 73.8438933619 96.0 1.0 2.5 5.0,3,1.0,0.5 0.5 45.7856792066 43.4 1.0 2.5 5.0
0.5 0.5 45.7856792066 43.4 1.0 2.5 5.0,3,1.0,0.5 0.5 53.1756431571 56.4 1.0 2.5 5.0
0.5 0.5 53.1756431571 56.4 1.0 2.5 5.0,3,1.0,0.5 0.5 78.1190121754 96.6 1.0 2.5 5.0
0.5 0.5 78.1190121754 96.6 1.0 2.5 5.0,2,1.0,0.5 0.5 84.4047199406 115.8 1.0 2.5 5.0
1.0 1.0 58.9723579866 54.4 1.0 2.0 5.0,0,1.0,0.5 0.5 78.8799128937 104.0 1.0 2.5 5.0
0.5 0.5 78.8799128937 104.0 1.0 2.5 5.0,3,1.0,0.5 0.5 59.1859447621 82.6 1.0 2.5 5.0
0.5 0.5 59.1859447621 82.6 1.0 2.5 5.0,3,1.0,0.5 0.5 53.0936889761 60.0 1.0 2.5 5.0
0.5 0.5 53.0936889761 60.0 1.0 2.5 5.0,3,1.0,0.5 0.5 60.1502233247 71.0 1.0 2.5 5.0
0.5 0.5 60.1502233247 71.0 1.0 2.5 5.0,2,1.0,0.5 0.5 86.6189851515 84.8 1.0 2.5 5.0
0.5 0.5 86.6189851515 84.8 1.0 2.5 5.0,3,1.0,0.5 0.5 78.8193094377 139.8 1.0 2.5 5.0
0.5 0.5 78.8193094377 139.8 1.0 2.5 5.0,3,1.0,0.5 0.5 65.2657256374 71.2 1.0 2.5 5.0
0.5 0.5 65.2657256374 71.2 1.0 2.5 5.0,2,1.0,0.5 0.5 60.658232419 73.2 1.0 2.5 5.0
0.5 0.5 60.658232419 73.2 1.0 2.5 5.0,3,1.0,0.5 0.5 65.2281030578 69.4 1.0 2.5 5.0
0.5 0.5 65.2281030578 69.4 1.0 2.5 5.0,3,1.0,0.5 0.5 63.366687819 73.6 1.0 2.5 5.0
0.5 0.5 63.366687819 73.6 1.0 2.5 5.0,2,1.0,0.5 0.5 77.4002165264 89.4 1.0 2.5 5.0
0.5 0.5 77.4002165264 89.4 1.0 2.5 5.0,3,1.0,0.5 0.5 107.606688774 99.6 1.0 2.5 5.0
0.5 0.5 107.606688774 99.6 1.0 2.5 5.0,3,1.0,0.5 0.5 86.2366374649 81.2 1.0 2.5 5.0
0.5 0.5 86.2366374649 81.2 1.0 2.5 5.0,3,1.0,0.5 0.5 66.6156824203 73.0 1.0 2.5 5.0
0.5 0.5 66.6156824203 73.0 1.0 2.5 5.0,3,1.0,0.5 0.5 50.665142788 41.2 1.0 2.5 5.0
0.0 0.0 250.0 150.0 0.0 4.0 5.0,1,-1.0,0.0 0.0 250.0 150.0 0.0 3.5 5.0
0.0 0.0 250.0 150.0 0.0 3.5 5.0,1,-1.0,0.0 0.0 250.0 150.0 0.0 3.0 5.0
0.0 0.0 250.0 150.0 0.0 3.0 5.0,1,1.0,0.5 0.5 71.7282639552 54.4 1.0 2.5 5.0
0.5 0.5 71.7282639552 54.4 1.0 2.5 5.0,3,1.0,0.5 0.5 109.028461558 99.4 1.0 2.5 5.0
0.5 0.5 109.028461558 99.4 1.0 2.5 5.0,3,1.0,0.5 0.5 83.9867954351 142.2 1.0 2.5 5.0
0.5 0.5 83.9867954351 142.2 1.0 2.5 5.0,2,1.0,0.5 0.5 79.107875837 83.2 1.0 2.5 5.0
0.5 0.5 79.107875837 83.2 1.0 2.5 5.0,3,1.0,0.5 0.5 62.6847163661 50.2 1.0 2.5 5.0
0.5 0.5 62.6847163661 50.2 1.0 2.5 5.0,3,1.0,0.5 0.5 100.704562074 138.2 1.0 2.5 5.0
0.5 0.5 100.704562074 138.2 1.0 2.5 5.0,3,1.0,0.5 0.5 58.6473331416 57.2 1.0 2.5 5.0
0.5 0.5 58.6473331416 57.2 1.0 2.5 5.0,3,1.0,0.5 0.5 88.5064271778 102.4 1.0 2.5 5.0
0.5 0.5 88.5064271778 102.4 1.0 2.5 5.0,3,1.0,0.5 0.5 94.7469923511 82.6 1.0 2.5 5.0
0.5 0.5 94.7469923511 82.6 1.0 2.5 5.0,2,1.0,0.5 0.5 82.5898495575 92.6 1.0 2.5 5.0
0.5 0.5 82.5898495575 92.6 1.0 2.5 5.0,3,1.0,0.5 0.5 59.5715084422 56.2 1.0 2.5 5.0
0.5 0.5 59.5715084422 56.2 1.0 2.5 5.0,3,1.0,0.5 0.5 41.0245388753 40.6 1.0 2.5 5.0
0.5 0.5 41.0245388753 40.6 1.0 2.5 5.0,2,1.0,0.5 0.5 80.4371342311 138.6 1.0 2.5 5.0
0.0 0.0 250.0 150.0 0.0 4.0 5.0,1,-1.0,0.0 0.0 250.0 150.0 0.0 3.5 5.0
0.0 0.0 250.0 150.0 0.0 3.5 5.0,1,-1.0,0.0 0.0 250.0 150.0 0.0 3.0 5.0
0.0 0.0 250.0 150.0 0.0 3.0 5.0,1,1.0,0.5 0.5 66.6976366013 68.4 1.0 2.5 5.0
0.5 0.5 66.6976366013 68.4 1.0 2.5 5.0,3,1.0,0.5 0.5 74.3444318471 87.2 1.0 2.5 5.0
0.5 0.5 74.3444318471 87.2 1.0 2.5 5.0,3,1.0,0.5 0.5 45.7856792066 43.2 1.0 2.5 5.0
0.5 0.5 45.7856792066 43.2 1.0 2.5 5.0,3,1.0,0.5 0.5 76.0420543704 85.2 1.0 2.5 5.0
0.5 0.5 76.0420543704 85.2 1.0 2.5 5.0,2,1.0,0.5 0.5 81.252901366 53.0 1.0 2.5 5.0
0.5 0.5 81.252901366 53.0 1.0 2.5 5.0,2,1.0,0.5 0.5 57.7410867964 55.4 1.0 2.5 5.0
0.5 0.5 57.7410867964 55.4 1.0 2.5 5.0,3,1.0,0.5 0.5 62.6661972856 72.4 1.0 2.5 5.0
0.5 0.5 62.6661972856 72.4 1.0 2.5 5.0,3,1.0,0.5 0.5 103.378991234 98.4 1.0 2.5 5.0
0.5 0.5 103.378991234 98.4 1.0 2.5 5.0,3,1.0,0.5 0.5 56.9877226943 72.0 1.0 2.5 5.0
0.5 0.5 56.9877226943 72.0 1.0 2.5 5.0,3,1.0,0.5 0.5 60.1978658596 55.0 1.0 2.5 5.0
0.5 0.5 60.1978658596 55.0 1.0 2.5 5.0,3,1.0,0.5 0.5 79.7692842853 54.6 1.0 2.5 5.0
0.5 0.5 79.7692842853 54.6 1.0 2.5 5.0,3,1.0,0.5 0.5 72.9553276621 89.0 1.0 2.5 5.0
0.5 0.5 72.9553276621 89.0 1.0 2.5 5.0,3,1.0,0.5 0.5 61.7141387797 57.0 1.0 2.5 5.0
0.0 0.0 250.0 150.0 0.0 3.5 3.0,1,-1.0,0.0 0.0 250.0 150.0 0.0 3.0 3.0
0.0 0.0 250.0 150.0 0.0 3.0 3.0,1,1.0,0.5 0.5 51.1717116515 39.3333333333 0.6 2.5 3.0
0.5 0.5 51.1717116515 39.3333333333 0.6 2.5 3.0,3,1.0,0.5 0.5 44.0332131739 42.0 0.8 2.5 4.0
0.5 0.5 44.0332131739 42.0 0.8 2.5 4.0,3,1.0,0.5 0.5 74.9509470982 117.8 1.0 2.5 5.0
0.5 0.5 74.9509470982 117.8 1.0 2.5 5.0,3,1.0,0.5 0.5 50.665142788 43.2 1.0 2.5 5.0
0.5 0.5 50.665142788 43.2 1.0 2.5 5.0,3,1.0,0.5 0.5 109.972727553 81.6 1.0 2.5 5.0
0.5 0.5 109.972727553 81.6 1.0 2.5 5.0,3,1.0,0.5 0.5 86.2117583583 82.8 1.0 2.5 5.0
0.5 0.5 86.2117583583 82.8 1.0 2.5 5.0,3,1.0,0.5 0.5 61.7141387797 57.0 1.0 2.5 5.0
0.5 0.5 61.7141387797 57.0 1.0 2.5 5.0,3,1.0,0.5 0.5 72.7448671218 123.6 1.0 2.5 5.0
0.5 0.5 72.7448671218 123.6 1.0 2.5 5.0,3,1.0,0.5 0.5 45.7856792066 43.0 1.0 2.5 5.0
0.5 0.5 45.7856792066 43.0 1.0 2.5 5.0,3,1.0,0.5 0.5 69.3807933322 87.8 1.0 2.5 5.0
0.5 0.5 69.3807933322 87.8 1.0 2.5 5.0,3,1.0,0.5 0.5 72.0589423255 89.8 1.0 2.5 5.0
0.5 0.5 72.0589423255 89.8 1.0 2.5 5.0,3,1.0,0.5 0.5 59.6411022527 58.4 1.0 2.5 5.0
0.5 0.5 59.6411022527 58.4 1.0 2.5 5.0,3,1.0,0.5 0.5 99.5322117566 85.4 1.0 2.5 5.0
0.5 0.5 99.5322117566 85.4 1.0 2.5 5.0,3,1.0,0.5 0.5 91.0478226283 73.0 1.0 2.5 5.0
1.0 1.0 58.9723579866 54.4 1.0 2.0 5.0,0,1.0,0.5 0.5 83.3488446978 87.4 1.0 2.5 5.0
0.5 0.5 83.3488446978 87.4 1.0 2.5 5.0,3,1.0,0.5 0.5 61.8274356296 57.0 1.0 2.5 5.0
0.5 0.5 61.8274356296 57.0 1.0 2.5 5.0,3,1.0,0.5 0.5 76.5421936848 66.2 1.0 2.5 5.0
0.5 0.5 76.5421936848 66.2 1.0 2.5 5.0,3,1.0,0.5 0.5 69.593319398 78.8 1.0 2.5 5.0
0.5 0.5 69.593319398 78.8 1.0 2.5 5.0,2,1.0,0.5 0.5 67.2544002082 67.2 1.0 2.5 5.0
0.5 0.5 67.2544002082 67.2 1.0 2.5 5.0,3,1.0,0.5 0.5 70.8690006271 65.6 1.0 2.5 5.0
0.5 0.5 70.8690006271 65.6 1.0 2.5 5.0,3,1.0,0.5 0.5 66.7710651993 51.8 1.0 2.5 5.0
0.5 0.5 66.7710651993 51.8 1.0 2.5 5.0,3,1.0,0.5 0.5 90.7645281219 66.4 1.0 2.5 5.0
0.5 0.5 90.7645281219 66.4 1.0 2.5 5.0,3,1.0,0.5 0.5 44.1996836924 40.8 1.0 2.5 5.0
0.5 0.5 44.1996836924 40.8 1.0 2.5 5.0,3,1.0,0.5 0.5 65.2281030578 69.2 1.0 2.5 5.0
0.5 0.5 65.2281030578 69.2 1.0 2.5 5.0,3,1.0,0.5 0.5 75.008143954 52.2 1.0 2.5 5.0
0.5 0.5 75.008143954 52.2 1.0 2.5 5.0,3,1.0,0.5 0.5 57.6534889819 52.8 1.0 2.5 5.0
0.5 0.5 57.6534889819 52.8 1.0 2.5 5.0,3,1.0,0.5 0.5 48.9608240237 43.2 1.0 2.5 5.0
0.5 0.5 48.9608240237 43.2 1.0 2.5 5.0,3,1.0,0.5 0.5 71.4587769326 71.4 1.0 2.5 5.0
0.5 0.5 71.4587769326 71.4 1.0 2.5 5.0,3,1.0,0.5 0.5 61.4655685191 70.4 1.0 2.5 5.0
0.5 0.5 86.8243745938 68.0 1.0 2.5 5.0,3,1.0,0.5 0.5 82.724075826 87.4 1.0 2.5 5.0
0.5 0.5 82.724075826 87.4 1.0 2.5 5.0,3,1.0,0.5 0.5 75.008143954 51.8 1.0 2.5 5.0
0.5 0.5 75.008143954 51.8 1.0 2.5 5.0,3,1.0,0.5 0.5 84.3998705665 80.6 1.0 2.5 5.0
0.5 0.5 84.3998705665 80.6 1.0 2.5 5.0,3,1.0,0.5 0.5 105.328926586 82.4 1.0 2.5 5.0
0.5 0.5 105.328926586 82.4 1.0 2.5 5.0,3,1.0,0.5 0.5 68.1766534322 90.8 1.0 2.5 5.0
0.5 0.5 68.1766534322 90.8 1.0 2.5 5.0,3,1.0,0.5 0.5 47.6270317111 59.8 1.0 2.5 5.0
0.5 0.5 47.6270317111 59.8 1.0 2.5 5.0,3,1.0,0.5 0.5 69.5334240738 65.6 1.0 2.5 5.0
0.5 0.5 69.5334240738 65.6 1.0 2.5 5.0,3,1.0,0.5 0.5 58.5389939626 55.8 1.0 2.5 5.0
0.5 0.5 58.5389939626 55.8 1.0 2.5 5.0,3,1.0,0.5 0.5 99.3752188251 87.6 1.0 2.5 5.0
0.5 0.5 99.3752188251 87.6 1.0 2.5 5.0,2,1.0,0.5 0.5 91.2571770477 87.8 1.0 2.5 5.0
0.5 0.5 91.2571770477 87.8 1.0 2.5 5.0,3,1.0,0.5 0.5 81.3531679189 170.8 1.0 2.5 5.0
0.5 0.5 81.3531679189 170.8 1.0 2.5 5.0,2,1.0,0.5 0.5 88.855695764 69.8 1.0 2.5 5.0
0.5 0.5 88.855695764 69.8 1.0 2.5 5.0,3,1.0,0.5 0.5 80.7476619277 120.8 1.0 2.5 5.0
0.5 0.5 80.7476619277 120.8 1.0 2.5 5.0,3,1.0,0.5 0.5 70.9385285929 92.6 1.0 2.5 5.0
0.5 0.5 70.9385285929 92.6 1.0 2.5 5.0,3,1.0,0.5 0.5 73.9586190563 72.8 1.0 2.5 5.0
0.0 0.0 250.0 150.0 0.0 4.0 5.0,1,-1.0,0.0 0.0 250.0 150.0 0.0 3.5 5.0
0.0 0.0 250.0 150.0 0.0 3.5 5.0,1,-1.0,0.0 0.0 250.0 150.0 0.0 3.0 5.0
0.0 0.0 250.0 150.0 0.0 3.0 5.0,1,1.0,0.5 0.5 73.9370148283 52.2 1.0 2.5 5.0
0.5 0.5 73.9370148283 52.2 1.0 2.5 5.0,3,1.0,0.5 0.5 88.6907146035 101.8 1.0 2.5 5.0
0.5 0.5 88.6907146035 101.8 1.0 2.5 5.0,3,1.0,0.5 0.5 94.9702328712 63.2 1.0 2.5 5.0
0.5 0.5 94.9702328712 63.2 1.0 2.5 5.0,3,1.0,0.5 0.5 60.898356393 56.4 1.0 2.5 5.0
0.5 0.5 60.898356393 56.4 1.0 2.5 5.0,2,1.0,0.5 0.5 62.6624388671 71.4 1.0 2.5 5.0
0.5 0.5 62.6624388671 71.4 1.0 2.5 5.0,3,1.0,0.5 0.5 61.7141387797 57.2 1.0 2.5 5.0
0.5 0.5 61.7141387797 57.2 1.0 2.5 5.0,2,1.0,0.5 0.5 71.1268497146 85.0 1.0 2.5 5.0
0.5 0.5 71.1268497146 85.0 1.0 2.5 5.0,3,1.0,0.5 0.5 83.3429302756 112.6 1.0 2.5 5.0
0.5 0.5 83.3429302756 112.6 1.0 2.5 5.0,3,1.0,0.5 0.5 97.4328470463 100.4 1.0 2.5 5.0
0.5 0.5 97.4328470463 100.4 1.0 2.5 5.0,3,1.0,0.5 0.5 51.5452547206 57.4 1.0 2.5 5.0
0.5 0.5 51.5452547206 57.4 1.0 2.5 5.0,2,1.0,0.5 0.5 60.658232419 72.8 1.0 2.5 5.0
0.5 0.5 60.658232419 72.8 1.0 2.5 5.0,3,1.0,0.5 0.5 84.4514423045 121.0 1.0 2.5 5.0
0.5 0.5 84.4514423045 121.0 1.0 2.5 5.0,2,1.0,0.5 0.5 87.5439364374 66.8 1.0 2.5 5.0
1.0 1.0 57.132373005 24.0 0.2 0.5 1.0,0,1.0,1.0 1.0 57.132373005 24.0 0.2 1.0 1.0
1.0 1.0 57.132373005 24.0 0.2 1.0 1.0,3,1.0,1.0 1.0 44.9316571547 34.5 0.4 1.0 2.0
1.0 1.0 44.9316571547 34.5 0.4 1.0 2.0,0,1.0,1.0 1.0 44.9316571547 34.5 0.4 1.5 2.0
1.0 1.0 44.9316571547 34.5 0.4 1.5 2.0,0,1.0,1.0 1.0 44.9316571547 34.5 0.4 2.0 2.0
1.0 1.0 44.9316571547 34.5 0.4 2.0 2.0,3,1.0,1.0 1.0 44.4039619884 38.0 0.6 2.0 3.0
1.0 1.0 44.4039619884 38.0 0.6 2.0 3.0,3,1.0,1.0 1.0 45.0567304034 39.75 0.8 2.0 4.0
1.0 1.0 45.0567304034 39.75 0.8 2.0 4.0,0,1.0,0.5 0.5 88.5740083506 75.5 0.8 2.5 4.0
0.5 0.5 88.5740083506 75.5 0.8 2.5 4.0,3,1.0,0.5 0.5 50.665142788 42.8 1.0 2.5 5.0
0.5 0.5 50.665142788 42.8 1.0 2.5 5.0,3,1.0,0.5 0.5 73.1513796716 115.2 1.0 2.5 5.0
0.5 0.5 73.1513796716 115.2 1.0 2.5 5.0,3,1.0,0.5 0.5 99.5114785011 77.4 1.0 2.5 5.0
0.5 0.5 99.5114785011 77.4 1.0 2.5 5.0,3,1.0,0.5 0.5 110.111040926 99.2 1.0 2.5 5.0
0.5 0.5 110.111040926 99.2 1.0 2.5 5.0,3,1.0,0.5 0.5 98.9768917022 98.2 1.0 2.5 5.0
0.5 0.5 98.9768917022 98.2 1.0 2.5 5.0,3,1.0,0.5 0.5 56.1372160617 54.6 1.0 2.5 5.0
0.5 0.5 56.1372160617 54.6 1.0 2.5 5.0,3,1.0,0.5 0.5 44.1996836924 41.0 1.0 2.5 5.0
0.5 0.5 44.1996836924 41.0 1.0 2.5 5.0,3,1.0,0.5 0.5 53.1756431571 57.6 1.0 2.5 5.0
1.0 1.0 56.1372160617 51.4 1.0 1.5 5.0,0,1.0,1.0 1.0 58.9723579866 54.8 1.0 2.0 5.0
1.0 1.0 58.9723579866 54.8 1.0 2.0 5.0,0,1.0,0.5 0.5 77.8079108953 64.2 1.0 2.5 5.0
0.5 0.5 77.8079108953 64.2 1.0 2.5 5.0,3,1.0,0.5 0.5 85.8952953572 68.0 1.0 2.5 5.0
0.5 0.5 85.8952953572 68.0 1.0 2.5 5.0,2,1.0,0.5 0.5 92.0833971266 70.0 1.0 2.5 5.0
0.5 0.5 92.0833971266 70.0 1.0 2.5 5.0,3,1.0,0.5 0.5 60.0098200154 56.2 1.0 2.5 5.0
0.5 0.5 60.0098200154 56.2 1.0 2.5 5.0,3,1.0,0.5 0.5 71.3768227516 72.6 1.0 2.5 5.0
0.5 0.5 71.3768227516 72.6 1.0 2.5 5.0,3,1.0,0.5 0.5 65.7848666648 66.0 1.0 2.5 5.0
