1.0 1.0 62.3936258138 22.4 1.0 0.5 5.0,2,1.0,1.0 1.0 62.3936258138 22.4 1.0 0.5 5.0
1.0 1.0 62.3936258138 22.4 1.0 0.5 5.0,3,1.0,1.0 1.0 57.544604134 23.2 1.0 0.5 5.0
1.0 1.0 57.544604134 23.2 1.0 0.5 5.0,4,-1.0,1.0 1.0 50.2303223107 21.5 0.8 0.5 4.0
1.0 1.0 50.2303223107 21.5 0.8 0.5 4.0,2,-1.0,1.0 1.0 50.2303223107 21.0 0.8 0.5 4.0
1.0 1.0 50.2303223107 21.0 0.8 0.5 4.0,4,-1.0,1.0 1.0 50.8300982826 18.6666666667 0.6 0.5 3.0
1.0 1.0 50.8300982826 18.6666666667 0.6 0.5 3.0,3,1.0,1.0 1.0 50.2303223107 21.0 0.8 0.5 4.0
1.0 1.0 50.2303223107 21.0 0.8 0.5 4.0,3,1.0,1.0 1.0 62.3936258138 22.8 1.0 0.5 5.0
1.0 1.0 62.3936258138 22.8 1.0 0.5 5.0,2,1.0,1.0 1.0 62.3771833347 22.8 1.0 0.5 5.0
1.0 1.0 62.3771833347 22.8 1.0 0.5 5.0,4,-1.0,1.0 1.0 50.2303223107 21.5 0.8 0.5 4.0
1.0 1.0 50.2303223107 21.5 0.8 0.5 4.0,2,-1.0,1.0 1.0 50.0930725909 21.25 0.8 0.5 4.0
1.0 1.0 50.0930725909 21.25 0.8 0.5 4.0,4,-1.0,1.0 1.0 50.8300982826 18.0 0.6 0.5 3.0
1.0 1.0 50.8300982826 18.0 0.6 0.5 3.0,4,-1.0,1.0 1.0 43.1424448839 18.5 0.4 0.5 2.0
1.0 1.0 43.1424448839 18.5 0.4 0.5 2.0,2,-1.0,1.0 1.0 44.8452178638 18.5 0.4 0.5 2.0
1.0 1.0 44.8452178638 18.5 0.4 0.5 2.0,1,-1.0,1.0 1.0 43.1424448839 18.5 0.4 0.5 2.0
1.0 1.0 43.1424448839 18.5 0.4 0.5 2.0,3,1.0,1.0 1.0 50.6470986562 18.3333333333 0.6 0.5 3.0
1.0 1.0 51.5392477656 19.0 0.2 0.5 1.0,2,-1.0,1.0 1.0 51.5392477656 18.0 0.2 0.5 1.0
1.0 1.0 51.5392477656 18.0 0.2 0.5 1.0,4,-1.0,1.0 1.0 51.5392477656 18.0 0.2 0.5 1.0
1.0 1.0 51.5392477656 18.0 0.2 0.5 1.0,4,-1.0,1.0 1.0 51.5392477656 19.0 0.2 0.5 1.0
1.0 1.0 51.5392477656 19.0 0.2 0.5 1.0,2,-1.0,1.0 1.0 51.5392477656 18.0 0.2 0.5 1.0
1.0 1.0 51.5392477656 18.0 0.2 0.5 1.0,3,1.0,1.0 1.0 53.7447349279 19.0 0.4 0.5 2.0
1.0 1.0 53.7447349279 19.0 0.4 0.5 2.0,0,1.0,1.0 1.0 53.7447349279 18.5 0.4 1.0 2.0
1.0 1.0 53.7447349279 18.5 0.4 1.0 2.0,2,-1.0,1.0 1.0 53.7447349279 18.5 0.4 1.0 2.0
1.0 1.0 53.7447349279 18.5 0.4 1.0 2.0,4,-1.0,1.0 1.0 51.5392477656 18.0 0.2 1.0 1.0
1.0 1.0 51.5392477656 18.0 0.2 1.0 1.0,2,-1.0,1.0 1.0 51.5392477656 19.0 0.2 1.0 1.0
1.0 1.0 51.5392477656 19.0 0.2 1.0 1.0,4,-1.0,1.0 1.0 51.5392477656 19.0 0.2 1.0 1.0
1.0 1.0 51.5392477656 19.0 0.2 1.0 1.0,3,1.0,1.0 1.0 53.7447349279 19.0 0.4 1.0 2.0
1.0 1.0 53.7447349279 19.0 0.4 1.0 2.0,0,1.0,1.0 1.0 53.7447349279 18.5 0.4 1.5 2.0
1.0 1.0 53.7447349279 18.5 0.4 1.5 2.0,4,-1.0,1.0 1.0 51.5392477656 19.0 0.2 1.5 1.0
1.0 1.0 51.5392477656 19.0 0.2 1.5 1.0,0,1.0,1.0 1.0 51.5392477656 19.0 0.2 2.0 1.0
1.0 1.0 51.5392477656 19.0 0.2 2.0 1.0,0,1.0,0.5 0.5 51.5392477656 19.0 0.2 2.5 1.0
1.0 1.0 55.0371252952 18.5 0.8 1.0 4.0,2,1.0,1.0 1.0 54.9724384937 18.75 0.8 1.0 4.0
1.0 1.0 54.9724384937 18.75 0.8 1.0 4.0,4,-1.0,1.0 1.0 56.5801100322 18.6666666667 0.6 1.0 3.0
1.0 1.0 56.5801100322 18.6666666667 0.6 1.0 3.0,0,1.0,1.0 1.0 56.5801100322 18.6666666667 0.6 1.5 3.0
1.0 1.0 56.5801100322 18.6666666667 0.6 1.5 3.0,0,1.0,1.0 1.0 56.5801100322 18.6666666667 0.6 2.0 3.0
1.0 1.0 56.5801100322 18.6666666667 0.6 2.0 3.0,3,1.0,1.0 1.0 55.0371252952 18.25 0.8 2.0 4.0
1.0 1.0 55.0371252952 18.25 0.8 2.0 4.0,4,-1.0,1.0 1.0 56.5801100322 19.0 0.6 2.0 3.0
1.0 1.0 56.5801100322 19.0 0.6 2.0 3.0,4,-1.0,1.0 1.0 53.7447349279 19.0 0.4 2.0 2.0
1.0 1.0 53.7447349279 19.0 0.4 2.0 2.0,3,1.0,1.0 1.0 56.5801100322 18.6666666667 0.6 2.0 3.0
1.0 1.0 56.5801100322 18.6666666667 0.6 2.0 3.0,1,-1.0,1.0 1.0 56.5801100322 19.0 0.6 1.5 3.0
1.0 1.0 56.5801100322 19.0 0.6 1.5 3.0,4,-1.0,1.0 1.0 53.7447349279 19.0 0.4 1.5 2.0
1.0 1.0 53.7447349279 19.0 0.4 1.5 2.0,4,-1.0,1.0 1.0 51.5392477656 19.0 0.2 1.5 1.0
1.0 1.0 51.5392477656 19.0 0.2 1.5 1.0,2,-1.0,1.0 1.0 51.5392477656 19.0 0.2 1.5 1.0
1.0 1.0 51.5392477656 19.0 0.2 1.5 1.0,1,-1.0,1.0 1.0 51.5392477656 19.0 0.2 1.0 1.0
1.0 1.0 51.5392477656 19.0 0.2 1.0 1.0,4,-1.0,1.0 1.0 51.5392477656 19.0 0.2 1.0 1.0
1.0 1.0 51.5392477656 19.0 0.2 1.0 1.0,4,-1.0,1.0 1.0 51.5392477656 19.0 0.2 1.0 1.0
0.0 0.0 250.0 150.0 0.0 3.5 1.0,2,-1.0,0.0 0.0 250.0 150.0 0.0 3.5 1.0
0.0 0.0 250.0 150.0 0.0 3.5 1.0,2,-1.0,0.0 0.0 250.0 150.0 0.0 3.5 1.0
0.0 0.0 250.0 150.0 0.0 3.5 1.0,2,-1.0,0.0 0.0 250.0 150.0 0.0 3.5 1.0
0.0 0.0 250.0 150.0 0.0 3.5 1.0,3,-1.0,0.0 0.0 250.0 150.0 0.0 3.5 2.0
0.0 0.0 250.0 150.0 0.0 3.5 2.0,4,-1.0,0.0 0.0 250.0 150.0 0.0 3.5 1.0
0.0 0.0 250.0 150.0 0.0 3.5 1.0,2,-1.0,0.0 0.0 250.0 150.0 0.0 3.5 1.0
0.0 0.0 250.0 150.0 0.0 3.5 1.0,3,-1.0,0.0 0.0 250.0 150.0 0.0 3.5 2.0
0.0 0.0 250.0 150.0 0.0 3.5 2.0,2,-1.0,0.0 0.0 250.0 150.0 0.0 3.5 2.0
0.0 0.0 250.0 150.0 0.0 3.5 2.0,0,-1.0,0.0 0.0 250.0 150.0 0.0 4.0 2.0
0.0 0.0 250.0 150.0 0.0 4.0 2.0,3,-1.0,0.0 0.0 250.0 150.0 0.0 4.0 3.0
0.0 0.0 250.0 150.0 0.0 4.0 3.0,2,-1.0,0.0 0.0 250.0 150.0 0.0 4.0 3.0
0.0 0.0 250.0 150.0 0.0 4.0 3.0,0,-1.0,0.0 0.0 250.0 150.0 0.0 4.0 3.0
0.0 0.0 250.0 150.0 0.0 4.0 3.0,0,-1.0,0.0 0.0 250.0 150.0 0.0 4.0 3.0
0.0 0.0 250.0 150.0 0.0 4.0 3.0,0,-1.0,0.0 0.0 250.0 150.0 0.0 4.0 3.0
0.0 0.0 250.0 150.0 0.0 4.0 3.0,2,-1.0,0.0 0.0 250.0 150.0 0.0 4.0 3.0
1.0 1.0 56.5801100322 19.0 0.6 1.0 3.0,0,1.0,1.0 1.0 56.5801100322 18.6666666667 0.6 1.5 3.0
1.0 1.0 56.5801100322 18.6666666667 0.6 1.5 3.0,1,-1.0,1.0 1.0 56.5801100322 18.6666666667 0.6 1.0 3.0
1.0 1.0 56.5801100322 18.6666666667 0.6 1.0 3.0,2,-1.0,1.0 1.0 56.5801100322 18.6666666667 0.6 1.0 3.0
1.0 1.0 56.5801100322 18.6666666667 0.6 1.0 3.0,2,-1.0,1.0 1.0 56.5801100322 19.0 0.6 1.0 3.0
1.0 1.0 56.5801100322 19.0 0.6 1.0 3.0,0,1.0,1.0 1.0 56.5801100322 19.0 0.6 1.5 3.0
1.0 1.0 56.5801100322 19.0 0.6 1.5 3.0,4,-1.0,1.0 1.0 53.7447349279 19.0 0.4 1.5 2.0
1.0 1.0 53.7447349279 19.0 0.4 1.5 2.0,0,1.0,1.0 1.0 53.7447349279 19.0 0.4 2.0 2.0
1.0 1.0 53.7447349279 19.0 0.4 2.0 2.0,0,1.0,0.5 0.5 50.1662378069 25.0 0.4 2.5 2.0
0.5 0.5 50.1662378069 25.0 0.4 2.5 2.0,0,-1.0,0.0 0.0 250.0 150.0 0.0 3.0 2.0
0.0 0.0 250.0 150.0 0.0 3.0 2.0,1,1.0,0.5 0.5 43.1424448839 18.5 0.4 2.5 2.0
0.5 0.5 43.1424448839 18.5 0.4 2.5 2.0,3,1.0,0.5 0.5 50.8300982826 18.3333333333 0.6 2.5 3.0
0.5 0.5 50.8300982826 18.3333333333 0.6 2.5 3.0,0,-1.0,0.0 0.0 250.0 150.0 0.0 3.0 3.0
0.0 0.0 250.0 150.0 0.0 3.0 3.0,1,1.0,0.5 0.5 64.5146369248 31.6666666667 0.6 2.5 3.0
0.5 0.5 64.5146369248 31.6666666667 0.6 2.5 3.0,4,-1.0,0.5 0.5 49.2652923664 31.0 0.4 2.5 2.0
0.5 0.5 49.2652923664 31.0 0.4 2.5 2.0,0,-1.0,0.0 0.0 250.0 150.0 0.0 3.0 2.0
0.0 0.0 250.0 150.0 0.0 3.5 1.0,3,-1.0,0.0 0.0 250.0 150.0 0.0 3.5 2.0
0.0 0.0 250.0 150.0 0.0 3.5 2.0,1,-1.0,0.0 0.0 250.0 150.0 0.0 3.0 2.0
0.0 0.0 250.0 150.0 0.0 3.0 2.0,3,-1.0,0.0 0.0 250.0 150.0 0.0 3.0 3.0
0.0 0.0 250.0 150.0 0.0 3.0 3.0,1,1.0,0.5 0.5 64.5146369248 31.3333333333 0.6 2.5 3.0
0.5 0.5 64.5146369248 31.3333333333 0.6 2.5 3.0,1,-1.0,1.0 1.0 56.5801100322 18.6666666667 0.6 2.0 3.0
1.0 1.0 56.5801100322 18.6666666667 0.6 2.0 3.0,4,-1.0,1.0 1.0 53.7447349279 18.5 0.4 2.0 2.0
1.0 1.0 53.7447349279 18.5 0.4 2.0 2.0,0,1.0,0.5 0.5 43.1424448839 18.5 0.4 2.5 2.0
0.5 0.5 43.1424448839 18.5 0.4 2.5 2.0,3,1.0,0.5 0.5 50.8300982826 18.6666666667 0.6 2.5 3.0
0.5 0.5 50.8300982826 18.6666666667 0.6 2.5 3.0,3,1.0,0.5 0.5 53.7422187722 24.75 0.8 2.5 4.0
0.5 0.5 53.7422187722 24.75 0.8 2.5 4.0,1,-1.0,1.0 1.0 55.0371252952 18.25 0.8 2.0 4.0
1.0 1.0 55.0371252952 18.25 0.8 2.0 4.0,0,1.0,0.5 0.5 67.3462074011 28.25 0.8 2.5 4.0
0.5 0.5 67.3462074011 28.25 0.8 2.5 4.0,0,-1.0,0.0 0.0 250.0 150.0 0.0 3.0 4.0
0.0 0.0 250.0 150.0 0.0 3.0 4.0,4,-1.0,0.0 0.0 250.0 150.0 0.0 3.0 3.0
0.0 0.0 250.0 150.0 0.0 3.0 3.0,2,-1.0,0.0 0.0 250.0 150.0 0.0 3.0 3.0
0.0 0.0 250.0 150.0 0.0 3.0 3.0,0,-1.0,0.0 0.0 250.0 150.0 0.0 3.5 3.0
0.0 0.0 250.0 150.0 0.0 4.0 4.0,2,-1.0,0.0 0.0 250.0 150.0 0.0 4.0 4.0
0.0 0.0 250.0 150.0 0.0 4.0 4.0,1,-1.0,0.0 0.0 250.0 150.0 0.0 3.5 4.0
0.0 0.0 250.0 150.0 0.0 3.5 4.0,1,-1.0,0.0 0.0 250.0 150.0 0.0 3.0 4.0
0.0 0.0 250.0 150.0 0.0 3.0 4.0,3,-1.0,0.0 0.0 250.0 150.0 0.0 3.0 5.0
0.0 0.0 250.0 150.0 0.0 3.0 5.0,2,-1.0,0.0 0.0 250.0 150.0 0.0 3.0 5.0
0.0 0.0 250.0 150.0 0.0 3.0 5.0,1,1.0,0.5 0.5 57.5662780512 33.6 1.0 2.5 5.0
0.5 0.5 57.5662780512 33.6 1.0 2.5 5.0,4,-1.0,0.5 0.5 51.9413237518 24.75 0.8 2.5 4.0
0.5 0.5 51.9413237518 24.75 0.8 2.5 4.0,3,1.0,0.5 0.5 55.6694987498 31.0 1.0 2.5 5.0
0.5 0.5 55.6694987498 31.0 1.0 2.5 5.0,3,1.0,0.5 0.5 63.4632101159 33.2 1.0 2.5 5.0
0.5 0.5 63.4632101159 33.2 1.0 2.5 5.0,2,1.0,0.5 0.5 52.6984016642 25.8 1.0 2.5 5.0
0.5 0.5 52.6984016642 25.8 1.0 2.5 5.0,1,-1.0,1.0 1.0 50.1065144451 22.8 1.0 2.0 5.0
1.0 1.0 50.1065144451 22.8 1.0 2.0 5.0,1,-1.0,1.0 1.0 50.1065144451 22.4 1.0 1.5 5.0
1.0 1.0 50.1065144451 22.4 1.0 1.5 5.0,1,-1.0,1.0 1.0 50.1065144451 23.0 1.0 1.0 5.0
1.0 1.0 50.1065144451 23.0 1.0 1.0 5.0,4,-1.0,1.0 1.0 50.2303223107 21.25 0.8 1.0 4.0
1.0 1.0 50.2303223107 21.25 0.8 1.0 4.0,2,-1.0,1.0 1.0 50.2303223107 21.0 0.8 1.0 4.0
0.5 0.5 62.7416580183 30.4 1.0 2.5 5.0,3,1.0,0.5 0.5 63.3914650668 31.8 1.0 2.5 5.0
0.5 0.5 63.3914650668 31.8 1.0 2.5 5.0,2,1.0,0.5 0.5 60.3148335711 28.0 1.0 2.5 5.0
0.5 0.5 60.3148335711 28.0 1.0 2.5 5.0,3,1.0,0.5 0.5 62.5788620286 29.2 1.0 2.5 5.0
0.5 0.5 62.5788620286 29.2 1.0 2.5 5.0,4,-1.0,0.5 0.5 66.3780673742 35.25 0.8 2.5 4.0
0.5 0.5 66.3780673742 35.25 0.8 2.5 4.0,1,-1.0,1.0 1.0 50.0930725909 20.75 0.8 2.0 4.0
1.0 1.0 50.0930725909 20.75 0.8 2.0 4.0,1,-1.0,1.0 1.0 50.2303223107 21.25 0.8 1.5 4.0
1.0 1.0 50.2303223107 21.25 0.8 1.5 4.0,3,1.0,1.0 1.0 62.3936258138 23.2 1.0 1.5 5.0
1.0 1.0 62.3936258138 23.2 1.0 1.5 5.0,4,-1.0,1.0 1.0 50.2303223107 21.0 0.8 1.5 4.0
1.0 1.0 50.2303223107 21.0 0.8 1.5 4.0,4,-1.0,1.0 1.0 50.8300982826 18.3333333333 0.6 1.5 3.0
1.0 1.0 50.8300982826 18.3333333333 0.6 1.5 3.0,1,-1.0,1.0 1.0 50.8300982826 18.6666666667 0.6 1.0 3.0
1.0 1.0 50.8300982826 18.6666666667 0.6 1.0 3.0,3,1.0,1.0 1.0 50.2097692118 20.5 0.8 1.0 4.0
1.0 1.0 50.2097692118 20.5 0.8 1.0 4.0,0,1.0,1.0 1.0 50.2303223107 21.0 0.8 1.5 4.0
1.0 1.0 50.2303223107 21.0 0.8 1.5 4.0,2,-1.0,1.0 1.0 50.2303223107 21.0 0.8 1.5 4.0
1.0 1.0 50.2303223107 21.0 0.8 1.5 4.0,3,1.0,1.0 1.0 62.3936258138 23.2 1.0 1.5 5.0
1.0 1.0 62.3936258138 23.2 1.0 1.5 5.0,2,-1.0,1.0 1.0 57.5281616549 23.2 1.0 1.5 5.0
0.0 0.0 250.0 150.0 0.0 3.5 4.0,2,-1.0,0.0 0.0 250.0 150.0 0.0 3.5 4.0
0.0 0.0 250.0 150.0 0.0 3.5 4.0,1,-1.0,0.0 0.0 250.0 150.0 0.0 3.0 4.0
0.0 0.0 250.0 150.0 0.0 3.0 4.0,1,1.0,0.5 0.5 55.2848664473 25.0 0.8 2.5 4.0
0.5 0.5 55.2848664473 25.0 0.8 2.5 4.0,3,1.0,0.5 0.5 57.9600629036 27.8 1.0 2.5 5.0
0.5 0.5 57.9600629036 27.8 1.0 2.5 5.0,3,1.0,0.5 0.5 64.468860119 31.6 1.0 2.5 5.0
0.5 0.5 64.468860119 31.6 1.0 2.5 5.0,3,1.0,0.5 0.5 64.9690842005 33.4 1.0 2.5 5.0
0.5 0.5 64.9690842005 33.4 1.0 2.5 5.0,4,-1.0,0.5 0.5 58.778619432 38.0 0.8 2.5 4.0
0.5 0.5 58.778619432 38.0 0.8 2.5 4.0,1,-1.0,1.0 1.0 50.2303223107 20.75 0.8 2.0 4.0
1.0 1.0 50.2303223107 20.75 0.8 2.0 4.0,3,1.0,1.0 1.0 62.3936258138 22.8 1.0 2.0 5.0
1.0 1.0 62.3936258138 22.8 1.0 2.0 5.0,2,-1.0,1.0 1.0 62.3771833347 23.2 1.0 2.0 5.0
1.0 1.0 62.3771833347 23.2 1.0 2.0 5.0,3,-1.0,1.0 1.0 57.544604134 23.0 1.0 2.0 5.0
1.0 1.0 57.544604134 23.0 1.0 2.0 5.0,2,-1.0,1.0 1.0 62.3936258138 23.4 1.0 2.0 5.0
1.0 1.0 62.3936258138 23.4 1.0 2.0 5.0,3,-1.0,1.0 1.0 62.3771833347 23.0 1.0 2.0 5.0
1.0 1.0 62.3771833347 23.0 1.0 2.0 5.0,3,-1.0,1.0 1.0 62.3936258138 23.4 1.0 2.0 5.0
1.0 1.0 62.3936258138 23.4 1.0 2.0 5.0,0,1.0,0.5 0.5 60.2445713304 26.4 1.0 2.5 5.0
1.0 1.0 62.3936258138 23.4 1.0 1.0 5.0,3,-1.0,1.0 1.0 62.3936258138 23.0 1.0 1.0 5.0
1.0 1.0 62.3936258138 23.0 1.0 1.0 5.0,0,1.0,1.0 1.0 62.3936258138 22.6 1.0 1.5 5.0
1.0 1.0 62.3936258138 22.6 1.0 1.5 5.0,3,-1.0,1.0 1.0 62.283826038 23.0 1.0 1.5 5.0
1.0 1.0 62.283826038 23.0 1.0 1.5 5.0,3,-1.0,1.0 1.0 57.544604134 23.0 1.0 1.5 5.0
1.0 1.0 57.544604134 23.0 1.0 1.5 5.0,3,-1.0,1.0 1.0 62.3936258138 23.6 1.0 1.5 5.0
1.0 1.0 62.3936258138 23.6 1.0 1.5 5.0,2,-1.0,1.0 1.0 62.3771833347 23.4 1.0 1.5 5.0
1.0 1.0 62.3771833347 23.4 1.0 1.5 5.0,2,-1.0,1.0 1.0 62.283826038 23.2 1.0 1.5 5.0
1.0 1.0 62.283826038 23.2 1.0 1.5 5.0,3,-1.0,1.0 1.0 62.3936258138 23.2 1.0 1.5 5.0
1.0 1.0 62.3936258138 23.2 1.0 1.5 5.0,3,-1.0,1.0 1.0 57.5281616549 22.8 1.0 1.5 5.0
1.0 1.0 57.5281616549 22.8 1.0 1.5 5.0,3,-1.0,1.0 1.0 62.3771833347 22.8 1.0 1.5 5.0
1.0 1.0 62.3771833347 22.8 1.0 1.5 5.0,3,-1.0,1.0 1.0 57.544604134 23.4 1.0 1.5 5.0
1.0 1.0 57.544604134 23.4 1.0 1.5 5.0,3,-1.0,1.0 1.0 62.283826038 23.6 1.0 1.5 5.0
1.0 1.0 62.283826038 23.6 1.0 1.5 5.0,3,-1.0,1.0 1.0 62.6341166674 26.8 1.0 1.5 5.0
1.0 1.0 62.6341166674 26.8 1.0 1.5 5.0,2,-1.0,1.0 1.0 57.544604134 22.6 1.0 1.5 5.0
1.0 1.0 57.544604134 22.6 1.0 1.5 5.0,3,-1.0,1.0 1.0 62.283826038 23.2 1.0 1.5 5.0
0.5 0.5 65.557671703 25.25 0.8 2.5 4.0,1,-1.0,1.0 1.0 50.2303223107 21.75 0.8 2.0 4.0
1.0 1.0 50.2303223107 21.75 0.8 2.0 4.0,0,1.0,0.5 0.5 61.6693366305 25.0 0.8 2.5 4.0
0.5 0.5 61.6693366305 25.0 0.8 2.5 4.0,1,-1.0,1.0 1.0 50.2303223107 21.0 0.8 2.0 4.0
1.0 1.0 50.2303223107 21.0 0.8 2.0 4.0,0,1.0,0.5 0.5 50.42428922 22.0 0.8 2.5 4.0
0.5 0.5 50.42428922 22.0 0.8 2.5 4.0,3,1.0,0.5 0.5 53.027731982 28.0 1.0 2.5 5.0
0.5 0.5 53.027731982 28.0 1.0 2.5 5.0,3,1.0,0.5 0.5 57.266796348 30.2 1.0 2.5 5.0
0.5 0.5 57.266796348 30.2 1.0 2.5 5.0,1,-1.0,1.0 1.0 62.3936258138 23.2 1.0 2.0 5.0
1.0 1.0 62.3936258138 23.2 1.0 2.0 5.0,0,1.0,0.5 0.5 62.1893162482 33.4 1.0 2.5 5.0
0.5 0.5 62.1893162482 33.4 1.0 2.5 5.0,1,-1.0,1.0 1.0 62.3771833347 23.2 1.0 2.0 5.0
1.0 1.0 62.3771833347 23.2 1.0 2.0 5.0,0,1.0,0.5 0.5 58.4596160399 34.4 1.0 2.5 5.0
0.5 0.5 58.4596160399 34.4 1.0 2.5 5.0,2,1.0,0.5 0.5 65.2083283053 34.4 1.0 2.5 5.0
0.5 0.5 65.2083283053 34.4 1.0 2.5 5.0,2,1.0,0.5 0.5 84.173433962 56.6 1.0 2.5 5.0
0.5 0.5 84.173433962 56.6 1.0 2.5 5.0,3,1.0,0.5 0.5 64.7058638848 32.0 1.0 2.5 5.0
0.5 0.5 64.7058638848 32.0 1.0 2.5 5.0,3,1.0,0.5 0.5 59.1960658417 26.2 1.0 2.5 5.0
0.5 0.5 59.1960658417 26.2 1.0 2.5 5.0,2,1.0,0.5 0.5 60.5949744978 31.0 1.0 2.5 5.0
1.0 1.0 44.8452178638 18.5 0.4 1.0 2.0,0,1.0,1.0 1.0 43.1424448839 18.0 0.4 1.5 2.0
1.0 1.0 43.1424448839 18.0 0.4 1.5 2.0,3,1.0,1.0 1.0 50.8300982826 18.0 0.6 1.5 3.0
1.0 1.0 50.8300982826 18.0 0.6 1.5 3.0,0,1.0,1.0 1.0 50.6470986562 18.0 0.6 2.0 3.0
1.0 1.0 50.6470986562 18.0 0.6 2.0 3.0,3,1.0,1.0 1.0 50.2097692118 21.75 0.8 2.0 4.0
1.0 1.0 50.2097692118 21.75 0.8 2.0 4.0,3,1.0,1.0 1.0 62.3936258138 22.4 1.0 2.0 5.0
1.0 1.0 62.3936258138 22.4 1.0 2.0 5.0,0,1.0,0.5 0.5 67.4326863902 32.4 1.0 2.5 5.0
0.5 0.5 67.4326863902 32.4 1.0 2.5 5.0,3,1.0,0.5 0.5 58.4573420018 23.0 1.0 2.5 5.0
0.5 0.5 58.4573420018 23.0 1.0 2.5 5.0,2,1.0,0.5 0.5 61.5701375737 26.8 1.0 2.5 5.0
0.5 0.5 61.5701375737 26.8 1.0 2.5 5.0,3,1.0,0.5 0.5 57.7780249532 30.2 1.0 2.5 5.0
0.5 0.5 57.7780249532 30.2 1.0 2.5 5.0,3,1.0,0.5 0.5 62.5739076169 30.8 1.0 2.5 5.0
0.5 0.5 62.5739076169 30.8 1.0 2.5 5.0,2,1.0,0.5 0.5 58.1956698617 26.4 1.0 2.5 5.0
0.5 0.5 58.1956698617 26.4 1.0 2.5 5.0,2,1.0,0.5 0.5 62.3936258138 24.0 1.0 2.5 5.0
0.5 0.5 62.3936258138 24.0 1.0 2.5 5.0,3,1.0,0.5 0.5 62.3520179583 23.8 1.0 2.5 5.0
0.5 0.5 62.3520179583 23.8 1.0 2.5 5.0,2,1.0,0.5 0.5 71.3420427623 37.4 1.0 2.5 5.0
0.5 0.5 71.3420427623 37.4 1.0 2.5 5.0,3,1.0,0.5 0.5 55.2253210377 23.8 1.0 2.5 5.0
1.0 1.0 57.544604134 23.8 1.0 0.5 5.0,2,-1.0,1.0 1.0 62.3936258138 23.6 1.0 0.5 5.0
1.0 1.0 62.3936258138 23.6 1.0 0.5 5.0,0,1.0,1.0 1.0 62.283826038 23.6 1.0 1.0 5.0
1.0 1.0 62.283826038 23.6 1.0 1.0 5.0,1,-1.0,1.0 1.0 57.544604134 23.0 1.0 0.5 5.0
1.0 1.0 57.544604134 23.0 1.0 0.5 5.0,0,1.0,1.0 1.0 62.283826038 22.8 1.0 1.0 5.0
1.0 1.0 62.283826038 22.8 1.0 1.0 5.0,0,1.0,1.0 1.0 62.3936258138 22.8 1.0 1.5 5.0
1.0 1.0 62.3936258138 22.8 1.0 1.5 5.0,0,1.0,1.0 1.0 62.3936258138 23.0 1.0 2.0 5.0
1.0 1.0 62.3936258138 23.0 1.0 2.0 5.0,0,1.0,0.5 0.5 51.208347126 23.0 1.0 2.5 5.0
0.5 0.5 51.208347126 23.0 1.0 2.5 5.0,3,1.0,0.5 0.5 59.856842205 31.6 1.0 2.5 5.0
0.5 0.5 59.856842205 31.6 1.0 2.5 5.0,0,-1.0,0.0 0.0 250.0 150.0 0.0 3.0 5.0
0.0 0.0 250.0 150.0 0.0 3.0 5.0,1,1.0,0.5 0.5 59.2242967511 26.6 1.0 2.5 5.0
0.5 0.5 59.2242967511 26.6 1.0 2.5 5.0,2,1.0,0.5 0.5 59.4108517463 34.2 1.0 2.5 5.0
0.5 0.5 59.4108517463 34.2 1.0 2.5 5.0,3,1.0,0.5 0.5 64.9782533836 26.8 1.0 2.5 5.0
0.5 0.5 64.9782533836 26.8 1.0 2.5 5.0,3,1.0,0.5 0.5 65.3599894173 37.0 1.0 2.5 5.0
0.5 0.5 65.3599894173 37.0 1.0 2.5 5.0,3,1.0,0.5 0.5 56.759289391 28.8 1.0 2.5 5.0
0.5 0.5 56.759289391 28.8 1.0 2.5 5.0,3,1.0,0.5 0.5 62.4480281487 26.6 1.0 2.5 5.0
1.0 1.0 62.3936258138 23.2 1.0 1.5 5.0,0,1.0,1.0 1.0 62.283826038 23.0 1.0 2.0 5.0
1.0 1.0 62.283826038 23.0 1.0 2.0 5.0,0,1.0,0.5 0.5 63.888306435 31.8 1.0 2.5 5.0
0.5 0.5 63.888306435 31.8 1.0 2.5 5.0,1,-1.0,1.0 1.0 62.283826038 22.8 1.0 2.0 5.0
1.0 1.0 62.283826038 22.8 1.0 2.0 5.0,0,1.0,0.5 0.5 62.5549702242 29.2 1.0 2.5 5.0
0.5 0.5 62.5549702242 29.2 1.0 2.5 5.0,4,-1.0,0.5 0.5 59.5973752595 24.25 0.8 2.5 4.0
0.5 0.5 59.5973752595 24.25 0.8 2.5 4.0,3,1.0,0.5 0.5 63.0540884996 29.0 1.0 2.5 5.0
0.5 0.5 63.0540884996 29.0 1.0 2.5 5.0,2,1.0,0.5 0.5 63.853666573 30.8 1.0 2.5 5.0
0.5 0.5 63.853666573 30.8 1.0 2.5 5.0,4,-1.0,0.5 0.5 56.6288305514 22.0 0.8 2.5 4.0
0.5 0.5 56.6288305514 22.0 0.8 2.5 4.0,3,1.0,0.5 0.5 59.2242967511 26.4 1.0 2.5 5.0
0.5 0.5 59.2242967511 26.4 1.0 2.5 5.0,3,1.0,0.5 0.5 53.7945986943 25.6 1.0 2.5 5.0
0.5 0.5 53.7945986943 25.6 1.0 2.5 5.0,4,-1.0,0.5 0.5 57.7713404498 31.25 0.8 2.5 4.0
0.5 0.5 57.7713404498 31.25 0.8 2.5 4.0,3,1.0,0.5 0.5 63.858548018 29.0 1.0 2.5 5.0
0.5 0.5 63.858548018 29.0 1.0 2.5 5.0,1,-1.0,1.0 1.0 62.3936258138 22.8 1.0 2.0 5.0
1.0 1.0 62.3936258138 22.8 1.0 2.0 5.0,0,1.0,0.5 0.5 60.6536929467 30.8 1.0 2.5 5.0
0.5 0.5 60.6536929467 30.8 1.0 2.5 5.0,3,1.0,0.5 0.5 57.3102558551 29.0 1.0 2.5 5.0
1.0 1.0 62.3936258138 22.4 1.0 1.5 5.0,0,1.0,1.0 1.0 62.3520179583 23.2 1.0 2.0 5.0
1.0 1.0 62.3520179583 23.2 1.0 2.0 5.0,0,1.0,0.5 0.5 61.5129264132 31.8 1.0 2.5 5.0
0.5 0.5 61.5129264132 31.8 1.0 2.5 5.0,3,1.0,0.5 0.5 67.9094432153 29.6 1.0 2.5 5.0
0.5 0.5 67.9094432153 29.6 1.0 2.5 5.0,3,1.0,0.5 0.5 57.8236146457 29.0 1.0 2.5 5.0
0.5 0.5 57.8236146457 29.0 1.0 2.5 5.0,3,1.0,0.5 0.5 62.9774091296 34.4 1.0 2.5 5.0
0.5 0.5 62.9774091296 34.4 1.0 2.5 5.0,3,1.0,0.5 0.5 66.8483871525 32.4 1.0 2.5 5.0
0.5 0.5 66.8483871525 32.4 1.0 2.5 5.0,3,1.0,0.5 0.5 59.5760241449 28.0 1.0 2.5 5.0
0.5 0.5 59.5760241449 28.0 1.0 2.5 5.0,0,-1.0,0.0 0.0 250.0 150.0 0.0 3.0 5.0
0.0 0.0 250.0 150.0 0.0 3.0 5.0,1,1.0,0.5 0.5 60.9091759863 30.6 1.0 2.5 5.0
0.5 0.5 60.9091759863 30.6 1.0 2.5 5.0,3,1.0,0.5 0.5 56.1687579558 28.2 1.0 2.5 5.0
0.5 0.5 56.1687579558 28.2 1.0 2.5 5.0,3,1.0,0.5 0.5 61.6189032619 31.8 1.0 2.5 5.0
0.5 0.5 61.6189032619 31.8 1.0 2.5 5.0,3,1.0,0.5 0.5 65.3834247861 34.2 1.0 2.5 5.0
0.5 0.5 65.3834247861 34.2 1.0 2.5 5.0,3,1.0,0.5 0.5 64.9217749748 32.0 1.0 2.5 5.0
0.5 0.5 64.9217749748 32.0 1.0 2.5 5.0,3,1.0,0.5 0.5 53.7945986943 26.2 1.0 2.5 5.0
0.5 0.5 53.7945986943 26.2 1.0 2.5 5.0,4,-1.0,0.5 0.5 60.5467832352 35.5 0.8 2.5 4.0
0.0 0.0 250.0 150.0 0.0 4.0 4.0,1,-1.0,0.0 0.0 250.0 150.0 0.0 3.5 4.0
0.0 0.0 250.0 150.0 0.0 3.5 4.0,1,-1.0,0.0 0.0 250.0 150.0 0.0 3.0 4.0
0.0 0.0 250.0 150.0 0.0 3.0 4.0,1,1.0,0.5 0.5 68.8826137871 32.25 0.8 2.5 4.0
0.5 0.5 68.8826137871 32.25 0.8 2.5 4.0,3,1.0,0.5 0.5 68.9480605513 34.0 1.0 2.5 5.0
0.5 0.5 68.9480605513 34.0 1.0 2.5 5.0,3,1.0,0.5 0.5 64.9100614633 26.2 1.0 2.5 5.0
0.5 0.5 64.9100614633 26.2 1.0 2.5 5.0,3,1.0,0.5 0.5 66.7143683373 33.6 1.0 2.5 5.0
0.5 0.5 66.7143683373 33.6 1.0 2.5 5.0,3,1.0,0.5 0.5 78.5284434304 37.2 1.0 2.5 5.0
0.5 0.5 78.5284434304 37.2 1.0 2.5 5.0,3,1.0,0.5 0.5 74.8674944636 42.0 1.0 2.5 5.0
0.5 0.5 74.8674944636 42.0 1.0 2.5 5.0,3,1.0,0.5 0.5 61.8753668639 37.4 1.0 2.5 5.0
0.5 0.5 61.8753668639 37.4 1.0 2.5 5.0,3,1.0,0.5 0.5 68.861535551 34.2 1.0 2.5 5.0
0.5 0.5 68.861535551 34.2 1.0 2.5 5.0,3,1.0,0.5 0.5 70.7583148524 35.4 1.0 2.5 5.0
0.5 0.5 70.7583148524 35.4 1.0 2.5 5.0,3,1.0,0.5 0.5 66.00185995 31.2 1.0 2.5 5.0
0.5 0.5 66.00185995 31.2 1.0 2.5 5.0,3,1.0,0.5 0.5 57.018493471 23.8 1.0 2.5 5.0
0.5 0.5 57.018493471 23.8 1.0 2.5 5.0,3,1.0,0.5 0.5 57.8236146457 28.2 1.0 2.5 5.0
0.5 0.5 57.8236146457 28.2 1.0 2.5 5.0,3,1.0,0.5 0.5 65.8119534231 34.2 1.0 2.5 5.0
1.0 1.0 50.2303223107 20.75 0.8 2.0 4.0,3,1.0,1.0 1.0 62.3936258138 23.2 1.0 2.0 5.0
1.0 1.0 62.3936258138 23.2 1.0 2.0 5.0,0,1.0,0.5 0.5 50.5799862165 26.2 1.0 2.5 5.0
0.5 0.5 50.5799862165 26.2 1.0 2.5 5.0,3,1.0,0.5 0.5 49.7353404221 26.0 1.0 2.5 5.0
0.5 0.5 49.7353404221 26.0 1.0 2.5 5.0,3,1.0,0.5 0.5 56.0113883796 28.4 1.0 2.5 5.0
0.5 0.5 56.0113883796 28.4 1.0 2.5 5.0,3,1.0,0.5 0.5 69.3317987292 31.8 1.0 2.5 5.0
0.5 0.5 69.3317987292 31.8 1.0 2.5 5.0,3,1.0,0.5 0.5 52.9996520738 23.4 1.0 2.5 5.0
0.5 0.5 52.9996520738 23.4 1.0 2.5 5.0,3,1.0,0.5 0.5 64.0560568363 31.8 1.0 2.5 5.0
0.5 0.5 64.0560568363 31.8 1.0 2.5 5.0,1,-1.0,1.0 1.0 62.3936258138 23.0 1.0 2.0 5.0
1.0 1.0 62.3936258138 23.0 1.0 2.0 5.0,0,1.0,0.5 0.5 60.7231535144 31.6 1.0 2.5 5.0
0.5 0.5 60.7231535144 31.6 1.0 2.5 5.0,3,1.0,0.5 0.5 62.5064735845 31.2 1.0 2.5 5.0
0.5 0.5 62.5064735845 31.2 1.0 2.5 5.0,3,1.0,0.5 0.5 59.8600644403 25.8 1.0 2.5 5.0
0.5 0.5 59.8600644403 25.8 1.0 2.5 5.0,3,1.0,0.5 0.5 61.0984393679 34.2 1.0 2.5 5.0
0.5 0.5 61.0984393679 34.2 1.0 2.5 5.0,3,1.0,0.5 0.5 63.3914650668 31.0 1.0 2.5 5.0
0.5 0.5 63.3914650668 31.0 1.0 2.5 5.0,3,1.0,0.5 0.5 62.8845363917 26.2 1.0 2.5 5.0
0.5 0.5 62.8845363917 26.2 1.0 2.5 5.0,3,1.0,0.5 0.5 57.1425054538 29.0 1.0 2.5 5.0
1.0 1.0 62.3936258138 22.8 1.0 1.5 5.0,0,1.0,1.0 1.0 62.3771833347 22.8 1.0 2.0 5.0
1.0 1.0 62.3771833347 22.8 1.0 2.0 5.0,0,1.0,0.5 0.5 58.7715646265 28.8 1.0 2.5 5.0
0.5 0.5 58.7715646265 28.8 1.0 2.5 5.0,3,1.0,0.5 0.5 59.2242967511 26.0 1.0 2.5 5.0
0.5 0.5 59.2242967511 26.0 1.0 2.5 5.0,3,1.0,0.5 0.5 59.8041087448 31.6 1.0 2.5 5.0
0.5 0.5 59.8041087448 31.6 1.0 2.5 5.0,3,1.0,0.5 0.5 57.4843950836 26.6 1.0 2.5 5.0
0.5 0.5 57.4843950836 26.6 1.0 2.5 5.0,3,1.0,0.5 0.5 74.1877377878 34.6 1.0 2.5 5.0
0.5 0.5 74.1877377878 34.6 1.0 2.5 5.0,3,1.0,0.5 0.5 67.0702306032 33.6 1.0 2.5 5.0
0.5 0.5 67.0702306032 33.6 1.0 2.5 5.0,3,1.0,0.5 0.5 65.1682479953 36.6 1.0 2.5 5.0
0.5 0.5 65.1682479953 36.6 1.0 2.5 5.0,3,1.0,0.5 0.5 64.468860119 31.0 1.0 2.5 5.0
0.5 0.5 64.468860119 31.0 1.0 2.5 5.0,3,1.0,0.5 0.5 62.6981985112 32.8 1.0 2.5 5.0
0.5 0.5 62.6981985112 32.8 1.0 2.5 5.0,3,1.0,0.5 0.5 56.7097245608 23.6 1.0 2.5 5.0
0.5 0.5 56.7097245608 23.6 1.0 2.5 5.0,3,1.0,0.5 0.5 55.4698285921 31.8 1.0 2.5 5.0
0.5 0.5 55.4698285921 31.8 1.0 2.5 5.0,3,1.0,0.5 0.5 61.8335583622 29.2 1.0 2.5 5.0
0.5 0.5 61.8335583622 29.2 1.0 2.5 5.0,3,1.0,0.5 0.5 55.4698285921 31.8 1.0 2.5 5.0
0.5 0.5 55.4698285921 31.8 1.0 2.5 5.0,3,1.0,0.5 0.5 57.4843950836 26.4 1.0 2.5 5.0
0.0 0.0 250.0 150.0 0.0 3.0 5.0,1,1.0,0.5 0.5 61.6454219611 31.2 1.0 2.5 5.0
0.5 0.5 61.6454219611 31.2 1.0 2.5 5.0,3,1.0,0.5 0.5 53.1597444645 28.6 1.0 2.5 5.0
0.5 0.5 53.1597444645 28.6 1.0 2.5 5.0,3,1.0,0.5 0.5 59.5760241449 28.6 1.0 2.5 5.0
0.5 0.5 59.5760241449 28.6 1.0 2.5 5.0,3,1.0,0.5 0.5 59.1561048308 26.4 1.0 2.5 5.0
0.5 0.5 59.1561048308 26.4 1.0 2.5 5.0,3,1.0,0.5 0.5 65.2260038865 31.2 1.0 2.5 5.0
0.5 0.5 65.2260038865 31.2 1.0 2.5 5.0,3,1.0,0.5 0.5 64.468982812 31.6 1.0 2.5 5.0
0.5 0.5 64.468982812 31.6 1.0 2.5 5.0,3,1.0,0.5 0.5 75.2278726398 39.6 1.0 2.5 5.0
0.5 0.5 75.2278726398 39.6 1.0 2.5 5.0,3,1.0,0.5 0.5 77.7611596418 38.8 1.0 2.5 5.0
0.5 0.5 77.7611596418 38.8 1.0 2.5 5.0,3,1.0,0.5 0.5 82.8516705287 50.8 1.0 2.5 5.0
0.5 0.5 82.8516705287 50.8 1.0 2.5 5.0,3,1.0,0.5 0.5 65.9393216879 31.6 1.0 2.5 5.0
0.5 0.5 65.9393216879 31.6 1.0 2.5 5.0,3,1.0,0.5 0.5 63.9023623123 31.4 1.0 2.5 5.0
0.5 0.5 63.9023623123 31.4 1.0 2.5 5.0,3,1.0,0.5 0.5 99.1447673566 64.6 1.0 2.5 5.0
0.5 0.5 99.1447673566 64.6 1.0 2.5 5.0,2,1.0,0.5 0.5 64.6527248688 31.6 1.0 2.5 5.0
0.5 0.5 64.6527248688 31.6 1.0 2.5 5.0,3,1.0,0.5 0.5 66.1667132251 31.0 1.0 2.5 5.0
0.5 0.5 66.1667132251 31.0 1.0 2.5 5.0,3,1.0,0.5 0.5 59.1089411937 31.4 1.0 2.5 5.0
0.0 0.0 250.0 150.0 0.0 3.5 2.0,1,-1.0,0.0 0.0 250.0 150.0 0.0 3.0 2.0
0.0 0.0 250.0 150.0 0.0 3.0 2.0,1,1.0,0.5 0.5 53.7447349279 18.5 0.4 2.5 2.0
0.5 0.5 53.7447349279 18.5 0.4 2.5 2.0,3,1.0,0.5 0.5 42.383700589 27.0 0.6 2.5 3.0
0.5 0.5 42.383700589 27.0 0.6 2.5 3.0,3,1.0,0.5 0.5 57.3576539788 31.75 0.8 2.5 4.0
0.5 0.5 57.3576539788 31.75 0.8 2.5 4.0,3,1.0,0.5 0.5 66.8543435595 34.2 1.0 2.5 5.0
0.5 0.5 66.8543435595 34.2 1.0 2.5 5.0,3,1.0,0.5 0.5 63.3914650668 30.2 1.0 2.5 5.0
0.5 0.5 63.3914650668 30.2 1.0 2.5 5.0,3,1.0,0.5 0.5 79.659637269 38.8 1.0 2.5 5.0
0.5 0.5 79.659637269 38.8 1.0 2.5 5.0,3,1.0,0.5 0.5 50.1065144451 23.6 1.0 2.5 5.0
0.5 0.5 50.1065144451 23.6 1.0 2.5 5.0,3,1.0,0.5 0.5 70.1784840566 31.8 1.0 2.5 5.0
0.5 0.5 70.1784840566 31.8 1.0 2.5 5.0,3,1.0,0.5 0.5 57.5222064876 27.6 1.0 2.5 5.0
0.5 0.5 57.5222064876 27.6 1.0 2.5 5.0,3,1.0,0.5 0.5 80.2703358091 39.2 1.0 2.5 5.0
0.5 0.5 80.2703358091 39.2 1.0 2.5 5.0,3,1.0,0.5 0.5 69.7386150304 36.4 1.0 2.5 5.0
0.5 0.5 69.7386150304 36.4 1.0 2.5 5.0,3,1.0,0.5 0.5 57.3102558551 29.0 1.0 2.5 5.0
0.5 0.5 57.3102558551 29.0 1.0 2.5 5.0,3,1.0,0.5 0.5 61.7780271144 36.6 1.0 2.5 5.0
0.5 0.5 61.7780271144 36.6 1.0 2.5 5.0,3,1.0,0.5 0.5 64.2830332401 34.2 1.0 2.5 5.0
1.0 1.0 50.2303223107 20.25 0.8 1.5 4.0,0,1.0,1.0 1.0 50.2097692118 21.25 0.8 2.0 4.0
1.0 1.0 50.2097692118 21.25 0.8 2.0 4.0,3,1.0,1.0 1.0 62.283826038 23.2 1.0 2.0 5.0
1.0 1.0 62.283826038 23.2 1.0 2.0 5.0,0,1.0,0.5 0.5 56.0323096979 29.0 1.0 2.5 5.0
0.5 0.5 56.0323096979 29.0 1.0 2.5 5.0,3,1.0,0.5 0.5 60.5819478976 29.4 1.0 2.5 5.0
0.5 0.5 60.5819478976 29.4 1.0 2.5 5.0,3,1.0,0.5 0.5 71.7869412332 31.6 1.0 2.5 5.0
0.5 0.5 71.7869412332 31.6 1.0 2.5 5.0,3,1.0,0.5 0.5 62.0053218797 33.0 1.0 2.5 5.0
0.5 0.5 62.0053218797 33.0 1.0 2.5 5.0,3,1.0,0.5 0.5 57.6153018636 31.6 1.0 2.5 5.0
0.5 0.5 57.6153018636 31.6 1.0 2.5 5.0,3,1.0,0.5 0.5 54.2307651367 28.0 1.0 2.5 5.0
0.5 0.5 54.2307651367 28.0 1.0 2.5 5.0,3,1.0,0.5 0.5 53.0712051418 25.8 1.0 2.5 5.0
0.5 0.5 53.0712051418 25.8 1.0 2.5 5.0,3,1.0,0.5 0.5 55.4754914002 31.4 1.0 2.5 5.0
0.5 0.5 55.4754914002 31.4 1.0 2.5 5.0,3,1.0,0.5 0.5 58.1906882394 26.6 1.0 2.5 5.0
0.5 0.5 58.1906882394 26.6 1.0 2.5 5.0,3,1.0,0.5 0.5 56.8649393071 31.4 1.0 2.5 5.0
0.5 0.5 56.8649393071 31.4 1.0 2.5 5.0,3,1.0,0.5 0.5 53.7945986943 26.0 1.0 2.5 5.0
0.5 0.5 53.7945986943 26.0 1.0 2.5 5.0,3,1.0,0.5 0.5 70.8769981704 39.4 1.0 2.5 5.0
0.5 0.5 70.8769981704 39.4 1.0 2.5 5.0,3,1.0,0.5 0.5 55.0487884619 28.6 1.0 2.5 5.0
1.0 1.0 62.3936258138 22.4 1.0 1.0 5.0,0,1.0,1.0 1.0 57.544604134 22.8 1.0 1.5 5.0
1.0 1.0 57.544604134 22.8 1.0 1.5 5.0,0,1.0,1.0 1.0 62.3936258138 23.4 1.0 2.0 5.0
1.0 1.0 62.3936258138 23.4 1.0 2.0 5.0,0,1.0,0.5 0.5 64.6013741451 31.6 1.0 2.5 5.0
0.5 0.5 64.6013741451 31.6 1.0 2.5 5.0,3,1.0,0.5 0.5 56.759289391 28.8 1.0 2.5 5.0
0.5 0.5 56.759289391 28.8 1.0 2.5 5.0,3,1.0,0.5 0.5 65.2082043955 26.4 1.0 2.5 5.0
0.5 0.5 65.2082043955 26.4 1.0 2.5 5.0,2,1.0,0.5 0.5 70.9861804964 36.0 1.0 2.5 5.0
0.5 0.5 70.9861804964 36.0 1.0 2.5 5.0,3,1.0,0.5 0.5 53.7945986943 26.6 1.0 2.5 5.0
0.5 0.5 53.7945986943 26.6 1.0 2.5 5.0,3,1.0,0.5 0.5 51.100635151 28.8 1.0 2.5 5.0
0.5 0.5 51.100635151 28.8 1.0 2.5 5.0,3,1.0,0.5 0.5 69.3006847243 39.0 1.0 2.5 5.0
0.5 0.5 69.3006847243 39.0 1.0 2.5 5.0,3,1.0,0.5 0.5 61.3355279165 34.2 1.0 2.5 5.0
0.5 0.5 61.3355279165 34.2 1.0 2.5 5.0,3,1.0,0.5 0.5 71.5699455453 34.0 1.0 2.5 5.0
0.5 0.5 71.5699455453 34.0 1.0 2.5 5.0,3,1.0,0.5 0.5 66.8196525741 31.6 1.0 2.5 5.0
0.5 0.5 66.8196525741 31.6 1.0 2.5 5.0,2,1.0,0.5 0.5 54.9998852695 21.4 1.0 2.5 5.0
0.5 0.5 54.9998852695 21.4 1.0 2.5 5.0,3,1.0,0.5 0.5 64.4601531779 34.0 1.0 2.5 5.0
0.5 0.5 64.4601531779 34.0 1.0 2.5 5.0,3,1.0,0.5 0.5 59.4871505763 33.2 1.0 2.5 5.0
0.5 0.5 65.7553273194 31.6 1.0 2.5 5.0,3,1.0,0.5 0.5 55.6478248326 21.2 1.0 2.5 5.0
0.5 0.5 55.6478248326 21.2 1.0 2.5 5.0,3,1.0,0.5 0.5 71.444066077 29.4 1.0 2.5 5.0
0.5 0.5 71.444066077 29.4 1.0 2.5 5.0,3,1.0,0.5 0.5 56.5465120724 30.8 1.0 2.5 5.0
0.5 0.5 56.5465120724 30.8 1.0 2.5 5.0,3,1.0,0.5 0.5 68.9550092335 31.8 1.0 2.5 5.0
0.5 0.5 68.9550092335 31.8 1.0 2.5 5.0,3,1.0,0.5 0.5 50.5799862165 25.8 1.0 2.5 5.0
0.5 0.5 50.5799862165 25.8 1.0 2.5 5.0,3,1.0,0.5 0.5 61.6392760877 32.0 1.0 2.5 5.0
0.5 0.5 61.6392760877 32.0 1.0 2.5 5.0,3,1.0,0.5 0.5 71.2562725982 37.0 1.0 2.5 5.0
0.5 0.5 71.2562725982 37.0 1.0 2.5 5.0,3,1.0,0.5 0.5 62.6341166674 29.0 1.0 2.5 5.0
0.5 0.5 62.6341166674 29.0 1.0 2.5 5.0,3,1.0,0.5 0.5 58.6436203741 26.6 1.0 2.5 5.0
0.5 0.5 58.6436203741 26.6 1.0 2.5 5.0,3,1.0,0.5 0.5 62.4480281487 26.4 1.0 2.5 5.0
0.5 0.5 62.4480281487 26.4 1.0 2.5 5.0,3,1.0,0.5 0.5 74.0360734056 40.2 1.0 2.5 5.0
0.5 0.5 74.0360734056 40.2 1.0 2.5 5.0,3,1.0,0.5 0.5 56.1687579558 27.6 1.0 2.5 5.0
0.5 0.5 56.1687579558 27.6 1.0 2.5 5.0,3,1.0,0.5 0.5 82.1427822578 48.4 1.0 2.5 5.0
0.5 0.5 82.1427822578 48.4 1.0 2.5 5.0,3,1.0,0.5 0.5 68.8519395001 31.8 1.0 2.5 5.0
0.5 0.5 68.8519395001 31.8 1.0 2.5 5.0,3,1.0,0.5 0.5 68.8961297422 31.4 1.0 2.5 5.0
0.0 0.0 250.0 150.0 0.0 4.0 4.0,3,-1.0,0.0 0.0 250.0 150.0 0.0 4.0 5.0
0.0 0.0 250.0 150.0 0.0 4.0 5.0,1,-1.0,0.0 0.0 250.0 150.0 0.0 3.5 5.0
0.0 0.0 250.0 150.0 0.0 3.5 5.0,1,-1.0,0.0 0.0 250.0 150.0 0.0 3.0 5.0
0.0 0.0 250.0 150.0 0.0 3.0 5.0,1,1.0,0.5 0.5 62.6341166674 29.4 1.0 2.5 5.0
0.5 0.5 62.6341166674 29.4 1.0 2.5 5.0,3,1.0,0.5 0.5 56.5875388076 29.0 1.0 2.5 5.0
0.5 0.5 56.5875388076 29.0 1.0 2.5 5.0,3,1.0,0.5 0.5 69.0084594554 32.2 1.0 2.5 5.0
0.5 0.5 69.0084594554 32.2 1.0 2.5 5.0,3,1.0,0.5 0.5 64.468860119 31.6 1.0 2.5 5.0
0.5 0.5 64.468860119 31.6 1.0 2.5 5.0,3,1.0,0.5 0.5 50.6195017269 31.6 1.0 2.5 5.0
0.5 0.5 50.6195017269 31.6 1.0 2.5 5.0,3,1.0,0.5 0.5 74.3363321237 41.4 1.0 2.5 5.0
0.5 0.5 74.3363321237 41.4 1.0 2.5 5.0,3,1.0,0.5 0.5 58.431054237 26.0 1.0 2.5 5.0
0.5 0.5 58.431054237 26.0 1.0 2.5 5.0,3,1.0,0.5 0.5 73.1502038527 37.8 1.0 2.5 5.0
0.5 0.5 73.1502038527 37.8 1.0 2.5 5.0,3,1.0,0.5 0.5 58.6857651933 33.6 1.0 2.5 5.0
0.5 0.5 58.6857651933 33.6 1.0 2.5 5.0,3,1.0,0.5 0.5 60.945190597 31.8 1.0 2.5 5.0
0.5 0.5 60.945190597 31.8 1.0 2.5 5.0,3,1.0,0.5 0.5 69.4387663378 37.2 1.0 2.5 5.0
0.5 0.5 69.4387663378 37.2 1.0 2.5 5.0,3,1.0,0.5 0.5 66.1883932803 39.6 1.0 2.5 5.0
1.0 1.0 51.5392477656 19.0 0.2 1.0 1.0,3,1.0,1.0 1.0 43.1424448839 18.0 0.4 1.0 2.0
1.0 1.0 43.1424448839 18.0 0.4 1.0 2.0,0,1.0,1.0 1.0 43.1424448839 17.0 0.4 1.5 2.0
1.0 1.0 43.1424448839 17.0 0.4 1.5 2.0,3,1.0,1.0 1.0 50.8300982826 18.3333333333 0.6 1.5 3.0
1.0 1.0 50.8300982826 18.3333333333 0.6 1.5 3.0,3,1.0,1.0 1.0 50.2303223107 21.0 0.8 1.5 4.0
1.0 1.0 50.2303223107 21.0 0.8 1.5 4.0,0,1.0,1.0 1.0 50.2097692118 21.25 0.8 2.0 4.0
1.0 1.0 50.2097692118 21.25 0.8 2.0 4.0,0,1.0,0.5 0.5 57.6375663767 28.0 0.8 2.5 4.0
0.5 0.5 57.6375663767 28.0 0.8 2.5 4.0,3,1.0,0.5 0.5 59.5585681398 29.2 1.0 2.5 5.0
0.5 0.5 59.5585681398 29.2 1.0 2.5 5.0,3,1.0,0.5 0.5 58.2391055088 29.0 1.0 2.5 5.0
0.5 0.5 58.2391055088 29.0 1.0 2.5 5.0,3,1.0,0.5 0.5 50.5553178422 28.0 1.0 2.5 5.0
0.5 0.5 50.5553178422 28.0 1.0 2.5 5.0,3,1.0,0.5 0.5 71.4532633903 36.4 1.0 2.5 5.0
0.5 0.5 71.4532633903 36.4 1.0 2.5 5.0,3,1.0,0.5 0.5 63.0540884996 29.0 1.0 2.5 5.0
0.5 0.5 63.0540884996 29.0 1.0 2.5 5.0,3,1.0,0.5 0.5 62.0109581009 29.4 1.0 2.5 5.0
0.5 0.5 62.0109581009 29.4 1.0 2.5 5.0,3,1.0,0.5 0.5 64.7090861201 26.8 1.0 2.5 5.0
0.5 0.5 64.7090861201 26.8 1.0 2.5 5.0,3,1.0,0.5 0.5 64.0215204272 37.4 1.0 2.5 5.0
0.5 0.5 64.0215204272 37.4 1.0 2.5 5.0,3,1.0,0.5 0.5 64.7058638848 30.6 1.0 2.5 5.0
1.0 1.0 62.3936258138 23.0 1.0 1.0 5.0,0,1.0,1.0 1.0 57.5281616549 23.0 1.0 1.5 5.0
1.0 1.0 57.5281616549 23.0 1.0 1.5 5.0,0,1.0,1.0 1.0 62.3936258138 23.2 1.0 2.0 5.0
1.0 1.0 62.3936258138 23.2 1.0 2.0 5.0,0,1.0,0.5 0.5 72.9989557486 34.8 1.0 2.5 5.0
0.5 0.5 72.9989557486 34.8 1.0 2.5 5.0,3,1.0,0.5 0.5 70.4096555468 27.0 1.0 2.5 5.0
0.5 0.5 70.4096555468 27.0 1.0 2.5 5.0,3,1.0,0.5 0.5 67.9094432153 29.8 1.0 2.5 5.0
0.5 0.5 67.9094432153 29.8 1.0 2.5 5.0,3,1.0,0.5 0.5 66.6978236042 33.0 1.0 2.5 5.0
0.5 0.5 66.6978236042 33.0 1.0 2.5 5.0,3,1.0,0.5 0.5 57.9480714302 27.6 1.0 2.5 5.0
0.5 0.5 57.9480714302 27.6 1.0 2.5 5.0,3,1.0,0.5 0.5 65.9393216879 31.8 1.0 2.5 5.0
0.5 0.5 65.9393216879 31.8 1.0 2.5 5.0,3,1.0,0.5 0.5 99.4572284072 87.0 1.0 2.5 5.0
0.5 0.5 99.4572284072 87.0 1.0 2.5 5.0,3,1.0,0.5 0.5 72.5089857329 34.6 1.0 2.5 5.0
0.5 0.5 72.5089857329 34.6 1.0 2.5 5.0,3,1.0,0.5 0.5 69.5835800507 36.8 1.0 2.5 5.0
0.5 0.5 69.5835800507 36.8 1.0 2.5 5.0,3,1.0,0.5 0.5 72.1725154162 39.0 1.0 2.5 5.0
0.5 0.5 72.1725154162 39.0 1.0 2.5 5.0,3,1.0,0.5 0.5 52.4315513915 28.6 1.0 2.5 5.0
0.5 0.5 52.4315513915 28.6 1.0 2.5 5.0,2,1.0,0.5 0.5 56.5604147854 31.4 1.0 2.5 5.0
0.5 0.5 56.5604147854 31.4 1.0 2.5 5.0,3,1.0,0.5 0.5 67.0723082139 35.6 1.0 2.5 5.0
1.0 1.0 62.3771833347 22.8 1.0 1.0 5.0,0,1.0,1.0 1.0 62.3771833347 23.2 1.0 1.5 5.0
1.0 1.0 62.3771833347 23.2 1.0 1.5 5.0,0,1.0,1.0 1.0 62.3936258138 23.0 1.0 2.0 5.0
1.0 1.0 62.3936258138 23.0 1.0 2.0 5.0,0,1.0,0.5 0.5 58.8359047919 27.6 1.0 2.5 5.0
0.5 0.5 58.8359047919 27.6 1.0 2.5 5.0,3,1.0,0.5 0.5 58.1655042755 26.4 1.0 2.5 5.0
0.5 0.5 58.1655042755 26.4 1.0 2.5 5.0,3,1.0,0.5 0.5 88.9387627555 45.2 1.0 2.5 5.0
0.5 0.5 88.9387627555 45.2 1.0 2.5 5.0,3,1.0,0.5 0.5 60.6270281592 33.8 1.0 2.5 5.0
0.5 0.5 60.6270281592 33.8 1.0 2.5 5.0,3,1.0,0.5 0.5 55.1072009297 33.2 1.0 2.5 5.0
0.5 0.5 55.1072009297 33.2 1.0 2.5 5.0,3,1.0,0.5 0.5 60.2142780631 29.0 1.0 2.5 5.0
0.5 0.5 60.2142780631 29.0 1.0 2.5 5.0,2,1.0,0.5 0.5 54.0178642952 26.0 1.0 2.5 5.0
0.5 0.5 54.0178642952 26.0 1.0 2.5 5.0,3,1.0,0.5 0.5 65.926487224 36.2 1.0 2.5 5.0
0.5 0.5 65.926487224 36.2 1.0 2.5 5.0,3,1.0,0.5 0.5 68.8407684686 34.4 1.0 2.5 5.0
0.5 0.5 68.8407684686 34.4 1.0 2.5 5.0,3,1.0,0.5 0.5 72.9919666771 59.6 1.0 2.5 5.0
0.5 0.5 72.9919666771 59.6 1.0 2.5 5.0,3,1.0,0.5 0.5 63.2869753271 31.8 1.0 2.5 5.0
0.5 0.5 63.2869753271 31.8 1.0 2.5 5.0,3,1.0,0.5 0.5 64.6655366782 34.2 1.0 2.5 5.0
0.5 0.5 64.6655366782 34.2 1.0 2.5 5.0,3,1.0,0.5 0.5 61.0490308488 26.4 1.0 2.5 5.0
1.0 1.0 62.3936258138 23.2 1.0 1.5 5.0,0,1.0,1.0 1.0 62.3936258138 23.8 1.0 2.0 5.0
1.0 1.0 62.3936258138 23.8 1.0 2.0 5.0,0,1.0,0.5 0.5 61.4728034462 31.0 1.0 2.5 5.0
0.5 0.5 61.4728034462 31.0 1.0 2.5 5.0,3,1.0,0.5 0.5 63.3914650668 30.4 1.0 2.5 5.0
0.5 0.5 63.3914650668 30.4 1.0 2.5 5.0,3,1.0,0.5 0.5 74.6346867104 37.0 1.0 2.5 5.0
0.5 0.5 74.6346867104 37.0 1.0 2.5 5.0,3,1.0,0.5 0.5 65.3834247861 33.6 1.0 2.5 5.0
0.5 0.5 65.3834247861 33.6 1.0 2.5 5.0,3,1.0,0.5 0.5 68.0803192602 23.8 1.0 2.5 5.0
0.5 0.5 68.0803192602 23.8 1.0 2.5 5.0,3,1.0,0.5 0.5 59.2408012872 21.2 1.0 2.5 5.0
0.5 0.5 59.2408012872 21.2 1.0 2.5 5.0,3,1.0,0.5 0.5 61.3834214714 29.0 1.0 2.5 5.0
0.5 0.5 61.3834214714 29.0 1.0 2.5 5.0,3,1.0,0.5 0.5 66.3883546668 35.4 1.0 2.5 5.0
0.5 0.5 66.3883546668 35.4 1.0 2.5 5.0,3,1.0,0.5 0.5 68.386707032 36.6 1.0 2.5 5.0
0.5 0.5 68.386707032 36.6 1.0 2.5 5.0,3,1.0,0.5 0.5 65.3201430134 24.2 1.0 2.5 5.0
0.5 0.5 65.3201430134 24.2 1.0 2.5 5.0,3,1.0,0.5 0.5 74.9434989761 36.2 1.0 2.5 5.0
0.5 0.5 74.9434989761 36.2 1.0 2.5 5.0,3,1.0,0.5 0.5 60.2445713304 26.4 1.0 2.5 5.0
0.5 0.5 60.2445713304 26.4 1.0 2.5 5.0,3,1.0,0.5 0.5 64.4915753654 33.0 1.0 2.5 5.0
0.5 0.5 64.4915753654 33.0 1.0 2.5 5.0,3,1.0,0.5 0.5 68.0426974523 31.0 1.0 2.5 5.0
1.0 1.0 62.3936258138 22.8 1.0 0.5 5.0,0,1.0,1.0 1.0 62.3771833347 23.0 1.0 1.0 5.0
1.0 1.0 62.3771833347 23.0 1.0 1.0 5.0,0,1.0,1.0 1.0 62.3771833347 23.0 1.0 1.5 5.0
1.0 1.0 62.3771833347 23.0 1.0 1.5 5.0,0,1.0,1.0 1.0 62.3936258138 23.2 1.0 2.0 5.0
1.0 1.0 62.3936258138 23.2 1.0 2.0 5.0,0,1.0,0.5 0.5 71.1532028647 37.4 1.0 2.5 5.0
0.5 0.5 71.1532028647 37.4 1.0 2.5 5.0,3,1.0,0.5 0.5 59.6822111231 31.8 1.0 2.5 5.0
0.5 0.5 59.6822111231 31.8 1.0 2.5 5.0,3,1.0,0.5 0.5 66.1687395291 29.0 1.0 2.5 5.0
0.5 0.5 66.1687395291 29.0 1.0 2.5 5.0,3,1.0,0.5 0.5 59.257725901 26.0 1.0 2.5 5.0
0.5 0.5 59.257725901 26.0 1.0 2.5 5.0,3,1.0,0.5 0.5 55.8329673874 29.0 1.0 2.5 5.0
0.5 0.5 55.8329673874 29.0 1.0 2.5 5.0,3,1.0,0.5 0.5 56.3652948242 31.6 1.0 2.5 5.0
0.5 0.5 56.3652948242 31.6 1.0 2.5 5.0,3,1.0,0.5 0.5 66.875032685 28.6 1.0 2.5 5.0
0.5 0.5 66.875032685 28.6 1.0 2.5 5.0,3,1.0,0.5 0.5 58.698022709 28.6 1.0 2.5 5.0
0.5 0.5 58.698022709 28.6 1.0 2.5 5.0,3,1.0,0.5 0.5 64.9100614633 25.8 1.0 2.5 5.0
0.5 0.5 64.9100614633 25.8 1.0 2.5 5.0,3,1.0,0.5 0.5 54.9020256 31.2 1.0 2.5 5.0
0.5 0.5 54.9020256 31.2 1.0 2.5 5.0,3,1.0,0.5 0.5 53.4234246713 28.8 1.0 2.5 5.0
0.5 0.5 53.4234246713 28.8 1.0 2.5 5.0,3,1.0,0.5 0.5 59.1267724001 37.0 1.0 2.5 5.0
1.0 1.0 44.8452178638 18.5 0.4 1.5 2.0,0,1.0,1.0 1.0 43.1424448839 17.5 0.4 2.0 2.0
1.0 1.0 43.1424448839 17.5 0.4 2.0 2.0,3,1.0,1.0 1.0 50.6470986562 18.0 0.6 2.0 3.0
1.0 1.0 50.6470986562 18.0 0.6 2.0 3.0,3,1.0,1.0 1.0 50.0930725909 21.5 0.8 2.0 4.0
1.0 1.0 50.0930725909 21.5 0.8 2.0 4.0,0,1.0,0.5 0.5 67.8738779619 25.5 0.8 2.5 4.0
0.5 0.5 67.8738779619 25.5 0.8 2.5 4.0,3,1.0,0.5 0.5 73.729609072 37.8 1.0 2.5 5.0
0.5 0.5 73.729609072 37.8 1.0 2.5 5.0,3,1.0,0.5 0.5 60.2939122528 28.8 1.0 2.5 5.0
0.5 0.5 60.2939122528 28.8 1.0 2.5 5.0,4,-1.0,0.5 0.5 55.140571451 30.75 0.8 2.5 4.0
0.5 0.5 55.140571451 30.75 0.8 2.5 4.0,3,1.0,0.5 0.5 64.0029178202 31.8 1.0 2.5 5.0
0.5 0.5 64.0029178202 31.8 1.0 2.5 5.0,3,1.0,0.5 0.5 71.6633327384 39.0 1.0 2.5 5.0
0.5 0.5 71.6633327384 39.0 1.0 2.5 5.0,3,1.0,0.5 0.5 51.4050533573 23.4 1.0 2.5 5.0
0.5 0.5 51.4050533573 23.4 1.0 2.5 5.0,3,1.0,0.5 0.5 57.5222064876 29.2 1.0 2.5 5.0
0.5 0.5 57.5222064876 29.2 1.0 2.5 5.0,3,1.0,0.5 0.5 62.5549702242 29.2 1.0 2.5 5.0
0.5 0.5 62.5549702242 29.2 1.0 2.5 5.0,3,1.0,0.5 0.5 58.6436203741 26.8 1.0 2.5 5.0
0.5 0.5 58.6436203741 26.8 1.0 2.5 5.0,3,1.0,0.5 0.5 56.3686864224 23.8 1.0 2.5 5.0
0.5 0.5 56.3686864224 23.8 1.0 2.5 5.0,2,1.0,0.5 0.5 90.6110500806 67.0 1.0 2.5 5.0
1.0 1.0 44.8452178638 18.5 0.4 1.5 2.0,3,1.0,1.0 1.0 50.8026941507 18.3333333333 0.6 1.5 3.0
1.0 1.0 50.8026941507 18.3333333333 0.6 1.5 3.0,0,1.0,1.0 1.0 50.8026941507 17.6666666667 0.6 2.0 3.0
1.0 1.0 50.8026941507 17.6666666667 0.6 2.0 3.0,3,1.0,1.0 1.0 50.2303223107 21.25 0.8 2.0 4.0
1.0 1.0 50.2303223107 21.25 0.8 2.0 4.0,0,1.0,0.5 0.5 54.7659826267 25.0 0.8 2.5 4.0
0.5 0.5 54.7659826267 25.0 0.8 2.5 4.0,3,1.0,0.5 0.5 74.6264191315 39.4 1.0 2.5 5.0
0.5 0.5 74.6264191315 39.4 1.0 2.5 5.0,3,1.0,0.5 0.5 77.0976148719 34.8 1.0 2.5 5.0
0.5 0.5 77.0976148719 34.8 1.0 2.5 5.0,3,1.0,0.5 0.5 63.888306435 31.2 1.0 2.5 5.0
0.5 0.5 63.888306435 31.2 1.0 2.5 5.0,3,1.0,0.5 0.5 59.4964640288 34.0 1.0 2.5 5.0
0.5 0.5 59.4964640288 34.0 1.0 2.5 5.0,3,1.0,0.5 0.5 80.3234748251 40.0 1.0 2.5 5.0
0.5 0.5 80.3234748251 40.0 1.0 2.5 5.0,3,1.0,0.5 0.5 68.4737421663 33.0 1.0 2.5 5.0
0.5 0.5 68.4737421663 33.0 1.0 2.5 5.0,3,1.0,0.5 0.5 64.1596989068 25.4 1.0 2.5 5.0
0.5 0.5 64.1596989068 25.4 1.0 2.5 5.0,3,1.0,0.5 0.5 57.9942266466 24.2 1.0 2.5 5.0
0.5 0.5 57.9942266466 24.2 1.0 2.5 5.0,2,1.0,0.5 0.5 70.3794593997 29.2 1.0 2.5 5.0
0.5 0.5 70.3794593997 29.2 1.0 2.5 5.0,3,1.0,0.5 0.5 61.0885463592 31.8 1.0 2.5 5.0
0.5 0.5 61.0885463592 31.8 1.0 2.5 5.0,3,1.0,0.5 0.5 58.2792275621 28.4 1.0 2.5 5.0
0.0 0.0 250.0 150.0 0.0 4.0 1.0,1,-1.0,0.0 0.0 250.0 150.0 0.0 3.5 1.0
0.0 0.0 250.0 150.0 0.0 3.5 1.0,1,-1.0,0.0 0.0 250.0 150.0 0.0 3.0 1.0
0.0 0.0 250.0 150.0 0.0 3.0 1.0,1,1.0,0.5 0.5 51.5392477656 18.0 0.2 2.5 1.0
0.5 0.5 51.5392477656 18.0 0.2 2.5 1.0,3,1.0,0.5 0.5 51.8258316974 25.0 0.4 2.5 2.0
0.5 0.5 51.8258316974 25.0 0.4 2.5 2.0,3,1.0,0.5 0.5 67.9601133438 30.6666666667 0.6 2.5 3.0
0.5 0.5 67.9601133438 30.6666666667 0.6 2.5 3.0,3,1.0,0.5 0.5 62.6679439657 28.5 0.8 2.5 4.0
0.5 0.5 62.6679439657 28.5 0.8 2.5 4.0,3,1.0,0.5 0.5 63.5512545289 31.8 1.0 2.5 5.0
0.5 0.5 63.5512545289 31.8 1.0 2.5 5.0,3,1.0,0.5 0.5 58.4897099268 30.8 1.0 2.5 5.0
0.5 0.5 58.4897099268 30.8 1.0 2.5 5.0,3,1.0,0.5 0.5 65.3201430134 24.0 1.0 2.5 5.0
0.5 0.5 65.3201430134 24.0 1.0 2.5 5.0,3,1.0,0.5 0.5 56.1687579558 27.8 1.0 2.5 5.0
0.5 0.5 56.1687579558 27.8 1.0 2.5 5.0,3,1.0,0.5 0.5 59.5760241449 28.0 1.0 2.5 5.0
0.5 0.5 59.5760241449 28.0 1.0 2.5 5.0,3,1.0,0.5 0.5 67.537540682 31.8 1.0 2.5 5.0
0.5 0.5 67.537540682 31.8 1.0 2.5 5.0,3,1.0,0.5 0.5 56.1387354105 23.8 1.0 2.5 5.0
0.5 0.5 56.1387354105 23.8 1.0 2.5 5.0,3,1.0,0.5 0.5 70.8979788688 37.2 1.0 2.5 5.0
0.5 0.5 70.8979788688 37.2 1.0 2.5 5.0,3,1.0,0.5 0.5 57.8236146457 28.8 1.0 2.5 5.0
0.0 0.0 250.0 150.0 0.0 3.0 5.0,1,1.0,0.5 0.5 53.9497722218 26.4 1.0 2.5 5.0
0.5 0.5 53.9497722218 26.4 1.0 2.5 5.0,3,1.0,0.5 0.5 66.8543435595 34.2 1.0 2.5 5.0
0.5 0.5 66.8543435595 34.2 1.0 2.5 5.0,3,1.0,0.5 0.5 67.154131419 34.2 1.0 2.5 5.0
0.5 0.5 67.154131419 34.2 1.0 2.5 5.0,3,1.0,0.5 0.5 60.4281458445 36.4 1.0 2.5 5.0
0.5 0.5 60.4281458445 36.4 1.0 2.5 5.0,3,1.0,0.5 0.5 64.6132219347 33.6 1.0 2.5 5.0
0.5 0.5 64.6132219347 33.6 1.0 2.5 5.0,3,1.0,0.5 0.5 67.4831383472 29.4 1.0 2.5 5.0
0.5 0.5 67.4831383472 29.4 1.0 2.5 5.0,3,1.0,0.5 0.5 70.7627255008 32.8 1.0 2.5 5.0
0.5 0.5 70.7627255008 32.8 1.0 2.5 5.0,3,1.0,0.5 0.5 57.7187603539 31.2 1.0 2.5 5.0
0.5 0.5 57.7187603539 31.2 1.0 2.5 5.0,3,1.0,0.5 0.5 55.0487884619 28.6 1.0 2.5 5.0
0.5 0.5 55.0487884619 28.6 1.0 2.5 5.0,1,-1.0,1.0 1.0 62.3936258138 22.6 1.0 2.0 5.0
1.0 1.0 62.3936258138 22.6 1.0 2.0 5.0,0,1.0,0.5 0.5 66.0521794243 31.6 1.0 2.5 5.0
0.5 0.5 66.0521794243 31.6 1.0 2.5 5.0,3,1.0,0.5 0.5 59.888681342 31.2 1.0 2.5 5.0
0.5 0.5 59.888681342 31.2 1.0 2.5 5.0,3,1.0,0.5 0.5 52.34662279 27.8 1.0 2.5 5.0
0.5 0.5 52.34662279 27.8 1.0 2.5 5.0,3,1.0,0.5 0.5 67.0003386833 36.2 1.0 2.5 5.0
0.5 0.5 67.0003386833 36.2 1.0 2.5 5.0,3,1.0,0.5 0.5 55.1424260235 30.8 1.0 2.5 5.0
1.0 1.0 50.8300982826 18.0 0.6 1.5 3.0,0,1.0,1.0 1.0 50.8300982826 18.3333333333 0.6 2.0 3.0
1.0 1.0 50.8300982826 18.3333333333 0.6 2.0 3.0,3,1.0,1.0 1.0 50.2303223107 20.75 0.8 2.0 4.0
1.0 1.0 50.2303223107 20.75 0.8 2.0 4.0,0,1.0,0.5 0.5 55.5314673327 22.0 0.8 2.5 4.0
0.5 0.5 55.5314673327 22.0 0.8 2.5 4.0,3,1.0,0.5 0.5 53.9497722218 26.8 1.0 2.5 5.0
0.5 0.5 53.9497722218 26.8 1.0 2.5 5.0,3,1.0,0.5 0.5 53.7343896439 28.8 1.0 2.5 5.0
0.5 0.5 53.7343896439 28.8 1.0 2.5 5.0,3,1.0,0.5 0.5 58.6436203741 25.6 1.0 2.5 5.0
0.5 0.5 58.6436203741 25.6 1.0 2.5 5.0,3,1.0,0.5 0.5 62.4480281487 26.2 1.0 2.5 5.0
0.5 0.5 62.4480281487 26.2 1.0 2.5 5.0,3,1.0,0.5 0.5 60.9576390405 26.6 1.0 2.5 5.0
0.5 0.5 60.9576390405 26.6 1.0 2.5 5.0,3,1.0,0.5 0.5 76.3148051288 42.2 1.0 2.5 5.0
0.5 0.5 76.3148051288 42.2 1.0 2.5 5.0,3,1.0,0.5 0.5 74.3802092572 45.4 1.0 2.5 5.0
0.5 0.5 74.3802092572 45.4 1.0 2.5 5.0,3,1.0,0.5 0.5 68.2409742622 37.0 1.0 2.5 5.0
0.5 0.5 68.2409742622 37.0 1.0 2.5 5.0,3,1.0,0.5 0.5 60.012421527 28.6 1.0 2.5 5.0
0.5 0.5 60.012421527 28.6 1.0 2.5 5.0,3,1.0,0.5 0.5 66.2361737928 31.8 1.0 2.5 5.0
0.5 0.5 66.2361737928 31.8 1.0 2.5 5.0,3,1.0,0.5 0.5 62.8845363917 26.6 1.0 2.5 5.0
0.5 0.5 62.8845363917 26.6 1.0 2.5 5.0,3,1.0,0.5 0.5 62.0053218797 34.0 1.0 2.5 5.0
1.0 1.0 63.7296034668 22.4 1.0 0.5 5.0,0,1.0,1.0 1.0 57.4348043582 23.2 1.0 1.0 5.0
1.0 1.0 57.4348043582 23.2 1.0 1.0 5.0,0,1.0,1.0 1.0 62.3936258138 23.4 1.0 1.5 5.0
1.0 1.0 62.3936258138 23.4 1.0 1.5 5.0,0,1.0,1.0 1.0 62.3936258138 23.0 1.0 2.0 5.0
1.0 1.0 62.3936258138 23.0 1.0 2.0 5.0,0,1.0,0.5 0.5 61.6719051681 33.4 1.0 2.5 5.0
0.5 0.5 61.6719051681 33.4 1.0 2.5 5.0,3,1.0,0.5 0.5 57.3257871977 28.8 1.0 2.5 5.0
0.5 0.5 57.3257871977 28.8 1.0 2.5 5.0,2,1.0,0.5 0.5 69.3108714994 32.0 1.0 2.5 5.0
0.5 0.5 69.3108714994 32.0 1.0 2.5 5.0,3,1.0,0.5 0.5 63.3914650668 31.0 1.0 2.5 5.0
0.5 0.5 63.3914650668 31.0 1.0 2.5 5.0,3,1.0,0.5 0.5 56.7038203946 56.6 1.0 2.5 5.0
0.5 0.5 56.7038203946 56.6 1.0 2.5 5.0,3,1.0,0.5 0.5 60.773290819 31.8 1.0 2.5 5.0
0.5 0.5 60.773290819 31.8 1.0 2.5 5.0,3,1.0,0.5 0.5 54.9998852695 21.2 1.0 2.5 5.0
0.5 0.5 54.9998852695 21.2 1.0 2.5 5.0,3,1.0,0.5 0.5 67.4369851741 31.8 1.0 2.5 5.0
0.5 0.5 67.4369851741 31.8 1.0 2.5 5.0,3,1.0,0.5 0.5 63.2869753271 32.2 1.0 2.5 5.0
0.5 0.5 63.2869753271 32.2 1.0 2.5 5.0,3,1.0,0.5 0.5 65.3390411725 37.0 1.0 2.5 5.0
0.5 0.5 65.3390411725 37.0 1.0 2.5 5.0,3,1.0,0.5 0.5 70.68743469 31.8 1.0 2.5 5.0
0.5 0.5 70.68743469 31.8 1.0 2.5 5.0,3,1.0,0.5 0.5 65.2082043955 26.4 1.0 2.5 5.0
0.5 0.5 54.2792385424 23.4 1.0 2.5 5.0,3,1.0,0.5 0.5 73.6837205345 34.0 1.0 2.5 5.0
0.5 0.5 73.6837205345 34.0 1.0 2.5 5.0,3,1.0,0.5 0.5 62.0189409708 31.0 1.0 2.5 5.0
0.5 0.5 62.0189409708 31.0 1.0 2.5 5.0,3,1.0,0.5 0.5 60.3423989968 31.4 1.0 2.5 5.0
0.5 0.5 60.3423989968 31.4 1.0 2.5 5.0,3,1.0,0.5 0.5 53.9164275943 26.0 1.0 2.5 5.0
0.5 0.5 53.9164275943 26.0 1.0 2.5 5.0,2,1.0,0.5 0.5 64.6249228699 31.6 1.0 2.5 5.0
0.5 0.5 64.6249228699 31.6 1.0 2.5 5.0,3,1.0,0.5 0.5 72.4325875607 34.6 1.0 2.5 5.0
0.5 0.5 72.4325875607 34.6 1.0 2.5 5.0,3,1.0,0.5 0.5 58.0660533151 29.0 1.0 2.5 5.0
0.5 0.5 58.0660533151 29.0 1.0 2.5 5.0,3,1.0,0.5 0.5 55.1633998472 28.2 1.0 2.5 5.0
0.5 0.5 55.1633998472 28.2 1.0 2.5 5.0,3,1.0,0.5 0.5 76.4890011525 39.8 1.0 2.5 5.0
0.5 0.5 76.4890011525 39.8 1.0 2.5 5.0,3,1.0,0.5 0.5 62.5739076169 31.8 1.0 2.5 5.0
0.5 0.5 62.5739076169 31.8 1.0 2.5 5.0,3,1.0,0.5 0.5 65.007426308 31.8 1.0 2.5 5.0
0.5 0.5 65.007426308 31.8 1.0 2.5 5.0,3,1.0,0.5 0.5 58.1906882394 25.4 1.0 2.5 5.0
0.5 0.5 58.1906882394 25.4 1.0 2.5 5.0,3,1.0,0.5 0.5 60.6910762378 31.4 1.0 2.5 5.0
0.5 0.5 60.6910762378 31.4 1.0 2.5 5.0,3,1.0,0.5 0.5 55.5189509073 28.8 1.0 2.5 5.0
0.5 0.5 55.5189509073 28.8 1.0 2.5 5.0,2,1.0,0.5 0.5 55.4754914002 30.4 1.0 2.5 5.0
1.0 1.0 51.5392477656 18.0 0.2 0.5 1.0,0,1.0,1.0 1.0 51.5392477656 18.0 0.2 1.0 1.0
1.0 1.0 51.5392477656 18.0 0.2 1.0 1.0,3,1.0,1.0 1.0 43.1424448839 18.0 0.4 1.0 2.0
1.0 1.0 43.1424448839 18.0 0.4 1.0 2.0,0,1.0,1.0 1.0 43.1424448839 18.5 0.4 1.5 2.0
1.0 1.0 43.1424448839 18.5 0.4 1.5 2.0,0,1.0,1.0 1.0 44.8452178638 18.5 0.4 2.0 2.0
1.0 1.0 44.8452178638 18.5 0.4 2.0 2.0,3,1.0,1.0 1.0 50.8300982826 18.0 0.6 2.0 3.0
1.0 1.0 50.8300982826 18.0 0.6 2.0 3.0,0,1.0,0.5 0.5 64.5146369248 30.6666666667 0.6 2.5 3.0
0.5 0.5 64.5146369248 30.6666666667 0.6 2.5 3.0,3,1.0,0.5 0.5 62.0527680225 28.5 0.8 2.5 4.0
0.5 0.5 62.0527680225 28.5 0.8 2.5 4.0,3,1.0,0.5 0.5 71.1021764472 31.0 1.0 2.5 5.0
0.5 0.5 71.1021764472 31.0 1.0 2.5 5.0,3,1.0,0.5 0.5 61.100900913 33.6 1.0 2.5 5.0
0.5 0.5 61.100900913 33.6 1.0 2.5 5.0,3,1.0,0.5 0.5 72.363126993 34.4 1.0 2.5 5.0
0.5 0.5 72.363126993 34.4 1.0 2.5 5.0,3,1.0,0.5 0.5 51.8862340827 28.8 1.0 2.5 5.0
0.5 0.5 51.8862340827 28.8 1.0 2.5 5.0,3,1.0,0.5 0.5 66.4630910343 34.0 1.0 2.5 5.0
0.5 0.5 66.4630910343 34.0 1.0 2.5 5.0,3,1.0,0.5 0.5 79.3265317631 39.4 1.0 2.5 5.0
0.5 0.5 79.3265317631 39.4 1.0 2.5 5.0,3,1.0,0.5 0.5 71.2681865553 32.0 1.0 2.5 5.0
0.5 0.5 71.2681865553 32.0 1.0 2.5 5.0,3,1.0,0.5 0.5 63.0310868906 33.2 1.0 2.5 5.0
0.0 0.0 250.0 150.0 0.0 4.0 5.0,1,-1.0,0.0 0.0 250.0 150.0 0.0 3.5 5.0
0.0 0.0 250.0 150.0 0.0 3.5 5.0,1,-1.0,0.0 0.0 250.0 150.0 0.0 3.0 5.0
0.0 0.0 250.0 150.0 0.0 3.0 5.0,1,1.0,0.5 0.5 63.8394032426 24.0 1.0 2.5 5.0
0.5 0.5 63.8394032426 24.0 1.0 2.5 5.0,3,1.0,0.5 0.5 78.712499491 42.2 1.0 2.5 5.0
0.5 0.5 78.712499491 42.2 1.0 2.5 5.0,3,1.0,0.5 0.5 61.0469385036 31.8 1.0 2.5 5.0
0.5 0.5 61.0469385036 31.8 1.0 2.5 5.0,3,1.0,0.5 0.5 53.7945986943 25.4 1.0 2.5 5.0
0.5 0.5 53.7945986943 25.4 1.0 2.5 5.0,2,1.0,0.5 0.5 74.9434989761 35.6 1.0 2.5 5.0
0.5 0.5 74.9434989761 35.6 1.0 2.5 5.0,3,1.0,0.5 0.5 58.6436203741 25.4 1.0 2.5 5.0
0.5 0.5 58.6436203741 25.4 1.0 2.5 5.0,3,1.0,0.5 0.5 62.6341166674 29.4 1.0 2.5 5.0
0.5 0.5 62.6341166674 29.4 1.0 2.5 5.0,3,1.0,0.5 0.5 70.905499888 29.6 1.0 2.5 5.0
0.5 0.5 70.905499888 29.6 1.0 2.5 5.0,3,1.0,0.5 0.5 62.2790820473 31.8 1.0 2.5 5.0
0.5 0.5 62.2790820473 31.8 1.0 2.5 5.0,3,1.0,0.5 0.5 67.3228638837 32.0 1.0 2.5 5.0
0.5 0.5 67.3228638837 32.0 1.0 2.5 5.0,3,1.0,0.5 0.5 57.3292215561 26.4 1.0 2.5 5.0
0.5 0.5 57.3292215561 26.4 1.0 2.5 5.0,3,1.0,0.5 0.5 100.882505223 89.4 1.0 2.5 5.0
0.5 0.5 100.882505223 89.4 1.0 2.5 5.0,3,1.0,0.5 0.5 72.2239438486 39.8 1.0 2.5 5.0
1.0 1.0 50.8300982826 19.0 0.6 1.0 3.0,0,1.0,1.0 1.0 50.8300982826 18.0 0.6 1.5 3.0
1.0 1.0 50.8300982826 18.0 0.6 1.5 3.0,0,1.0,1.0 1.0 50.8300982826 18.6666666667 0.6 2.0 3.0
1.0 1.0 50.8300982826 18.6666666667 0.6 2.0 3.0,0,1.0,0.5 0.5 71.81969157 36.3333333333 0.6 2.5 3.0
0.5 0.5 71.81969157 36.3333333333 0.6 2.5 3.0,3,1.0,0.5 0.5 60.6455797145 30.75 0.8 2.5 4.0
0.5 0.5 60.6455797145 30.75 0.8 2.5 4.0,3,1.0,0.5 0.5 57.8555731639 28.0 1.0 2.5 5.0
0.5 0.5 57.8555731639 28.0 1.0 2.5 5.0,3,1.0,0.5 0.5 71.4783936058 37.6 1.0 2.5 5.0
0.5 0.5 71.4783936058 37.6 1.0 2.5 5.0,3,1.0,0.5 0.5 58.9134052869 26.4 1.0 2.5 5.0
0.5 0.5 58.9134052869 26.4 1.0 2.5 5.0,3,1.0,0.5 0.5 80.0154995348 39.6 1.0 2.5 5.0
0.5 0.5 80.0154995348 39.6 1.0 2.5 5.0,3,1.0,0.5 0.5 57.9044608475 26.4 1.0 2.5 5.0
0.5 0.5 57.9044608475 26.4 1.0 2.5 5.0,3,1.0,0.5 0.5 67.3321603738 34.6 1.0 2.5 5.0
0.5 0.5 67.3321603738 34.6 1.0 2.5 5.0,3,1.0,0.5 0.5 70.9282143642 38.2 1.0 2.5 5.0
0.5 0.5 70.9282143642 38.2 1.0 2.5 5.0,3,1.0,0.5 0.5 59.2070351565 32.0 1.0 2.5 5.0
0.5 0.5 59.2070351565 32.0 1.0 2.5 5.0,2,1.0,0.5 0.5 69.0553706691 34.4 1.0 2.5 5.0
0.5 0.5 69.0553706691 34.4 1.0 2.5 5.0,3,1.0,0.5 0.5 71.2885925405 37.6 1.0 2.5 5.0
0.5 0.5 71.2885925405 37.6 1.0 2.5 5.0,3,1.0,0.5 0.5 52.8919400988 27.2 1.0 2.5 5.0
0.0 0.0 250.0 150.0 0.0 3.0 5.0,1,1.0,0.5 0.5 54.9998852695 21.2 1.0 2.5 5.0
0.5 0.5 54.9998852695 21.2 1.0 2.5 5.0,2,1.0,0.5 0.5 64.6752036163 37.4 1.0 2.5 5.0
0.5 0.5 64.6752036163 37.4 1.0 2.5 5.0,3,1.0,0.5 0.5 62.6341166674 29.0 1.0 2.5 5.0
0.5 0.5 62.6341166674 29.0 1.0 2.5 5.0,3,1.0,0.5 0.5 56.3339639871 26.6 1.0 2.5 5.0
0.5 0.5 56.3339639871 26.6 1.0 2.5 5.0,2,1.0,0.5 0.5 67.7363987066 39.0 1.0 2.5 5.0
0.5 0.5 67.7363987066 39.0 1.0 2.5 5.0,3,1.0,0.5 0.5 74.8383447957 39.6 1.0 2.5 5.0
0.5 0.5 74.8383447957 39.6 1.0 2.5 5.0,3,1.0,0.5 0.5 63.2869753271 30.6 1.0 2.5 5.0
0.5 0.5 63.2869753271 30.6 1.0 2.5 5.0,3,1.0,0.5 0.5 57.9600629036 29.2 1.0 2.5 5.0
0.5 0.5 57.9600629036 29.2 1.0 2.5 5.0,2,1.0,0.5 0.5 65.2887604261 31.8 1.0 2.5 5.0
0.5 0.5 65.2887604261 31.8 1.0 2.5 5.0,2,1.0,0.5 0.5 64.6249228699 31.8 1.0 2.5 5.0
0.5 0.5 64.6249228699 31.8 1.0 2.5 5.0,3,1.0,0.5 0.5 50.9066246396 31.0 1.0 2.5 5.0
0.5 0.5 50.9066246396 31.0 1.0 2.5 5.0,3,1.0,0.5 0.5 69.4622436145 34.4 1.0 2.5 5.0
0.5 0.5 69.4622436145 34.4 1.0 2.5 5.0,2,1.0,0.5 0.5 55.9940059754 26.6 1.0 2.5 5.0
0.5 0.5 55.9940059754 26.6 1.0 2.5 5.0,3,1.0,0.5 0.5 53.4234246713 27.4 1.0 2.5 5.0
0.5 0.5 53.4234246713 27.4 1.0 2.5 5.0,3,1.0,0.5 0.5 67.284960127 34.6 1.0 2.5 5.0
0.5 0.5 82.2910029319 53.4 1.0 2.5 5.0,3,1.0,0.5 0.5 67.0172399983 31.6 1.0 2.5 5.0
0.5 0.5 67.0172399983 31.6 1.0 2.5 5.0,3,1.0,0.5 0.5 68.3912229423 34.2 1.0 2.5 5.0
0.5 0.5 68.3912229423 34.2 1.0 2.5 5.0,3,1.0,0.5 0.5 62.5739076169 32.0 1.0 2.5 5.0
0.5 0.5 62.5739076169 32.0 1.0 2.5 5.0,2,1.0,0.5 0.5 62.1061385189 28.0 1.0 2.5 5.0
0.5 0.5 62.1061385189 28.0 1.0 2.5 5.0,3,1.0,0.5 0.5 63.4992634468 32.0 1.0 2.5 5.0
0.5 0.5 63.4992634468 32.0 1.0 2.5 5.0,3,1.0,0.5 0.5 56.9415301106 29.0 1.0 2.5 5.0
0.5 0.5 56.9415301106 29.0 1.0 2.5 5.0,3,1.0,0.5 0.5 55.730429463 33.8 1.0 2.5 5.0
0.5 0.5 55.730429463 33.8 1.0 2.5 5.0,3,1.0,0.5 0.5 59.5760241449 28.8 1.0 2.5 5.0
0.5 0.5 59.5760241449 28.8 1.0 2.5 5.0,3,1.0,0.5 0.5 57.7167568168 34.2 1.0 2.5 5.0
0.5 0.5 57.7167568168 34.2 1.0 2.5 5.0,3,1.0,0.5 0.5 64.1521778876 33.6 1.0 2.5 5.0
0.5 0.5 64.1521778876 33.6 1.0 2.5 5.0,3,1.0,0.5 0.5 63.1869484358 26.0 1.0 2.5 5.0
0.5 0.5 63.1869484358 26.0 1.0 2.5 5.0,3,1.0,0.5 0.5 63.7624269667 24.8 1.0 2.5 5.0
0.5 0.5 63.7624269667 24.8 1.0 2.5 5.0,3,1.0,0.5 0.5 54.5209992715 29.0 1.0 2.5 5.0
0.5 0.5 54.5209992715 29.0 1.0 2.5 5.0,3,1.0,0.5 0.5 51.8978193929 23.6 1.0 2.5 5.0
0.5 0.5 51.8978193929 23.6 1.0 2.5 5.0,3,1.0,0.5 0.5 62.1546252629 31.6 1.0 2.5 5.0
1.0 1.0 43.1424448839 18.5 0.4 0.5 2.0,0,1.0,1.0 1.0 43.1424448839 17.0 0.4 1.0 2.0
1.0 1.0 43.1424448839 17.0 0.4 1.0 2.0,0,1.0,1.0 1.0 55.5515275467 18.0 0.4 1.5 2.0
1.0 1.0 55.5515275467 18.0 0.4 1.5 2.0,3,1.0,1.0 1.0 50.8300982826 18.0 0.6 1.5 3.0
1.0 1.0 50.8300982826 18.0 0.6 1.5 3.0,0,1.0,1.0 1.0 50.8300982826 18.3333333333 0.6 2.0 3.0
1.0 1.0 50.8300982826 18.3333333333 0.6 2.0 3.0,0,1.0,0.5 0.5 66.9003016722 26.6666666667 0.6 2.5 3.0
0.5 0.5 66.9003016722 26.6666666667 0.6 2.5 3.0,3,1.0,0.5 0.5 49.6317148131 31.25 0.8 2.5 4.0
0.5 0.5 49.6317148131 31.25 0.8 2.5 4.0,3,1.0,0.5 0.5 68.9640728468 37.2 1.0 2.5 5.0
0.5 0.5 68.9640728468 37.2 1.0 2.5 5.0,3,1.0,0.5 0.5 65.1033501036 28.8 1.0 2.5 5.0
0.5 0.5 65.1033501036 28.8 1.0 2.5 5.0,3,1.0,0.5 0.5 54.0178642952 26.2 1.0 2.5 5.0
0.5 0.5 54.0178642952 26.2 1.0 2.5 5.0,2,1.0,0.5 0.5 56.9758787395 33.8 1.0 2.5 5.0
0.5 0.5 56.9758787395 33.8 1.0 2.5 5.0,3,1.0,0.5 0.5 78.1213206916 37.0 1.0 2.5 5.0
0.5 0.5 78.1213206916 37.0 1.0 2.5 5.0,3,1.0,0.5 0.5 63.8579414751 34.4 1.0 2.5 5.0
0.5 0.5 63.8579414751 34.4 1.0 2.5 5.0,3,1.0,0.5 0.5 62.8557366893 39.4 1.0 2.5 5.0
0.5 0.5 62.8557366893 39.4 1.0 2.5 5.0,3,1.0,0.5 0.5 63.1353849613 29.0 1.0 2.5 5.0
0.5 0.5 63.1353849613 29.0 1.0 2.5 5.0,2,1.0,0.5 0.5 63.3123659651 34.6 1.0 2.5 5.0
0.5 0.5 55.0371252952 19.0 0.8 2.5 4.0,3,1.0,0.5 0.5 74.8135439603 40.0 1.0 2.5 5.0
0.5 0.5 74.8135439603 40.0 1.0 2.5 5.0,3,1.0,0.5 0.5 60.8749174302 32.2 1.0 2.5 5.0
0.5 0.5 60.8749174302 32.2 1.0 2.5 5.0,3,1.0,0.5 0.5 81.8694194507 42.6 1.0 2.5 5.0
0.5 0.5 81.8694194507 42.6 1.0 2.5 5.0,3,1.0,0.5 0.5 55.4698285921 31.8 1.0 2.5 5.0
0.5 0.5 55.4698285921 31.8 1.0 2.5 5.0,3,1.0,0.5 0.5 66.8516110923 30.6 1.0 2.5 5.0
0.5 0.5 66.8516110923 30.6 1.0 2.5 5.0,3,1.0,0.5 0.5 60.8208262305 28.8 1.0 2.5 5.0
0.5 0.5 60.8208262305 28.8 1.0 2.5 5.0,3,1.0,0.5 0.5 53.3648350114 30.2 1.0 2.5 5.0
0.5 0.5 53.3648350114 30.2 1.0 2.5 5.0,3,1.0,0.5 0.5 67.537540682 32.0 1.0 2.5 5.0
0.5 0.5 67.537540682 32.0 1.0 2.5 5.0,3,1.0,0.5 0.5 58.1906882394 24.8 1.0 2.5 5.0
0.5 0.5 58.1906882394 24.8 1.0 2.5 5.0,3,1.0,0.5 0.5 64.3095575316 31.6 1.0 2.5 5.0
0.5 0.5 64.3095575316 31.6 1.0 2.5 5.0,3,1.0,0.5 0.5 55.5674376513 29.8 1.0 2.5 5.0
0.5 0.5 55.5674376513 29.8 1.0 2.5 5.0,3,1.0,0.5 0.5 64.1532875243 34.2 1.0 2.5 5.0
0.5 0.5 64.1532875243 34.2 1.0 2.5 5.0,3,1.0,0.5 0.5 68.3176068857 34.6 1.0 2.5 5.0
0.5 0.5 68.3176068857 34.6 1.0 2.5 5.0,3,1.0,0.5 0.5 66.048957189 36.0 1.0 2.5 5.0
0.5 0.5 66.048957189 36.0 1.0 2.5 5.0,2,1.0,0.5 0.5 56.3521818864 29.2 1.0 2.5 5.0
1.0 1.0 57.544604134 23.0 1.0 2.0 5.0,0,1.0,0.5 0.5 61.7585332035 36.8 1.0 2.5 5.0
0.5 0.5 61.7585332035 36.8 1.0 2.5 5.0,3,1.0,0.5 0.5 69.3446846122 39.2 1.0 2.5 5.0
0.5 0.5 69.3446846122 39.2 1.0 2.5 5.0,3,1.0,0.5 0.5 69.5017465486 31.2 1.0 2.5 5.0
0.5 0.5 69.5017465486 31.2 1.0 2.5 5.0,3,1.0,0.5 0.5 63.3914650668 30.6 1.0 2.5 5.0
0.5 0.5 63.3914650668 30.6 1.0 2.5 5.0,2,1.0,0.5 0.5 62.6694205671 28.8 1.0 2.5 5.0
0.5 0.5 62.6694205671 28.8 1.0 2.5 5.0,3,1.0,0.5 0.5 70.7213490295 29.0 1.0 2.5 5.0
0.5 0.5 70.7213490295 29.0 1.0 2.5 5.0,3,1.0,0.5 0.5 58.6436203741 26.8 1.0 2.5 5.0
0.5 0.5 58.6436203741 26.8 1.0 2.5 5.0,2,1.0,0.5 0.5 65.2082043955 26.6 1.0 2.5 5.0
0.5 0.5 65.2082043955 26.6 1.0 2.5 5.0,3,1.0,0.5 0.5 72.5089857329 33.8 1.0 2.5 5.0
0.5 0.5 72.5089857329 33.8 1.0 2.5 5.0,3,1.0,0.5 0.5 54.6122067105 28.4 1.0 2.5 5.0
0.5 0.5 54.6122067105 28.4 1.0 2.5 5.0,2,1.0,0.5 0.5 77.046775689 47.6 1.0 2.5 5.0
0.5 0.5 77.046775689 47.6 1.0 2.5 5.0,3,1.0,0.5 0.5 53.3592407866 26.4 1.0 2.5 5.0
0.5 0.5 53.3592407866 26.4 1.0 2.5 5.0,3,1.0,0.5 0.5 68.9449338716 37.0 1.0 2.5 5.0
0.5 0.5 68.9449338716 37.0 1.0 2.5 5.0,3,1.0,0.5 0.5 66.321825126 31.8 1.0 2.5 5.0
0.5 0.5 66.321825126 31.8 1.0 2.5 5.0,3,1.0,0.5 0.5 76.5335786104 34.0 1.0 2.5 5.0
0.0 0.0 250.0 150.0 0.0 4.0 5.0,1,-1.0,0.0 0.0 250.0 150.0 0.0 3.5 5.0
0.0 0.0 250.0 150.0 0.0 3.5 5.0,1,-1.0,0.0 0.0 250.0 150.0 0.0 3.0 5.0
0.0 0.0 250.0 150.0 0.0 3.0 5.0,1,1.0,0.5 0.5 62.2662475834 35.6 1.0 2.5 5.0
0.5 0.5 62.2662475834 35.6 1.0 2.5 5.0,3,1.0,0.5 0.5 66.406393047 33.4 1.0 2.5 5.0
0.5 0.5 66.406393047 33.4 1.0 2.5 5.0,3,1.0,0.5 0.5 62.7559455674 29.0 1.0 2.5 5.0
0.5 0.5 62.7559455674 29.0 1.0 2.5 5.0,2,1.0,0.5 0.5 59.2070351565 31.0 1.0 2.5 5.0
0.5 0.5 59.2070351565 31.0 1.0 2.5 5.0,3,1.0,0.5 0.5 69.90460567 35.0 1.0 2.5 5.0
0.5 0.5 69.90460567 35.0 1.0 2.5 5.0,3,1.0,0.5 0.5 50.9427971646 23.8 1.0 2.5 5.0
0.5 0.5 50.9427971646 23.8 1.0 2.5 5.0,3,1.0,0.5 0.5 66.7172053935 34.2 1.0 2.5 5.0
0.5 0.5 66.7172053935 34.2 1.0 2.5 5.0,3,1.0,0.5 0.5 67.2377392282 37.4 1.0 2.5 5.0
0.5 0.5 67.2377392282 37.4 1.0 2.5 5.0,3,1.0,0.5 0.5 68.861535551 34.2 1.0 2.5 5.0
0.5 0.5 68.861535551 34.2 1.0 2.5 5.0,2,1.0,0.5 0.5 59.8887408502 21.2 1.0 2.5 5.0
0.5 0.5 59.8887408502 21.2 1.0 2.5 5.0,3,1.0,0.5 0.5 57.7928979027 29.0 1.0 2.5 5.0
0.5 0.5 57.7928979027 29.0 1.0 2.5 5.0,3,1.0,0.5 0.5 72.9093203774 39.6 1.0 2.5 5.0
0.5 0.5 72.9093203774 39.6 1.0 2.5 5.0,2,1.0,0.5 0.5 67.1567556035 34.2 1.0 2.5 5.0
0.0 0.0 250.0 150.0 0.0 4.0 5.0,1,-1.0,0.0 0.0 250.0 150.0 0.0 3.5 5.0
0.0 0.0 250.0 150.0 0.0 3.5 5.0,1,-1.0,0.0 0.0 250.0 150.0 0.0 3.0 5.0
0.0 0.0 250.0 150.0 0.0 3.0 5.0,1,1.0,0.5 0.5 57.4047608939 26.0 1.0 2.5 5.0
0.5 0.5 57.4047608939 26.0 1.0 2.5 5.0,3,1.0,0.5 0.5 65.9462783179 32.0 1.0 2.5 5.0
0.5 0.5 65.9462783179 32.0 1.0 2.5 5.0,3,1.0,0.5 0.5 64.8946089643 31.4 1.0 2.5 5.0
0.5 0.5 64.8946089643 31.4 1.0 2.5 5.0,3,1.0,0.5 0.5 60.4233400117 31.8 1.0 2.5 5.0
0.5 0.5 60.4233400117 31.8 1.0 2.5 5.0,2,1.0,0.5 0.5 64.055302623 31.0 1.0 2.5 5.0
0.5 0.5 64.055302623 31.0 1.0 2.5 5.0,2,1.0,0.5 0.5 72.5089857329 33.6 1.0 2.5 5.0
0.5 0.5 72.5089857329 33.6 1.0 2.5 5.0,3,1.0,0.5 0.5 66.0521794243 31.8 1.0 2.5 5.0
0.5 0.5 66.0521794243 31.8 1.0 2.5 5.0,3,1.0,0.5 0.5 64.2280683036 36.4 1.0 2.5 5.0
0.5 0.5 64.2280683036 36.4 1.0 2.5 5.0,3,1.0,0.5 0.5 58.9134052869 26.6 1.0 2.5 5.0
0.5 0.5 58.9134052869 26.6 1.0 2.5 5.0,3,1.0,0.5 0.5 60.5819478976 28.8 1.0 2.5 5.0
0.5 0.5 60.5819478976 28.8 1.0 2.5 5.0,3,1.0,0.5 0.5 73.6062346616 41.8 1.0 2.5 5.0
0.5 0.5 73.6062346616 41.8 1.0 2.5 5.0,3,1.0,0.5 0.5 59.8541170133 30.8 1.0 2.5 5.0
0.5 0.5 59.8541170133 30.8 1.0 2.5 5.0,3,1.0,0.5 0.5 60.3148335711 27.0 1.0 2.5 5.0
0.0 0.0 250.0 150.0 0.0 3.5 3.0,1,-1.0,0.0 0.0 250.0 150.0 0.0 3.0 3.0
0.0 0.0 250.0 150.0 0.0 3.0 3.0,1,1.0,0.5 0.5 56.6238237932 30.0 0.6 2.5 3.0
0.5 0.5 56.6238237932 30.0 0.6 2.5 3.0,3,1.0,0.5 0.5 76.6454249166 40.5 0.8 2.5 4.0
0.5 0.5 76.6454249166 40.5 0.8 2.5 4.0,3,1.0,0.5 0.5 78.1993224756 36.0 1.0 2.5 5.0
0.5 0.5 78.1993224756 36.0 1.0 2.5 5.0,3,1.0,0.5 0.5 69.2899501811 31.6 1.0 2.5 5.0
0.5 0.5 69.2899501811 31.6 1.0 2.5 5.0,3,1.0,0.5 0.5 58.3172376305 31.4 1.0 2.5 5.0
0.5 0.5 58.3172376305 31.4 1.0 2.5 5.0,3,1.0,0.5 0.5 64.5661998685 30.8 1.0 2.5 5.0
0.5 0.5 64.5661998685 30.8 1.0 2.5 5.0,3,1.0,0.5 0.5 61.2292640995 35.6 1.0 2.5 5.0
0.5 0.5 61.2292640995 35.6 1.0 2.5 5.0,3,1.0,0.5 0.5 54.9998852695 21.4 1.0 2.5 5.0
0.5 0.5 54.9998852695 21.4 1.0 2.5 5.0,3,1.0,0.5 0.5 63.2869753271 30.8 1.0 2.5 5.0
0.5 0.5 63.2869753271 30.8 1.0 2.5 5.0,3,1.0,0.5 0.5 65.2082043955 25.6 1.0 2.5 5.0
0.5 0.5 65.2082043955 25.6 1.0 2.5 5.0,3,1.0,0.5 0.5 64.485487348 26.6 1.0 2.5 5.0
0.5 0.5 64.485487348 26.6 1.0 2.5 5.0,3,1.0,0.5 0.5 68.7513839921 31.6 1.0 2.5 5.0
0.5 0.5 68.7513839921 31.6 1.0 2.5 5.0,3,1.0,0.5 0.5 56.5875388076 29.2 1.0 2.5 5.0
0.5 0.5 56.5875388076 29.2 1.0 2.5 5.0,3,1.0,0.5 0.5 73.0155841944 36.2 1.0 2.5 5.0
1.0 1.0 62.283826038 23.0 1.0 2.0 5.0,0,1.0,0.5 0.5 66.4804330119 29.0 1.0 2.5 5.0
0.5 0.5 66.4804330119 29.0 1.0 2.5 5.0,3,1.0,0.5 0.5 61.9558883587 36.2 1.0 2.5 5.0
0.5 0.5 61.9558883587 36.2 1.0 2.5 5.0,3,1.0,0.5 0.5 67.4873067667 31.6 1.0 2.5 5.0
0.5 0.5 67.4873067667 31.6 1.0 2.5 5.0,3,1.0,0.5 0.5 57.3587425991 31.8 1.0 2.5 5.0
0.5 0.5 57.3587425991 31.8 1.0 2.5 5.0,2,1.0,0.5 0.5 63.2869753271 30.8 1.0 2.5 5.0
0.5 0.5 63.2869753271 30.8 1.0 2.5 5.0,3,1.0,0.5 0.5 62.3608729398 34.0 1.0 2.5 5.0
0.5 0.5 62.3608729398 34.0 1.0 2.5 5.0,3,1.0,0.5 0.5 71.1532028647 37.0 1.0 2.5 5.0
0.5 0.5 71.1532028647 37.0 1.0 2.5 5.0,3,1.0,0.5 0.5 68.1500636876 34.2 1.0 2.5 5.0
0.5 0.5 68.1500636876 34.2 1.0 2.5 5.0,3,1.0,0.5 0.5 53.878193802 30.4 1.0 2.5 5.0
0.5 0.5 53.878193802 30.4 1.0 2.5 5.0,3,1.0,0.5 0.5 61.2115293077 36.2 1.0 2.5 5.0
0.5 0.5 61.2115293077 36.2 1.0 2.5 5.0,3,1.0,0.5 0.5 73.5162752869 38.6 1.0 2.5 5.0
0.5 0.5 73.5162752869 38.6 1.0 2.5 5.0,3,1.0,0.5 0.5 59.952022623 31.4 1.0 2.5 5.0
0.5 0.5 59.952022623 31.4 1.0 2.5 5.0,3,1.0,0.5 0.5 57.1626495122 56.2 1.0 2.5 5.0
0.5 0.5 57.1626495122 56.2 1.0 2.5 5.0,3,1.0,0.5 0.5 64.0029178202 31.8 1.0 2.5 5.0
0.5 0.5 64.0029178202 31.8 1.0 2.5 5.0,3,1.0,0.5 0.5 65.5455809627 29.0 1.0 2.5 5.0
0.5 0.5 70.2090110971 36.0 1.0 2.5 5.0,3,1.0,0.5 0.5 55.2806884623 25.8 1.0 2.5 5.0
0.5 0.5 55.2806884623 25.8 1.0 2.5 5.0,3,1.0,0.5 0.5 68.7513839921 32.0 1.0 2.5 5.0
0.5 0.5 68.7513839921 32.0 1.0 2.5 5.0,3,1.0,0.5 0.5 63.2869753271 32.0 1.0 2.5 5.0
0.5 0.5 63.2869753271 32.0 1.0 2.5 5.0,3,1.0,0.5 0.5 58.4366484618 30.8 1.0 2.5 5.0
0.5 0.5 58.4366484618 30.8 1.0 2.5 5.0,3,1.0,0.5 0.5 59.2408012872 21.4 1.0 2.5 5.0
0.5 0.5 59.2408012872 21.4 1.0 2.5 5.0,3,1.0,0.5 0.5 64.3472384343 31.6 1.0 2.5 5.0
0.5 0.5 64.3472384343 31.6 1.0 2.5 5.0,3,1.0,0.5 0.5 65.1328203682 31.6 1.0 2.5 5.0
0.5 0.5 65.1328203682 31.6 1.0 2.5 5.0,3,1.0,0.5 0.5 57.8236146457 29.2 1.0 2.5 5.0
0.5 0.5 57.8236146457 29.2 1.0 2.5 5.0,3,1.0,0.5 0.5 55.1351661355 33.2 1.0 2.5 5.0
0.5 0.5 55.1351661355 33.2 1.0 2.5 5.0,2,1.0,0.5 0.5 61.31446931 37.4 1.0 2.5 5.0
0.5 0.5 61.31446931 37.4 1.0 2.5 5.0,3,1.0,0.5 0.5 64.0029178202 30.6 1.0 2.5 5.0
0.5 0.5 64.0029178202 30.6 1.0 2.5 5.0,2,1.0,0.5 0.5 56.5875388076 28.2 1.0 2.5 5.0
0.5 0.5 56.5875388076 28.2 1.0 2.5 5.0,3,1.0,0.5 0.5 54.9998852695 20.6 1.0 2.5 5.0
0.5 0.5 54.9998852695 20.6 1.0 2.5 5.0,3,1.0,0.5 0.5 58.1998318043 34.2 1.0 2.5 5.0
0.5 0.5 58.1998318043 34.2 1.0 2.5 5.0,3,1.0,0.5 0.5 72.6768325219 36.6 1.0 2.5 5.0
0.0 0.0 250.0 150.0 0.0 4.0 5.0,1,-1.0,0.0 0.0 250.0 150.0 0.0 3.5 5.0
0.0 0.0 250.0 150.0 0.0 3.5 5.0,1,-1.0,0.0 0.0 250.0 150.0 0.0 3.0 5.0
0.0 0.0 250.0 150.0 0.0 3.0 5.0,1,1.0,0.5 0.5 64.2330245208 34.2 1.0 2.5 5.0
0.5 0.5 64.2330245208 34.2 1.0 2.5 5.0,3,1.0,0.5 0.5 64.0029178202 32.0 1.0 2.5 5.0
0.5 0.5 64.0029178202 32.0 1.0 2.5 5.0,3,1.0,0.5 0.5 64.9010115941 35.8 1.0 2.5 5.0
0.5 0.5 64.9010115941 35.8 1.0 2.5 5.0,3,1.0,0.5 0.5 57.3102558551 28.0 1.0 2.5 5.0
0.5 0.5 57.3102558551 28.0 1.0 2.5 5.0,2,1.0,0.5 0.5 61.7301400408 26.2 1.0 2.5 5.0
0.5 0.5 61.7301400408 26.2 1.0 2.5 5.0,3,1.0,0.5 0.5 72.3317011229 37.4 1.0 2.5 5.0
0.5 0.5 72.3317011229 37.4 1.0 2.5 5.0,2,1.0,0.5 0.5 65.2082043955 25.8 1.0 2.5 5.0
0.5 0.5 65.2082043955 25.8 1.0 2.5 5.0,3,1.0,0.5 0.5 56.0852134144 26.4 1.0 2.5 5.0
0.5 0.5 56.0852134144 26.4 1.0 2.5 5.0,3,1.0,0.5 0.5 63.888744165 26.4 1.0 2.5 5.0
0.5 0.5 63.888744165 26.4 1.0 2.5 5.0,3,1.0,0.5 0.5 64.9833870773 34.6 1.0 2.5 5.0
0.5 0.5 64.9833870773 34.6 1.0 2.5 5.0,2,1.0,0.5 0.5 68.6574639137 39.2 1.0 2.5 5.0
0.5 0.5 68.6574639137 39.2 1.0 2.5 5.0,3,1.0,0.5 0.5 52.887589395 23.4 1.0 2.5 5.0
0.5 0.5 52.887589395 23.4 1.0 2.5 5.0,2,1.0,0.5 0.5 64.3472384343 31.8 1.0 2.5 5.0
1.0 1.0 51.5392477656 18.0 0.2 0.5 1.0,0,1.0,1.0 1.0 51.5392477656 17.0 0.2 1.0 1.0
1.0 1.0 51.5392477656 17.0 0.2 1.0 1.0,3,1.0,1.0 1.0 43.1424448839 17.5 0.4 1.0 2.0
1.0 1.0 43.1424448839 17.5 0.4 1.0 2.0,0,1.0,1.0 1.0 55.5515275467 17.5 0.4 1.5 2.0
1.0 1.0 55.5515275467 17.5 0.4 1.5 2.0,0,1.0,1.0 1.0 43.1424448839 17.5 0.4 2.0 2.0
1.0 1.0 43.1424448839 17.5 0.4 2.0 2.0,3,1.0,1.0 1.0 50.8300982826 18.6666666667 0.6 2.0 3.0
1.0 1.0 50.8300982826 18.6666666667 0.6 2.0 3.0,3,1.0,1.0 1.0 50.2097692118 21.25 0.8 2.0 4.0
1.0 1.0 50.2097692118 21.25 0.8 2.0 4.0,0,1.0,0.5 0.5 63.8518726902 32.0 0.8 2.5 4.0
0.5 0.5 63.8518726902 32.0 0.8 2.5 4.0,3,1.0,0.5 0.5 57.9600629036 28.4 1.0 2.5 5.0
0.5 0.5 57.9600629036 28.4 1.0 2.5 5.0,3,1.0,0.5 0.5 58.323342262 31.6 1.0 2.5 5.0
0.5 0.5 58.323342262 31.6 1.0 2.5 5.0,3,1.0,0.5 0.5 68.2030730849 34.6 1.0 2.5 5.0
0.5 0.5 68.2030730849 34.6 1.0 2.5 5.0,3,1.0,0.5 0.5 63.0397099192 26.6 1.0 2.5 5.0
0.5 0.5 63.0397099192 26.6 1.0 2.5 5.0,3,1.0,0.5 0.5 57.2446057441 26.6 1.0 2.5 5.0
0.5 0.5 57.2446057441 26.6 1.0 2.5 5.0,3,1.0,0.5 0.5 60.012421527 28.8 1.0 2.5 5.0
0.5 0.5 60.012421527 28.8 1.0 2.5 5.0,3,1.0,0.5 0.5 63.2802007727 30.0 1.0 2.5 5.0
0.5 0.5 63.2802007727 30.0 1.0 2.5 5.0,3,1.0,0.5 0.5 66.7127947451 36.8 1.0 2.5 5.0
1.0 1.0 62.3936258138 23.2 1.0 1.5 5.0,0,1.0,1.0 1.0 62.3771833347 23.2 1.0 2.0 5.0
1.0 1.0 62.3771833347 23.2 1.0 2.0 5.0,0,1.0,0.5 0.5 68.1292224526 30.4 1.0 2.5 5.0
0.5 0.5 68.1292224526 30.4 1.0 2.5 5.0,3,1.0,0.5 0.5 70.6534900521 40.0 1.0 2.5 5.0
0.5 0.5 70.6534900521 40.0 1.0 2.5 5.0,2,1.0,0.5 0.5 59.4622801787 34.2 1.0 2.5 5.0
0.5 0.5 59.4622801787 34.2 1.0 2.5 5.0,3,1.0,0.5 0.5 69.3317987292 31.8 1.0 2.5 5.0
0.5 0.5 69.3317987292 31.8 1.0 2.5 5.0,3,1.0,0.5 0.5 62.9688464089 31.6 1.0 2.5 5.0
0.5 0.5 62.9688464089 31.6 1.0 2.5 5.0,3,1.0,0.5 0.5 61.7413657358 34.4 1.0 2.5 5.0
