1.0 1.0 44.8057322603 10.875 1.0 0.5 8.0,2,1.0,1.0 1.0 44.8057322603 10.875 1.0 0.5 8.0
1.0 1.0 44.8057322603 10.875 1.0 0.5 8.0,3,1.0,1.0 1.0 44.8057322603 10.5 1.0 0.5 8.0
1.0 1.0 44.8057322603 10.5 1.0 0.5 8.0,4,-1.0,1.0 1.0 46.301414253 10.1428571429 0.875 0.5 7.0
1.0 1.0 46.301414253 10.1428571429 0.875 0.5 7.0,2,-1.0,1.0 1.0 46.301414253 10.0 0.875 0.5 7.0
1.0 1.0 46.301414253 10.0 0.875 0.5 7.0,4,-1.0,1.0 1.0 49.5626006065 9.83333333333 0.75 0.5 6.0
1.0 1.0 49.5626006065 9.83333333333 0.75 0.5 6.0,3,1.0,1.0 1.0 46.301414253 10.2857142857 0.875 0.5 7.0
1.0 1.0 46.301414253 10.2857142857 0.875 0.5 7.0,3,1.0,1.0 1.0 44.8057322603 10.75 1.0 0.5 8.0
1.0 1.0 44.8057322603 10.75 1.0 0.5 8.0,2,1.0,1.0 1.0 44.8057322603 10.625 1.0 0.5 8.0
1.0 1.0 44.8057322603 10.625 1.0 0.5 8.0,4,-1.0,1.0 1.0 46.301414253 10.0 0.875 0.5 7.0
1.0 1.0 46.301414253 10.0 0.875 0.5 7.0,2,-1.0,1.0 1.0 46.301414253 10.0 0.875 0.5 7.0
1.0 1.0 46.301414253 10.0 0.875 0.5 7.0,4,-1.0,1.0 1.0 49.5626006065 9.66666666667 0.75 0.5 6.0
1.0 1.0 49.5626006065 9.66666666667 0.75 0.5 6.0,4,-1.0,1.0 1.0 54.207846882 8.6 0.625 0.5 5.0
1.0 1.0 54.207846882 8.6 0.625 0.5 5.0,2,-1.0,1.0 1.0 55.1777450482 8.6 0.625 0.5 5.0
1.0 1.0 55.1777450482 8.6 0.625 0.5 5.0,1,-1.0,1.0 1.0 55.1777450482 8.6 0.625 0.5 5.0
1.0 1.0 55.1777450482 8.6 0.625 0.5 5.0,3,1.0,1.0 1.0 49.5626006065 9.33333333333 0.75 0.5 6.0
1.0 1.0 38.224953606 14.3333333333 0.375 0.5 3.0,2,-1.0,1.0 1.0 39.8414505496 14.0 0.375 0.5 3.0
1.0 1.0 39.8414505496 14.0 0.375 0.5 3.0,4,-1.0,1.0 1.0 45.7236304592 15.0 0.25 0.5 2.0
1.0 1.0 45.7236304592 15.0 0.25 0.5 2.0,4,-1.0,1.0 1.0 31.5445037642 14.0 0.125 0.5 1.0
1.0 1.0 31.5445037642 14.0 0.125 0.5 1.0,2,-1.0,1.0 1.0 31.5445037642 15.0 0.125 0.5 1.0
1.0 1.0 31.5445037642 15.0 0.125 0.5 1.0,3,1.0,1.0 1.0 45.7236304592 14.0 0.25 0.5 2.0
1.0 1.0 45.7236304592 14.0 0.25 0.5 2.0,0,1.0,1.0 1.0 45.7236304592 14.0 0.25 1.0 2.0
1.0 1.0 45.7236304592 14.0 0.25 1.0 2.0,2,-1.0,1.0 1.0 45.7236304592 14.5 0.25 1.0 2.0
1.0 1.0 45.7236304592 14.5 0.25 1.0 2.0,4,-1.0,1.0 1.0 31.5445037642 14.0 0.125 1.0 1.0
1.0 1.0 31.5445037642 14.0 0.125 1.0 1.0,2,-1.0,1.0 1.0 31.5445037642 15.0 0.125 1.0 1.0
1.0 1.0 31.5445037642 15.0 0.125 1.0 1.0,4,-1.0,1.0 1.0 31.5445037642 15.0 0.125 1.0 1.0
1.0 1.0 31.5445037642 15.0 0.125 1.0 1.0,3,1.0,1.0 1.0 30.6459701016 14.0 0.25 1.0 2.0
1.0 1.0 30.6459701016 14.0 0.25 1.0 2.0,0,1.0,1.0 1.0 45.7236304592 14.5 0.25 1.5 2.0
1.0 1.0 45.7236304592 14.5 0.25 1.5 2.0,4,-1.0,1.0 1.0 31.5445037642 14.0 0.125 1.5 1.0
1.0 1.0 31.5445037642 14.0 0.125 1.5 1.0,0,1.0,1.0 1.0 31.5445037642 14.0 0.125 2.0 1.0
1.0 1.0 31.5445037642 14.0 0.125 2.0 1.0,0,1.0,0.5 0.5 31.5445037642 15.0 0.125 2.5 1.0
1.0 1.0 50.1943912041 10.75 0.5 1.0 4.0,2,1.0,1.0 1.0 50.1943912041 11.0 0.5 1.0 4.0
1.0 1.0 50.1943912041 11.0 0.5 1.0 4.0,4,-1.0,1.0 1.0 39.8414505496 14.3333333333 0.375 1.0 3.0
1.0 1.0 39.8414505496 14.3333333333 0.375 1.0 3.0,0,1.0,1.0 1.0 39.8414505496 14.6666666667 0.375 1.5 3.0
1.0 1.0 39.8414505496 14.6666666667 0.375 1.5 3.0,0,1.0,1.0 1.0 39.8414505496 14.6666666667 0.375 2.0 3.0
1.0 1.0 39.8414505496 14.6666666667 0.375 2.0 3.0,3,1.0,1.0 1.0 50.1943912041 10.75 0.5 2.0 4.0
1.0 1.0 50.1943912041 10.75 0.5 2.0 4.0,4,-1.0,1.0 1.0 39.8414505496 14.3333333333 0.375 2.0 3.0
1.0 1.0 39.8414505496 14.3333333333 0.375 2.0 3.0,4,-1.0,1.0 1.0 45.7236304592 14.0 0.25 2.0 2.0
1.0 1.0 45.7236304592 14.0 0.25 2.0 2.0,3,1.0,1.0 1.0 39.8414505496 14.0 0.375 2.0 3.0
1.0 1.0 39.8414505496 14.0 0.375 2.0 3.0,1,-1.0,1.0 1.0 39.8414505496 14.3333333333 0.375 1.5 3.0
1.0 1.0 39.8414505496 14.3333333333 0.375 1.5 3.0,4,-1.0,1.0 1.0 45.7236304592 14.5 0.25 1.5 2.0
1.0 1.0 45.7236304592 14.5 0.25 1.5 2.0,4,-1.0,1.0 1.0 31.5445037642 15.0 0.125 1.5 1.0
1.0 1.0 31.5445037642 15.0 0.125 1.5 1.0,2,-1.0,1.0 1.0 31.5445037642 14.0 0.125 1.5 1.0
1.0 1.0 31.5445037642 14.0 0.125 1.5 1.0,1,-1.0,1.0 1.0 31.5445037642 14.0 0.125 1.0 1.0
1.0 1.0 31.5445037642 14.0 0.125 1.0 1.0,4,-1.0,1.0 1.0 31.5445037642 15.0 0.125 1.0 1.0
1.0 1.0 31.5445037642 15.0 0.125 1.0 1.0,4,-1.0,1.0 1.0 31.5445037642 14.0 0.125 1.0 1.0
0.0 0.0 250.0 150.0 0.0 3.5 1.0,2,-1.0,0.0 0.0 250.0 150.0 0.0 3.5 1.0
0.0 0.0 250.0 150.0 0.0 3.5 1.0,2,-1.0,0.0 0.0 250.0 150.0 0.0 3.5 1.0
0.0 0.0 250.0 150.0 0.0 3.5 1.0,2,-1.0,0.0 0.0 250.0 150.0 0.0 3.5 1.0
0.0 0.0 250.0 150.0 0.0 3.5 1.0,3,-1.0,0.0 0.0 250.0 150.0 0.0 3.5 2.0
0.0 0.0 250.0 150.0 0.0 3.5 2.0,4,-1.0,0.0 0.0 250.0 150.0 0.0 3.5 1.0
0.0 0.0 250.0 150.0 0.0 3.5 1.0,2,-1.0,0.0 0.0 250.0 150.0 0.0 3.5 1.0
0.0 0.0 250.0 150.0 0.0 3.5 1.0,3,-1.0,0.0 0.0 250.0 150.0 0.0 3.5 2.0
0.0 0.0 250.0 150.0 0.0 3.5 2.0,2,-1.0,0.0 0.0 250.0 150.0 0.0 3.5 2.0
0.0 0.0 250.0 150.0 0.0 3.5 2.0,0,-1.0,0.0 0.0 250.0 150.0 0.0 4.0 2.0
0.0 0.0 250.0 150.0 0.0 4.0 2.0,3,-1.0,0.0 0.0 250.0 150.0 0.0 4.0 3.0
0.0 0.0 250.0 150.0 0.0 4.0 3.0,2,-1.0,0.0 0.0 250.0 150.0 0.0 4.0 3.0
0.0 0.0 250.0 150.0 0.0 4.0 3.0,0,-1.0,0.0 0.0 250.0 150.0 0.0 4.0 3.0
0.0 0.0 250.0 150.0 0.0 4.0 3.0,0,-1.0,0.0 0.0 250.0 150.0 0.0 4.0 3.0
0.0 0.0 250.0 150.0 0.0 4.0 3.0,0,-1.0,0.0 0.0 250.0 150.0 0.0 4.0 3.0
0.0 0.0 250.0 150.0 0.0 4.0 3.0,2,-1.0,0.0 0.0 250.0 150.0 0.0 4.0 3.0
1.0 1.0 39.8414505496 14.3333333333 0.375 1.0 3.0,0,1.0,1.0 1.0 39.8414505496 14.0 0.375 1.5 3.0
1.0 1.0 39.8414505496 14.0 0.375 1.5 3.0,1,-1.0,1.0 1.0 39.8414505496 14.6666666667 0.375 1.0 3.0
1.0 1.0 39.8414505496 14.6666666667 0.375 1.0 3.0,2,-1.0,1.0 1.0 39.8414505496 14.6666666667 0.375 1.0 3.0
1.0 1.0 39.8414505496 14.6666666667 0.375 1.0 3.0,2,-1.0,1.0 1.0 39.8414505496 14.3333333333 0.375 1.0 3.0
1.0 1.0 39.8414505496 14.3333333333 0.375 1.0 3.0,0,1.0,1.0 1.0 39.8414505496 14.3333333333 0.375 1.5 3.0
1.0 1.0 39.8414505496 14.3333333333 0.375 1.5 3.0,4,-1.0,1.0 1.0 30.6459701016 14.0 0.25 1.5 2.0
1.0 1.0 30.6459701016 14.0 0.25 1.5 2.0,0,1.0,1.0 1.0 45.7236304592 14.5 0.25 2.0 2.0
1.0 1.0 45.7236304592 14.5 0.25 2.0 2.0,0,1.0,0.5 0.5 30.6459701016 14.5 0.25 2.5 2.0
0.5 0.5 30.6459701016 14.5 0.25 2.5 2.0,0,-1.0,0.0 0.0 250.0 150.0 0.0 3.0 2.0
0.0 0.0 250.0 150.0 0.0 3.0 2.0,1,1.0,0.5 0.5 46.461907525 14.0 0.25 2.5 2.0
0.5 0.5 46.461907525 14.0 0.25 2.5 2.0,3,1.0,0.5 0.5 40.4845207455 14.0 0.375 2.5 3.0
0.5 0.5 40.4845207455 14.0 0.375 2.5 3.0,0,-1.0,0.0 0.0 250.0 150.0 0.0 3.0 3.0
0.0 0.0 250.0 150.0 0.0 3.0 3.0,1,1.0,0.5 0.5 24.4043827518 14.3333333333 0.375 2.5 3.0
0.5 0.5 24.4043827518 14.3333333333 0.375 2.5 3.0,4,-1.0,0.5 0.5 45.7236304592 14.0 0.25 2.5 2.0
0.5 0.5 45.7236304592 14.0 0.25 2.5 2.0,0,-1.0,0.0 0.0 250.0 150.0 0.0 3.0 2.0
0.0 0.0 250.0 150.0 0.0 3.5 1.0,3,-1.0,0.0 0.0 250.0 150.0 0.0 3.5 2.0
0.0 0.0 250.0 150.0 0.0 3.5 2.0,1,-1.0,0.0 0.0 250.0 150.0 0.0 3.0 2.0
0.0 0.0 250.0 150.0 0.0 3.0 2.0,3,-1.0,0.0 0.0 250.0 150.0 0.0 3.0 3.0
0.0 0.0 250.0 150.0 0.0 3.0 3.0,1,1.0,0.5 0.5 24.4043827518 14.6666666667 0.375 2.5 3.0
0.5 0.5 24.4043827518 14.6666666667 0.375 2.5 3.0,1,-1.0,1.0 1.0 38.224953606 14.6666666667 0.375 2.0 3.0
1.0 1.0 38.224953606 14.6666666667 0.375 2.0 3.0,4,-1.0,1.0 1.0 45.7236304592 14.0 0.25 2.0 2.0
1.0 1.0 45.7236304592 14.0 0.25 2.0 2.0,0,1.0,0.5 0.5 30.4196418735 14.5 0.25 2.5 2.0
0.5 0.5 30.4196418735 14.5 0.25 2.5 2.0,3,1.0,0.5 0.5 27.7114817523 14.6666666667 0.375 2.5 3.0
0.5 0.5 27.7114817523 14.6666666667 0.375 2.5 3.0,3,1.0,0.5 0.5 38.7297544698 10.5 0.5 2.5 4.0
0.5 0.5 38.7297544698 10.5 0.5 2.5 4.0,1,-1.0,1.0 1.0 50.1943912041 11.0 0.5 2.0 4.0
1.0 1.0 50.1943912041 11.0 0.5 2.0 4.0,0,1.0,0.5 0.5 46.6377231815 11.0 0.5 2.5 4.0
0.5 0.5 46.6377231815 11.0 0.5 2.5 4.0,0,-1.0,0.0 0.0 250.0 150.0 0.0 3.0 4.0
0.0 0.0 250.0 150.0 0.0 3.0 4.0,4,-1.0,0.0 0.0 250.0 150.0 0.0 3.0 3.0
0.0 0.0 250.0 150.0 0.0 3.0 3.0,2,-1.0,0.0 0.0 250.0 150.0 0.0 3.0 3.0
0.0 0.0 250.0 150.0 0.0 3.0 3.0,0,-1.0,0.0 0.0 250.0 150.0 0.0 3.5 3.0
0.0 0.0 250.0 150.0 0.0 4.0 4.0,2,-1.0,0.0 0.0 250.0 150.0 0.0 4.0 4.0
0.0 0.0 250.0 150.0 0.0 4.0 4.0,1,-1.0,0.0 0.0 250.0 150.0 0.0 3.5 4.0
0.0 0.0 250.0 150.0 0.0 3.5 4.0,1,-1.0,0.0 0.0 250.0 150.0 0.0 3.0 4.0
0.0 0.0 250.0 150.0 0.0 3.0 4.0,3,-1.0,0.0 0.0 250.0 150.0 0.0 3.0 5.0
0.0 0.0 250.0 150.0 0.0 3.0 5.0,2,-1.0,0.0 0.0 250.0 150.0 0.0 3.0 5.0
0.0 0.0 250.0 150.0 0.0 3.0 5.0,1,1.0,0.5 0.5 48.4206606536 11.8 0.625 2.5 5.0
0.5 0.5 48.4206606536 11.8 0.625 2.5 5.0,4,-1.0,0.5 0.5 48.635744785 11.0 0.5 2.5 4.0
0.5 0.5 48.635744785 11.0 0.5 2.5 4.0,3,1.0,0.5 0.5 49.8761954887 8.6 0.625 2.5 5.0
0.5 0.5 49.8761954887 8.6 0.625 2.5 5.0,3,1.0,0.5 0.5 48.7543521347 9.33333333333 0.75 2.5 6.0
0.5 0.5 48.7543521347 9.33333333333 0.75 2.5 6.0,2,1.0,0.5 0.5 47.1914885915 9.83333333333 0.75 2.5 6.0
0.5 0.5 47.1914885915 9.83333333333 0.75 2.5 6.0,1,-1.0,1.0 1.0 49.5626006065 9.5 0.75 2.0 6.0
1.0 1.0 49.5626006065 9.5 0.75 2.0 6.0,1,-1.0,1.0 1.0 49.5626006065 9.33333333333 0.75 1.5 6.0
1.0 1.0 49.5626006065 9.33333333333 0.75 1.5 6.0,1,-1.0,1.0 1.0 48.7543521347 9.66666666667 0.75 1.0 6.0
1.0 1.0 48.7543521347 9.66666666667 0.75 1.0 6.0,4,-1.0,1.0 1.0 55.1777450482 8.6 0.625 1.0 5.0
1.0 1.0 55.1777450482 8.6 0.625 1.0 5.0,2,-1.0,1.0 1.0 49.1466809052 8.6 0.625 1.0 5.0
0.5 0.5 47.8774132063 14.125 1.0 2.5 8.0,3,1.0,0.5 0.5 48.6910552769 12.375 1.0 2.5 8.0
0.5 0.5 48.6910552769 12.375 1.0 2.5 8.0,2,1.0,0.5 0.5 49.2538532101 12.25 1.0 2.5 8.0
0.5 0.5 49.2538532101 12.25 1.0 2.5 8.0,3,1.0,0.5 0.5 43.6064943078 12.5 1.0 2.5 8.0
0.5 0.5 43.6064943078 12.5 1.0 2.5 8.0,4,-1.0,0.5 0.5 44.5197040352 12.1428571429 0.875 2.5 7.0
0.5 0.5 44.5197040352 12.1428571429 0.875 2.5 7.0,1,-1.0,1.0 1.0 46.301414253 10.0 0.875 2.0 7.0
1.0 1.0 46.301414253 10.0 0.875 2.0 7.0,1,-1.0,1.0 1.0 46.301414253 10.0 0.875 1.5 7.0
1.0 1.0 46.301414253 10.0 0.875 1.5 7.0,3,1.0,1.0 1.0 44.8057322603 10.75 1.0 1.5 8.0
1.0 1.0 44.8057322603 10.75 1.0 1.5 8.0,4,-1.0,1.0 1.0 46.301414253 10.0 0.875 1.5 7.0
1.0 1.0 46.301414253 10.0 0.875 1.5 7.0,4,-1.0,1.0 1.0 49.5626006065 9.5 0.75 1.5 6.0
1.0 1.0 49.5626006065 9.5 0.75 1.5 6.0,1,-1.0,1.0 1.0 49.5626006065 9.5 0.75 1.0 6.0
1.0 1.0 49.5626006065 9.5 0.75 1.0 6.0,3,1.0,1.0 1.0 46.301414253 10.0 0.875 1.0 7.0
1.0 1.0 46.301414253 10.0 0.875 1.0 7.0,0,1.0,1.0 1.0 46.301414253 10.1428571429 0.875 1.5 7.0
1.0 1.0 46.301414253 10.1428571429 0.875 1.5 7.0,2,-1.0,1.0 1.0 45.6086298486 10.1428571429 0.875 1.5 7.0
1.0 1.0 45.6086298486 10.1428571429 0.875 1.5 7.0,3,1.0,1.0 1.0 44.8057322603 10.625 1.0 1.5 8.0
1.0 1.0 44.8057322603 10.625 1.0 1.5 8.0,2,-1.0,1.0 1.0 44.8057322603 10.5 1.0 1.5 8.0
0.0 0.0 250.0 150.0 0.0 3.5 7.0,2,-1.0,0.0 0.0 250.0 150.0 0.0 3.5 7.0
0.0 0.0 250.0 150.0 0.0 3.5 7.0,1,-1.0,0.0 0.0 250.0 150.0 0.0 3.0 7.0
0.0 0.0 250.0 150.0 0.0 3.0 7.0,1,1.0,0.5 0.5 48.2606760543 14.5714285714 0.875 2.5 7.0
0.5 0.5 48.2606760543 14.5714285714 0.875 2.5 7.0,3,1.0,0.5 0.5 61.3334455744 15.875 1.0 2.5 8.0
0.5 0.5 61.3334455744 15.875 1.0 2.5 8.0,3,1.0,0.5 0.5 50.467496377 12.125 1.0 2.5 8.0
0.5 0.5 50.467496377 12.125 1.0 2.5 8.0,3,1.0,0.5 0.5 48.4499039535 12.125 1.0 2.5 8.0
0.5 0.5 48.4499039535 12.125 1.0 2.5 8.0,4,-1.0,0.5 0.5 39.6876913811 10.0 0.875 2.5 7.0
0.5 0.5 39.6876913811 10.0 0.875 2.5 7.0,1,-1.0,1.0 1.0 46.301414253 10.0 0.875 2.0 7.0
1.0 1.0 46.301414253 10.0 0.875 2.0 7.0,3,1.0,1.0 1.0 44.8057322603 10.5 1.0 2.0 8.0
1.0 1.0 44.8057322603 10.5 1.0 2.0 8.0,2,-1.0,1.0 1.0 44.8057322603 10.5 1.0 2.0 8.0
1.0 1.0 44.8057322603 10.5 1.0 2.0 8.0,3,-1.0,1.0 1.0 44.8057322603 10.75 1.0 2.0 8.0
1.0 1.0 44.8057322603 10.75 1.0 2.0 8.0,2,-1.0,1.0 1.0 44.8057322603 10.625 1.0 2.0 8.0
1.0 1.0 44.8057322603 10.625 1.0 2.0 8.0,3,-1.0,1.0 1.0 44.8057322603 10.75 1.0 2.0 8.0
1.0 1.0 44.8057322603 10.75 1.0 2.0 8.0,3,-1.0,1.0 1.0 44.8057322603 10.5 1.0 2.0 8.0
1.0 1.0 44.8057322603 10.5 1.0 2.0 8.0,0,1.0,0.5 0.5 42.3193244625 12.5 1.0 2.5 8.0
1.0 1.0 44.8057322603 10.75 1.0 1.0 8.0,3,-1.0,1.0 1.0 44.8057322603 10.75 1.0 1.0 8.0
1.0 1.0 44.8057322603 10.75 1.0 1.0 8.0,0,1.0,1.0 1.0 44.8057322603 10.5 1.0 1.5 8.0
1.0 1.0 44.8057322603 10.5 1.0 1.5 8.0,3,-1.0,1.0 1.0 44.8057322603 10.5 1.0 1.5 8.0
1.0 1.0 44.8057322603 10.5 1.0 1.5 8.0,3,-1.0,1.0 1.0 44.8057322603 10.5 1.0 1.5 8.0
1.0 1.0 44.8057322603 10.5 1.0 1.5 8.0,3,-1.0,1.0 1.0 44.8057322603 10.5 1.0 1.5 8.0
1.0 1.0 44.8057322603 10.5 1.0 1.5 8.0,2,-1.0,1.0 1.0 44.8057322603 10.5 1.0 1.5 8.0
1.0 1.0 44.8057322603 10.5 1.0 1.5 8.0,2,-1.0,1.0 1.0 44.8057322603 10.75 1.0 1.5 8.0
1.0 1.0 44.8057322603 10.75 1.0 1.5 8.0,3,-1.0,1.0 1.0 44.8057322603 10.625 1.0 1.5 8.0
1.0 1.0 44.8057322603 10.625 1.0 1.5 8.0,3,-1.0,1.0 1.0 44.8057322603 10.5 1.0 1.5 8.0
1.0 1.0 44.8057322603 10.5 1.0 1.5 8.0,3,-1.0,1.0 1.0 44.8057322603 10.75 1.0 1.5 8.0
1.0 1.0 44.8057322603 10.75 1.0 1.5 8.0,3,-1.0,1.0 1.0 44.8057322603 10.625 1.0 1.5 8.0
1.0 1.0 44.8057322603 10.625 1.0 1.5 8.0,3,-1.0,1.0 1.0 44.1995459064 10.75 1.0 1.5 8.0
1.0 1.0 44.1995459064 10.75 1.0 1.5 8.0,3,-1.0,1.0 1.0 44.8057322603 10.625 1.0 1.5 8.0
1.0 1.0 44.8057322603 10.625 1.0 1.5 8.0,2,-1.0,1.0 1.0 44.8057322603 10.5 1.0 1.5 8.0
1.0 1.0 44.8057322603 10.5 1.0 1.5 8.0,3,-1.0,1.0 1.0 44.8057322603 10.5 1.0 1.5 8.0
0.5 0.5 50.5057434824 12.1428571429 0.875 2.5 7.0,1,-1.0,1.0 1.0 46.301414253 10.0 0.875 2.0 7.0
1.0 1.0 46.301414253 10.0 0.875 2.0 7.0,0,1.0,0.5 0.5 39.0251104233 10.2857142857 0.875 2.5 7.0
0.5 0.5 39.0251104233 10.2857142857 0.875 2.5 7.0,1,-1.0,1.0 1.0 46.301414253 10.0 0.875 2.0 7.0
1.0 1.0 46.301414253 10.0 0.875 2.0 7.0,0,1.0,0.5 0.5 43.8672560742 10.0 0.875 2.5 7.0
0.5 0.5 43.8672560742 10.0 0.875 2.5 7.0,3,1.0,0.5 0.5 56.3484461426 14.25 1.0 2.5 8.0
0.5 0.5 56.3484461426 14.25 1.0 2.5 8.0,3,1.0,0.5 0.5 49.3021465557 14.125 1.0 2.5 8.0
0.5 0.5 49.3021465557 14.125 1.0 2.5 8.0,1,-1.0,1.0 1.0 44.8057322603 10.5 1.0 2.0 8.0
1.0 1.0 44.8057322603 10.5 1.0 2.0 8.0,0,1.0,0.5 0.5 41.9855322485 12.25 1.0 2.5 8.0
0.5 0.5 41.9855322485 12.25 1.0 2.5 8.0,1,-1.0,1.0 1.0 44.8057322603 10.625 1.0 2.0 8.0
1.0 1.0 44.8057322603 10.625 1.0 2.0 8.0,0,1.0,0.5 0.5 50.7651966393 14.0 1.0 2.5 8.0
0.5 0.5 50.7651966393 14.0 1.0 2.5 8.0,2,1.0,0.5 0.5 47.1535937764 12.5 1.0 2.5 8.0
0.5 0.5 47.1535937764 12.5 1.0 2.5 8.0,2,1.0,0.5 0.5 48.3414338209 14.375 1.0 2.5 8.0
0.5 0.5 48.3414338209 14.375 1.0 2.5 8.0,3,1.0,0.5 0.5 55.0479876077 14.0 1.0 2.5 8.0
0.5 0.5 55.0479876077 14.0 1.0 2.5 8.0,3,1.0,0.5 0.5 45.918758078 12.5 1.0 2.5 8.0
0.5 0.5 45.918758078 12.5 1.0 2.5 8.0,2,1.0,0.5 0.5 51.7194703258 12.25 1.0 2.5 8.0
1.0 1.0 55.1777450482 8.4 0.625 1.0 5.0,0,1.0,1.0 1.0 54.207846882 8.6 0.625 1.5 5.0
1.0 1.0 54.207846882 8.6 0.625 1.5 5.0,3,1.0,1.0 1.0 49.5626006065 9.5 0.75 1.5 6.0
1.0 1.0 49.5626006065 9.5 0.75 1.5 6.0,0,1.0,1.0 1.0 48.7543521347 9.5 0.75 2.0 6.0
1.0 1.0 48.7543521347 9.5 0.75 2.0 6.0,3,1.0,1.0 1.0 46.301414253 10.1428571429 0.875 2.0 7.0
1.0 1.0 46.301414253 10.1428571429 0.875 2.0 7.0,3,1.0,1.0 1.0 44.0264090507 10.75 1.0 2.0 8.0
1.0 1.0 44.0264090507 10.75 1.0 2.0 8.0,0,1.0,0.5 0.5 47.0425462024 14.25 1.0 2.5 8.0
0.5 0.5 47.0425462024 14.25 1.0 2.5 8.0,3,1.0,0.5 0.5 50.374976452 14.5 1.0 2.5 8.0
0.5 0.5 50.374976452 14.5 1.0 2.5 8.0,2,1.0,0.5 0.5 52.2629802814 13.625 1.0 2.5 8.0
0.5 0.5 52.2629802814 13.625 1.0 2.5 8.0,3,1.0,0.5 0.5 45.9533744605 12.5 1.0 2.5 8.0
0.5 0.5 45.9533744605 12.5 1.0 2.5 8.0,3,1.0,0.5 0.5 53.6058024612 12.375 1.0 2.5 8.0
0.5 0.5 53.6058024612 12.375 1.0 2.5 8.0,2,1.0,0.5 0.5 49.6881731674 12.375 1.0 2.5 8.0
0.5 0.5 49.6881731674 12.375 1.0 2.5 8.0,2,1.0,0.5 0.5 48.5045930992 12.25 1.0 2.5 8.0
0.5 0.5 48.5045930992 12.25 1.0 2.5 8.0,3,1.0,0.5 0.5 50.6031317755 12.5 1.0 2.5 8.0
0.5 0.5 50.6031317755 12.5 1.0 2.5 8.0,2,1.0,0.5 0.5 47.1535937764 12.375 1.0 2.5 8.0
0.5 0.5 47.1535937764 12.375 1.0 2.5 8.0,3,1.0,0.5 0.5 45.4791782894 18.0 1.0 2.5 8.0
1.0 1.0 44.8057322603 10.5 1.0 0.5 8.0,2,-1.0,1.0 1.0 44.8057322603 10.5 1.0 0.5 8.0
1.0 1.0 44.8057322603 10.5 1.0 0.5 8.0,0,1.0,1.0 1.0 44.8057322603 10.5 1.0 1.0 8.0
1.0 1.0 44.8057322603 10.5 1.0 1.0 8.0,1,-1.0,1.0 1.0 44.8057322603 10.5 1.0 0.5 8.0
1.0 1.0 44.8057322603 10.5 1.0 0.5 8.0,0,1.0,1.0 1.0 44.8057322603 10.5 1.0 1.0 8.0
1.0 1.0 44.8057322603 10.5 1.0 1.0 8.0,0,1.0,1.0 1.0 44.8057322603 10.625 1.0 1.5 8.0
1.0 1.0 44.8057322603 10.625 1.0 1.5 8.0,0,1.0,1.0 1.0 44.8057322603 10.625 1.0 2.0 8.0
1.0 1.0 44.8057322603 10.625 1.0 2.0 8.0,0,1.0,0.5 0.5 44.7351780098 12.5 1.0 2.5 8.0
0.5 0.5 44.7351780098 12.5 1.0 2.5 8.0,3,1.0,0.5 0.5 44.0354539067 12.25 1.0 2.5 8.0
0.5 0.5 44.0354539067 12.25 1.0 2.5 8.0,0,-1.0,0.0 0.0 250.0 150.0 0.0 3.0 8.0
0.0 0.0 250.0 150.0 0.0 3.0 8.0,1,1.0,0.5 0.5 41.0674967951 17.875 1.0 2.5 8.0
0.5 0.5 41.0674967951 17.875 1.0 2.5 8.0,2,1.0,0.5 0.5 40.2569939613 10.5 1.0 2.5 8.0
0.5 0.5 40.2569939613 10.5 1.0 2.5 8.0,3,1.0,0.5 0.5 49.5192230722 15.75 1.0 2.5 8.0
0.5 0.5 49.5192230722 15.75 1.0 2.5 8.0,3,1.0,0.5 0.5 37.9648418634 12.375 1.0 2.5 8.0
0.5 0.5 37.9648418634 12.375 1.0 2.5 8.0,3,1.0,0.5 0.5 54.5957425097 16.0 1.0 2.5 8.0
0.5 0.5 54.5957425097 16.0 1.0 2.5 8.0,3,1.0,0.5 0.5 49.9143977841 12.375 1.0 2.5 8.0
1.0 1.0 44.8057322603 10.625 1.0 1.5 8.0,0,1.0,1.0 1.0 44.8057322603 10.625 1.0 2.0 8.0
1.0 1.0 44.8057322603 10.625 1.0 2.0 8.0,0,1.0,0.5 0.5 47.0497986089 12.375 1.0 2.5 8.0
0.5 0.5 47.0497986089 12.375 1.0 2.5 8.0,1,-1.0,1.0 1.0 44.8057322603 10.5 1.0 2.0 8.0
1.0 1.0 44.8057322603 10.5 1.0 2.0 8.0,0,1.0,0.5 0.5 49.444395679 12.5 1.0 2.5 8.0
0.5 0.5 49.444395679 12.5 1.0 2.5 8.0,4,-1.0,0.5 0.5 42.6429314054 10.0 0.875 2.5 7.0
0.5 0.5 42.6429314054 10.0 0.875 2.5 7.0,3,1.0,0.5 0.5 56.969832075 14.375 1.0 2.5 8.0
0.5 0.5 56.969832075 14.375 1.0 2.5 8.0,2,1.0,0.5 0.5 47.544806938 14.125 1.0 2.5 8.0
0.5 0.5 47.544806938 14.125 1.0 2.5 8.0,4,-1.0,0.5 0.5 47.0238304117 12.2857142857 0.875 2.5 7.0
0.5 0.5 47.0238304117 12.2857142857 0.875 2.5 7.0,3,1.0,0.5 0.5 42.1135075758 11.875 1.0 2.5 8.0
0.5 0.5 42.1135075758 11.875 1.0 2.5 8.0,3,1.0,0.5 0.5 48.4628032924 15.875 1.0 2.5 8.0
0.5 0.5 48.4628032924 15.875 1.0 2.5 8.0,4,-1.0,0.5 0.5 41.102856197 10.1428571429 0.875 2.5 7.0
0.5 0.5 41.102856197 10.1428571429 0.875 2.5 7.0,3,1.0,0.5 0.5 52.2566143685 17.75 1.0 2.5 8.0
0.5 0.5 52.2566143685 17.75 1.0 2.5 8.0,1,-1.0,1.0 1.0 44.8057322603 10.5 1.0 2.0 8.0
1.0 1.0 44.8057322603 10.5 1.0 2.0 8.0,0,1.0,0.5 0.5 52.8863462695 12.0 1.0 2.5 8.0
0.5 0.5 52.8863462695 12.0 1.0 2.5 8.0,3,1.0,0.5 0.5 40.8103252855 15.75 1.0 2.5 8.0
1.0 1.0 44.1995459064 10.75 1.0 1.5 8.0,0,1.0,1.0 1.0 44.8057322603 10.5 1.0 2.0 8.0
1.0 1.0 44.8057322603 10.5 1.0 2.0 8.0,0,1.0,0.5 0.5 49.4703784865 12.5 1.0 2.5 8.0
0.5 0.5 49.4703784865 12.5 1.0 2.5 8.0,3,1.0,0.5 0.5 42.1810327071 12.625 1.0 2.5 8.0
0.5 0.5 42.1810327071 12.625 1.0 2.5 8.0,3,1.0,0.5 0.5 43.1332989598 16.0 1.0 2.5 8.0
0.5 0.5 43.1332989598 16.0 1.0 2.5 8.0,3,1.0,0.5 0.5 55.6257049901 14.0 1.0 2.5 8.0
0.5 0.5 55.6257049901 14.0 1.0 2.5 8.0,3,1.0,0.5 0.5 44.3610144591 14.125 1.0 2.5 8.0
0.5 0.5 44.3610144591 14.125 1.0 2.5 8.0,3,1.0,0.5 0.5 42.4278065406 12.5 1.0 2.5 8.0
0.5 0.5 42.4278065406 12.5 1.0 2.5 8.0,0,-1.0,0.0 0.0 250.0 150.0 0.0 3.0 8.0
0.0 0.0 250.0 150.0 0.0 3.0 8.0,1,1.0,0.5 0.5 39.5951826548 15.125 1.0 2.5 8.0
0.5 0.5 39.5951826548 15.125 1.0 2.5 8.0,3,1.0,0.5 0.5 46.6372510811 14.25 1.0 2.5 8.0
0.5 0.5 46.6372510811 14.25 1.0 2.5 8.0,3,1.0,0.5 0.5 50.7086477005 12.5 1.0 2.5 8.0
0.5 0.5 50.7086477005 12.5 1.0 2.5 8.0,3,1.0,0.5 0.5 45.4925348693 15.875 1.0 2.5 8.0
0.5 0.5 45.4925348693 15.875 1.0 2.5 8.0,3,1.0,0.5 0.5 44.680488864 12.25 1.0 2.5 8.0
0.5 0.5 44.680488864 12.25 1.0 2.5 8.0,3,1.0,0.5 0.5 35.388989212 14.25 1.0 2.5 8.0
0.5 0.5 35.388989212 14.25 1.0 2.5 8.0,4,-1.0,0.5 0.5 41.9935112937 10.0 0.875 2.5 7.0
0.0 0.0 250.0 150.0 0.0 4.0 7.0,1,-1.0,0.0 0.0 250.0 150.0 0.0 3.5 7.0
0.0 0.0 250.0 150.0 0.0 3.5 7.0,1,-1.0,0.0 0.0 250.0 150.0 0.0 3.0 7.0
0.0 0.0 250.0 150.0 0.0 3.0 7.0,1,1.0,0.5 0.5 35.5135411234 14.2857142857 0.875 2.5 7.0
0.5 0.5 35.5135411234 14.2857142857 0.875 2.5 7.0,3,1.0,0.5 0.5 52.4795952099 14.0 1.0 2.5 8.0
0.5 0.5 52.4795952099 14.0 1.0 2.5 8.0,3,1.0,0.5 0.5 41.4158045041 14.125 1.0 2.5 8.0
0.5 0.5 41.4158045041 14.125 1.0 2.5 8.0,3,1.0,0.5 0.5 54.7277605961 13.875 1.0 2.5 8.0
0.5 0.5 54.7277605961 13.875 1.0 2.5 8.0,3,1.0,0.5 0.5 39.7739946382 12.5 1.0 2.5 8.0
0.5 0.5 39.7739946382 12.5 1.0 2.5 8.0,3,1.0,0.5 0.5 50.6217502855 14.375 1.0 2.5 8.0
0.5 0.5 50.6217502855 14.375 1.0 2.5 8.0,3,1.0,0.5 0.5 44.6785959528 12.25 1.0 2.5 8.0
0.5 0.5 44.6785959528 12.25 1.0 2.5 8.0,3,1.0,0.5 0.5 47.4617183503 15.875 1.0 2.5 8.0
0.5 0.5 47.4617183503 15.875 1.0 2.5 8.0,3,1.0,0.5 0.5 60.7811449947 16.125 1.0 2.5 8.0
0.5 0.5 60.7811449947 16.125 1.0 2.5 8.0,3,1.0,0.5 0.5 43.4403267389 12.5 1.0 2.5 8.0
0.5 0.5 43.4403267389 12.5 1.0 2.5 8.0,3,1.0,0.5 0.5 62.2675341313 16.0 1.0 2.5 8.0
0.5 0.5 62.2675341313 16.0 1.0 2.5 8.0,3,1.0,0.5 0.5 44.3610144591 14.25 1.0 2.5 8.0
0.5 0.5 44.3610144591 14.25 1.0 2.5 8.0,3,1.0,0.5 0.5 50.9458012452 12.125 1.0 2.5 8.0
1.0 1.0 46.301414253 10.1428571429 0.875 2.0 7.0,3,1.0,1.0 1.0 44.8057322603 10.625 1.0 2.0 8.0
1.0 1.0 44.8057322603 10.625 1.0 2.0 8.0,0,1.0,0.5 0.5 47.8039732097 14.25 1.0 2.5 8.0
0.5 0.5 47.8039732097 14.25 1.0 2.5 8.0,3,1.0,0.5 0.5 55.8044643558 14.125 1.0 2.5 8.0
0.5 0.5 55.8044643558 14.125 1.0 2.5 8.0,3,1.0,0.5 0.5 53.5012494953 13.875 1.0 2.5 8.0
0.5 0.5 53.5012494953 13.875 1.0 2.5 8.0,3,1.0,0.5 0.5 34.0570491332 14.125 1.0 2.5 8.0
0.5 0.5 34.0570491332 14.125 1.0 2.5 8.0,3,1.0,0.5 0.5 47.0974458453 12.5 1.0 2.5 8.0
0.5 0.5 47.0974458453 12.5 1.0 2.5 8.0,3,1.0,0.5 0.5 43.4403267389 12.25 1.0 2.5 8.0
0.5 0.5 43.4403267389 12.25 1.0 2.5 8.0,1,-1.0,1.0 1.0 44.8057322603 10.5 1.0 2.0 8.0
1.0 1.0 44.8057322603 10.5 1.0 2.0 8.0,0,1.0,0.5 0.5 46.1089498545 12.375 1.0 2.5 8.0
0.5 0.5 46.1089498545 12.375 1.0 2.5 8.0,3,1.0,0.5 0.5 49.6881731674 12.375 1.0 2.5 8.0
0.5 0.5 49.6881731674 12.375 1.0 2.5 8.0,3,1.0,0.5 0.5 43.5184462461 15.875 1.0 2.5 8.0
0.5 0.5 43.5184462461 15.875 1.0 2.5 8.0,3,1.0,0.5 0.5 56.6736570859 14.125 1.0 2.5 8.0
0.5 0.5 56.6736570859 14.125 1.0 2.5 8.0,3,1.0,0.5 0.5 54.1439743473 12.375 1.0 2.5 8.0
0.5 0.5 54.1439743473 12.375 1.0 2.5 8.0,3,1.0,0.5 0.5 49.0127018866 12.625 1.0 2.5 8.0
0.5 0.5 49.0127018866 12.625 1.0 2.5 8.0,3,1.0,0.5 0.5 51.2899350601 14.375 1.0 2.5 8.0
1.0 1.0 44.8057322603 10.75 1.0 1.5 8.0,0,1.0,1.0 1.0 44.8057322603 10.5 1.0 2.0 8.0
1.0 1.0 44.8057322603 10.5 1.0 2.0 8.0,0,1.0,0.5 0.5 51.2899350601 14.25 1.0 2.5 8.0
0.5 0.5 51.2899350601 14.25 1.0 2.5 8.0,3,1.0,0.5 0.5 41.836364269 12.375 1.0 2.5 8.0
0.5 0.5 41.836364269 12.375 1.0 2.5 8.0,3,1.0,0.5 0.5 45.6507453877 14.25 1.0 2.5 8.0
0.5 0.5 45.6507453877 14.25 1.0 2.5 8.0,3,1.0,0.5 0.5 52.3378797298 14.125 1.0 2.5 8.0
0.5 0.5 52.3378797298 14.125 1.0 2.5 8.0,3,1.0,0.5 0.5 51.1869525687 12.25 1.0 2.5 8.0
0.5 0.5 51.1869525687 12.25 1.0 2.5 8.0,3,1.0,0.5 0.5 46.5665997822 12.125 1.0 2.5 8.0
0.5 0.5 46.5665997822 12.125 1.0 2.5 8.0,3,1.0,0.5 0.5 43.4403267389 12.5 1.0 2.5 8.0
0.5 0.5 43.4403267389 12.5 1.0 2.5 8.0,3,1.0,0.5 0.5 52.9630776092 13.5 1.0 2.5 8.0
0.5 0.5 52.9630776092 13.5 1.0 2.5 8.0,3,1.0,0.5 0.5 55.6257049901 14.0 1.0 2.5 8.0
0.5 0.5 55.6257049901 14.0 1.0 2.5 8.0,3,1.0,0.5 0.5 54.2944641127 15.875 1.0 2.5 8.0
0.5 0.5 54.2944641127 15.875 1.0 2.5 8.0,3,1.0,0.5 0.5 44.6785959528 12.25 1.0 2.5 8.0
0.5 0.5 44.6785959528 12.25 1.0 2.5 8.0,3,1.0,0.5 0.5 44.3751217906 12.25 1.0 2.5 8.0
0.5 0.5 44.3751217906 12.25 1.0 2.5 8.0,3,1.0,0.5 0.5 48.0702164978 12.25 1.0 2.5 8.0
0.5 0.5 48.0702164978 12.25 1.0 2.5 8.0,3,1.0,0.5 0.5 49.6855470025 12.375 1.0 2.5 8.0
0.0 0.0 250.0 150.0 0.0 3.0 8.0,1,1.0,0.5 0.5 56.2065032718 16.125 1.0 2.5 8.0
0.5 0.5 56.2065032718 16.125 1.0 2.5 8.0,3,1.0,0.5 0.5 40.9575747064 12.5 1.0 2.5 8.0
0.5 0.5 40.9575747064 12.5 1.0 2.5 8.0,3,1.0,0.5 0.5 45.7402572089 12.375 1.0 2.5 8.0
0.5 0.5 45.7402572089 12.375 1.0 2.5 8.0,3,1.0,0.5 0.5 40.8880323889 14.125 1.0 2.5 8.0
0.5 0.5 40.8880323889 14.125 1.0 2.5 8.0,3,1.0,0.5 0.5 49.2525665785 12.25 1.0 2.5 8.0
0.5 0.5 49.2525665785 12.25 1.0 2.5 8.0,3,1.0,0.5 0.5 44.9764378694 14.25 1.0 2.5 8.0
0.5 0.5 44.9764378694 14.25 1.0 2.5 8.0,3,1.0,0.5 0.5 47.5074752088 12.375 1.0 2.5 8.0
0.5 0.5 47.5074752088 12.375 1.0 2.5 8.0,3,1.0,0.5 0.5 39.2483481509 10.625 1.0 2.5 8.0
0.5 0.5 39.2483481509 10.625 1.0 2.5 8.0,3,1.0,0.5 0.5 44.2675603741 10.5 1.0 2.5 8.0
0.5 0.5 44.2675603741 10.5 1.0 2.5 8.0,3,1.0,0.5 0.5 44.680488864 12.125 1.0 2.5 8.0
0.5 0.5 44.680488864 12.125 1.0 2.5 8.0,3,1.0,0.5 0.5 54.3607099405 12.375 1.0 2.5 8.0
0.5 0.5 54.3607099405 12.375 1.0 2.5 8.0,3,1.0,0.5 0.5 53.7602265622 14.25 1.0 2.5 8.0
0.5 0.5 53.7602265622 14.25 1.0 2.5 8.0,2,1.0,0.5 0.5 47.1626643286 12.375 1.0 2.5 8.0
0.5 0.5 47.1626643286 12.375 1.0 2.5 8.0,3,1.0,0.5 0.5 48.6910552769 12.375 1.0 2.5 8.0
0.5 0.5 48.6910552769 12.375 1.0 2.5 8.0,3,1.0,0.5 0.5 49.0441353349 14.25 1.0 2.5 8.0
0.0 0.0 250.0 150.0 0.0 3.5 5.0,1,-1.0,0.0 0.0 250.0 150.0 0.0 3.0 5.0
0.0 0.0 250.0 150.0 0.0 3.0 5.0,1,1.0,0.5 0.5 43.1497876695 25.6 0.625 2.5 5.0
0.5 0.5 43.1497876695 25.6 0.625 2.5 5.0,3,1.0,0.5 0.5 44.2532320423 12.0 0.75 2.5 6.0
0.5 0.5 44.2532320423 12.0 0.75 2.5 6.0,3,1.0,0.5 0.5 52.1965098109 12.0 0.875 2.5 7.0
0.5 0.5 52.1965098109 12.0 0.875 2.5 7.0,3,1.0,0.5 0.5 45.0407500181 14.75 1.0 2.5 8.0
0.5 0.5 45.0407500181 14.75 1.0 2.5 8.0,3,1.0,0.5 0.5 50.467496377 11.75 1.0 2.5 8.0
0.5 0.5 50.467496377 11.75 1.0 2.5 8.0,3,1.0,0.5 0.5 56.7852628086 14.125 1.0 2.5 8.0
0.5 0.5 56.7852628086 14.125 1.0 2.5 8.0,3,1.0,0.5 0.5 42.1236336791 12.25 1.0 2.5 8.0
0.5 0.5 42.1236336791 12.25 1.0 2.5 8.0,3,1.0,0.5 0.5 54.1983474335 14.25 1.0 2.5 8.0
0.5 0.5 54.1983474335 14.25 1.0 2.5 8.0,3,1.0,0.5 0.5 48.8302138717 17.625 1.0 2.5 8.0
0.5 0.5 48.8302138717 17.625 1.0 2.5 8.0,3,1.0,0.5 0.5 48.0234127448 14.0 1.0 2.5 8.0
0.5 0.5 48.0234127448 14.0 1.0 2.5 8.0,3,1.0,0.5 0.5 47.2362607866 12.375 1.0 2.5 8.0
0.5 0.5 47.2362607866 12.375 1.0 2.5 8.0,3,1.0,0.5 0.5 42.5848894185 12.375 1.0 2.5 8.0
0.5 0.5 42.5848894185 12.375 1.0 2.5 8.0,3,1.0,0.5 0.5 48.7710139821 14.125 1.0 2.5 8.0
0.5 0.5 48.7710139821 14.125 1.0 2.5 8.0,3,1.0,0.5 0.5 46.2400886282 13.5 1.0 2.5 8.0
1.0 1.0 46.301414253 10.0 0.875 1.5 7.0,0,1.0,1.0 1.0 46.301414253 10.1428571429 0.875 2.0 7.0
1.0 1.0 46.301414253 10.1428571429 0.875 2.0 7.0,3,1.0,1.0 1.0 44.1995459064 10.625 1.0 2.0 8.0
1.0 1.0 44.1995459064 10.625 1.0 2.0 8.0,0,1.0,0.5 0.5 43.4017479604 14.25 1.0 2.5 8.0
0.5 0.5 43.4017479604 14.25 1.0 2.5 8.0,3,1.0,0.5 0.5 52.8863462695 11.875 1.0 2.5 8.0
0.5 0.5 52.8863462695 11.875 1.0 2.5 8.0,3,1.0,0.5 0.5 43.1995486401 12.375 1.0 2.5 8.0
0.5 0.5 43.1995486401 12.375 1.0 2.5 8.0,3,1.0,0.5 0.5 57.8749455729 21.25 1.0 2.5 8.0
0.5 0.5 57.8749455729 21.25 1.0 2.5 8.0,3,1.0,0.5 0.5 51.3465171171 14.125 1.0 2.5 8.0
0.5 0.5 51.3465171171 14.125 1.0 2.5 8.0,3,1.0,0.5 0.5 55.6257049901 14.5 1.0 2.5 8.0
0.5 0.5 55.6257049901 14.5 1.0 2.5 8.0,3,1.0,0.5 0.5 45.9381169419 12.25 1.0 2.5 8.0
0.5 0.5 45.9381169419 12.25 1.0 2.5 8.0,3,1.0,0.5 0.5 49.6881731674 12.25 1.0 2.5 8.0
0.5 0.5 49.6881731674 12.25 1.0 2.5 8.0,3,1.0,0.5 0.5 56.6618751482 23.125 1.0 2.5 8.0
0.5 0.5 56.6618751482 23.125 1.0 2.5 8.0,3,1.0,0.5 0.5 49.0561009736 14.375 1.0 2.5 8.0
0.5 0.5 49.0561009736 14.375 1.0 2.5 8.0,3,1.0,0.5 0.5 56.4726491304 14.125 1.0 2.5 8.0
0.5 0.5 56.4726491304 14.125 1.0 2.5 8.0,3,1.0,0.5 0.5 40.9427634931 12.25 1.0 2.5 8.0
0.5 0.5 40.9427634931 12.25 1.0 2.5 8.0,3,1.0,0.5 0.5 42.4502621802 12.25 1.0 2.5 8.0
1.0 1.0 44.8057322603 10.5 1.0 1.0 8.0,0,1.0,1.0 1.0 44.8057322603 10.5 1.0 1.5 8.0
1.0 1.0 44.8057322603 10.5 1.0 1.5 8.0,0,1.0,1.0 1.0 44.8057322603 10.625 1.0 2.0 8.0
1.0 1.0 44.8057322603 10.625 1.0 2.0 8.0,0,1.0,0.5 0.5 46.7452009656 12.25 1.0 2.5 8.0
0.5 0.5 46.7452009656 12.25 1.0 2.5 8.0,3,1.0,0.5 0.5 56.8339968105 14.25 1.0 2.5 8.0
0.5 0.5 56.8339968105 14.25 1.0 2.5 8.0,3,1.0,0.5 0.5 48.3961229667 14.125 1.0 2.5 8.0
0.5 0.5 48.3961229667 14.125 1.0 2.5 8.0,2,1.0,0.5 0.5 44.5998825995 12.375 1.0 2.5 8.0
0.5 0.5 44.5998825995 12.375 1.0 2.5 8.0,3,1.0,0.5 0.5 46.1924305549 15.75 1.0 2.5 8.0
0.5 0.5 46.1924305549 15.75 1.0 2.5 8.0,3,1.0,0.5 0.5 51.1898638746 14.0 1.0 2.5 8.0
0.5 0.5 51.1898638746 14.0 1.0 2.5 8.0,3,1.0,0.5 0.5 51.2918279713 14.125 1.0 2.5 8.0
0.5 0.5 51.2918279713 14.125 1.0 2.5 8.0,3,1.0,0.5 0.5 50.7086477005 12.5 1.0 2.5 8.0
0.5 0.5 50.7086477005 12.5 1.0 2.5 8.0,3,1.0,0.5 0.5 53.5870897065 14.25 1.0 2.5 8.0
0.5 0.5 53.5870897065 14.25 1.0 2.5 8.0,3,1.0,0.5 0.5 51.382454985 12.25 1.0 2.5 8.0
0.5 0.5 51.382454985 12.25 1.0 2.5 8.0,2,1.0,0.5 0.5 62.0145709842 15.75 1.0 2.5 8.0
0.5 0.5 62.0145709842 15.75 1.0 2.5 8.0,3,1.0,0.5 0.5 49.0127018866 12.0 1.0 2.5 8.0
0.5 0.5 49.0127018866 12.0 1.0 2.5 8.0,3,1.0,0.5 0.5 52.0711511809 14.25 1.0 2.5 8.0
0.5 0.5 42.1810327071 12.375 1.0 2.5 8.0,3,1.0,0.5 0.5 53.4110872624 19.625 1.0 2.5 8.0
0.5 0.5 53.4110872624 19.625 1.0 2.5 8.0,3,1.0,0.5 0.5 52.0034658532 14.125 1.0 2.5 8.0
0.5 0.5 52.0034658532 14.125 1.0 2.5 8.0,3,1.0,0.5 0.5 57.0788354843 14.125 1.0 2.5 8.0
0.5 0.5 57.0788354843 14.125 1.0 2.5 8.0,3,1.0,0.5 0.5 50.467496377 12.375 1.0 2.5 8.0
0.5 0.5 50.467496377 12.375 1.0 2.5 8.0,3,1.0,0.5 0.5 49.0561009736 14.125 1.0 2.5 8.0
0.5 0.5 49.0561009736 14.125 1.0 2.5 8.0,3,1.0,0.5 0.5 50.467496377 12.5 1.0 2.5 8.0
0.5 0.5 50.467496377 12.5 1.0 2.5 8.0,3,1.0,0.5 0.5 43.6904243054 12.375 1.0 2.5 8.0
0.5 0.5 43.6904243054 12.375 1.0 2.5 8.0,3,1.0,0.5 0.5 44.2829692778 14.0 1.0 2.5 8.0
0.5 0.5 44.2829692778 14.0 1.0 2.5 8.0,3,1.0,0.5 0.5 50.3711100103 15.875 1.0 2.5 8.0
0.5 0.5 50.3711100103 15.875 1.0 2.5 8.0,3,1.0,0.5 0.5 46.5306619142 14.125 1.0 2.5 8.0
0.5 0.5 46.5306619142 14.125 1.0 2.5 8.0,3,1.0,0.5 0.5 44.2556816581 10.5 1.0 2.5 8.0
0.5 0.5 44.2556816581 10.5 1.0 2.5 8.0,3,1.0,0.5 0.5 48.6910552769 12.0 1.0 2.5 8.0
0.5 0.5 48.6910552769 12.0 1.0 2.5 8.0,3,1.0,0.5 0.5 44.265790972 10.5 1.0 2.5 8.0
0.5 0.5 44.265790972 10.5 1.0 2.5 8.0,3,1.0,0.5 0.5 51.037411428 16.0 1.0 2.5 8.0
0.5 0.5 51.037411428 16.0 1.0 2.5 8.0,3,1.0,0.5 0.5 42.12445065 12.375 1.0 2.5 8.0
0.0 0.0 250.0 150.0 0.0 4.0 7.0,3,-1.0,0.0 0.0 250.0 150.0 0.0 4.0 8.0
0.0 0.0 250.0 150.0 0.0 4.0 8.0,1,-1.0,0.0 0.0 250.0 150.0 0.0 3.5 8.0
0.0 0.0 250.0 150.0 0.0 3.5 8.0,1,-1.0,0.0 0.0 250.0 150.0 0.0 3.0 8.0
0.0 0.0 250.0 150.0 0.0 3.0 8.0,1,1.0,0.5 0.5 33.5639996123 23.0 1.0 2.5 8.0
0.5 0.5 33.5639996123 23.0 1.0 2.5 8.0,3,1.0,0.5 0.5 50.8321232891 13.875 1.0 2.5 8.0
0.5 0.5 50.8321232891 13.875 1.0 2.5 8.0,3,1.0,0.5 0.5 49.8176746171 13.75 1.0 2.5 8.0
0.5 0.5 49.8176746171 13.75 1.0 2.5 8.0,3,1.0,0.5 0.5 49.3028748071 14.0 1.0 2.5 8.0
0.5 0.5 49.3028748071 14.0 1.0 2.5 8.0,3,1.0,0.5 0.5 54.3855428649 14.125 1.0 2.5 8.0
0.5 0.5 54.3855428649 14.125 1.0 2.5 8.0,3,1.0,0.5 0.5 59.4976853767 14.125 1.0 2.5 8.0
0.5 0.5 59.4976853767 14.125 1.0 2.5 8.0,3,1.0,0.5 0.5 51.4629852274 14.125 1.0 2.5 8.0
0.5 0.5 51.4629852274 14.125 1.0 2.5 8.0,3,1.0,0.5 0.5 37.6928146479 13.875 1.0 2.5 8.0
0.5 0.5 37.6928146479 13.875 1.0 2.5 8.0,3,1.0,0.5 0.5 42.9603559167 12.625 1.0 2.5 8.0
0.5 0.5 42.9603559167 12.625 1.0 2.5 8.0,3,1.0,0.5 0.5 45.862176021 12.5 1.0 2.5 8.0
0.5 0.5 45.862176021 12.5 1.0 2.5 8.0,3,1.0,0.5 0.5 47.2245821527 10.625 1.0 2.5 8.0
0.5 0.5 47.2245821527 10.625 1.0 2.5 8.0,3,1.0,0.5 0.5 55.661849153 14.25 1.0 2.5 8.0
1.0 1.0 50.1943912041 10.5 0.5 1.0 4.0,3,1.0,1.0 1.0 55.1777450482 8.4 0.625 1.0 5.0
1.0 1.0 55.1777450482 8.4 0.625 1.0 5.0,0,1.0,1.0 1.0 55.1777450482 9.0 0.625 1.5 5.0
1.0 1.0 55.1777450482 9.0 0.625 1.5 5.0,3,1.0,1.0 1.0 49.5626006065 9.5 0.75 1.5 6.0
1.0 1.0 49.5626006065 9.5 0.75 1.5 6.0,3,1.0,1.0 1.0 46.301414253 10.1428571429 0.875 1.5 7.0
1.0 1.0 46.301414253 10.1428571429 0.875 1.5 7.0,0,1.0,1.0 1.0 46.301414253 10.0 0.875 2.0 7.0
1.0 1.0 46.301414253 10.0 0.875 2.0 7.0,0,1.0,0.5 0.5 44.2690325258 10.1428571429 0.875 2.5 7.0
0.5 0.5 44.2690325258 10.1428571429 0.875 2.5 7.0,3,1.0,0.5 0.5 48.7803608052 12.375 1.0 2.5 8.0
0.5 0.5 48.7803608052 12.375 1.0 2.5 8.0,3,1.0,0.5 0.5 52.7219262858 14.0 1.0 2.5 8.0
0.5 0.5 52.7219262858 14.0 1.0 2.5 8.0,3,1.0,0.5 0.5 58.0445548826 14.0 1.0 2.5 8.0
0.5 0.5 58.0445548826 14.0 1.0 2.5 8.0,3,1.0,0.5 0.5 48.7457444227 12.25 1.0 2.5 8.0
0.5 0.5 48.7457444227 12.25 1.0 2.5 8.0,3,1.0,0.5 0.5 57.4447610633 16.0 1.0 2.5 8.0
0.5 0.5 57.4447610633 16.0 1.0 2.5 8.0,3,1.0,0.5 0.5 45.5108752915 10.5 1.0 2.5 8.0
0.5 0.5 45.5108752915 10.5 1.0 2.5 8.0,3,1.0,0.5 0.5 50.3534034312 12.25 1.0 2.5 8.0
0.5 0.5 50.3534034312 12.25 1.0 2.5 8.0,3,1.0,0.5 0.5 45.4665493459 14.375 1.0 2.5 8.0
0.5 0.5 45.4665493459 14.375 1.0 2.5 8.0,3,1.0,0.5 0.5 50.2237188886 12.25 1.0 2.5 8.0
1.0 1.0 44.8057322603 10.625 1.0 1.0 8.0,0,1.0,1.0 1.0 44.8057322603 10.625 1.0 1.5 8.0
1.0 1.0 44.8057322603 10.625 1.0 1.5 8.0,0,1.0,1.0 1.0 44.8057322603 10.625 1.0 2.0 8.0
1.0 1.0 44.8057322603 10.625 1.0 2.0 8.0,0,1.0,0.5 0.5 50.8442830989 12.625 1.0 2.5 8.0
0.5 0.5 50.8442830989 12.625 1.0 2.5 8.0,3,1.0,0.5 0.5 47.26669711 12.375 1.0 2.5 8.0
0.5 0.5 47.26669711 12.375 1.0 2.5 8.0,3,1.0,0.5 0.5 45.0076033416 14.25 1.0 2.5 8.0
0.5 0.5 45.0076033416 14.25 1.0 2.5 8.0,3,1.0,0.5 0.5 51.1191619258 14.125 1.0 2.5 8.0
0.5 0.5 51.1191619258 14.125 1.0 2.5 8.0,3,1.0,0.5 0.5 48.7666824248 12.25 1.0 2.5 8.0
0.5 0.5 48.7666824248 12.25 1.0 2.5 8.0,3,1.0,0.5 0.5 42.0178614832 12.375 1.0 2.5 8.0
0.5 0.5 42.0178614832 12.375 1.0 2.5 8.0,3,1.0,0.5 0.5 45.3989818672 14.0 1.0 2.5 8.0
0.5 0.5 45.3989818672 14.0 1.0 2.5 8.0,3,1.0,0.5 0.5 44.2675603741 10.75 1.0 2.5 8.0
0.5 0.5 44.2675603741 10.75 1.0 2.5 8.0,3,1.0,0.5 0.5 48.3961229667 14.125 1.0 2.5 8.0
0.5 0.5 48.3961229667 14.125 1.0 2.5 8.0,3,1.0,0.5 0.5 46.8319472839 12.375 1.0 2.5 8.0
0.5 0.5 46.8319472839 12.375 1.0 2.5 8.0,3,1.0,0.5 0.5 52.1070230599 12.5 1.0 2.5 8.0
0.5 0.5 52.1070230599 12.5 1.0 2.5 8.0,2,1.0,0.5 0.5 46.8890146016 14.0 1.0 2.5 8.0
0.5 0.5 46.8890146016 14.0 1.0 2.5 8.0,3,1.0,0.5 0.5 56.2995122747 14.25 1.0 2.5 8.0
1.0 1.0 44.8057322603 10.625 1.0 1.0 8.0,0,1.0,1.0 1.0 44.8057322603 10.5 1.0 1.5 8.0
1.0 1.0 44.8057322603 10.5 1.0 1.5 8.0,0,1.0,1.0 1.0 44.8057322603 10.625 1.0 2.0 8.0
1.0 1.0 44.8057322603 10.625 1.0 2.0 8.0,0,1.0,0.5 0.5 53.272895303 12.375 1.0 2.5 8.0
0.5 0.5 53.272895303 12.375 1.0 2.5 8.0,3,1.0,0.5 0.5 49.6881731674 12.125 1.0 2.5 8.0
0.5 0.5 49.6881731674 12.125 1.0 2.5 8.0,3,1.0,0.5 0.5 43.3597204744 12.375 1.0 2.5 8.0
0.5 0.5 43.3597204744 12.375 1.0 2.5 8.0,3,1.0,0.5 0.5 50.7086477005 12.25 1.0 2.5 8.0
0.5 0.5 50.7086477005 12.25 1.0 2.5 8.0,3,1.0,0.5 0.5 44.0143054322 14.25 1.0 2.5 8.0
0.5 0.5 44.0143054322 14.25 1.0 2.5 8.0,3,1.0,0.5 0.5 57.4163080687 14.25 1.0 2.5 8.0
0.5 0.5 57.4163080687 14.25 1.0 2.5 8.0,2,1.0,0.5 0.5 49.229227163 12.5 1.0 2.5 8.0
0.5 0.5 49.229227163 12.5 1.0 2.5 8.0,3,1.0,0.5 0.5 52.3481743833 12.25 1.0 2.5 8.0
0.5 0.5 52.3481743833 12.25 1.0 2.5 8.0,3,1.0,0.5 0.5 43.849708543 14.0 1.0 2.5 8.0
0.5 0.5 43.849708543 14.0 1.0 2.5 8.0,3,1.0,0.5 0.5 48.8806838002 14.0 1.0 2.5 8.0
0.5 0.5 48.8806838002 14.0 1.0 2.5 8.0,3,1.0,0.5 0.5 37.8865524578 14.125 1.0 2.5 8.0
0.5 0.5 37.8865524578 14.125 1.0 2.5 8.0,3,1.0,0.5 0.5 48.935372946 14.0 1.0 2.5 8.0
0.5 0.5 48.935372946 14.0 1.0 2.5 8.0,3,1.0,0.5 0.5 41.3099282885 14.0 1.0 2.5 8.0
1.0 1.0 44.8057322603 10.75 1.0 1.5 8.0,0,1.0,1.0 1.0 44.8057322603 10.5 1.0 2.0 8.0
1.0 1.0 44.8057322603 10.5 1.0 2.0 8.0,0,1.0,0.5 0.5 52.3481743833 12.625 1.0 2.5 8.0
0.5 0.5 52.3481743833 12.625 1.0 2.5 8.0,3,1.0,0.5 0.5 52.8863462695 12.375 1.0 2.5 8.0
0.5 0.5 52.8863462695 12.375 1.0 2.5 8.0,3,1.0,0.5 0.5 48.6910552769 12.375 1.0 2.5 8.0
0.5 0.5 48.6910552769 12.375 1.0 2.5 8.0,3,1.0,0.5 0.5 50.7563333529 15.875 1.0 2.5 8.0
0.5 0.5 50.7563333529 15.875 1.0 2.5 8.0,3,1.0,0.5 0.5 38.6635761615 16.0 1.0 2.5 8.0
0.5 0.5 38.6635761615 16.0 1.0 2.5 8.0,3,1.0,0.5 0.5 52.0145691239 14.125 1.0 2.5 8.0
0.5 0.5 52.0145691239 14.125 1.0 2.5 8.0,3,1.0,0.5 0.5 59.7107409227 16.0 1.0 2.5 8.0
0.5 0.5 59.7107409227 16.0 1.0 2.5 8.0,3,1.0,0.5 0.5 39.7026013679 12.5 1.0 2.5 8.0
0.5 0.5 39.7026013679 12.5 1.0 2.5 8.0,3,1.0,0.5 0.5 49.0862426482 16.25 1.0 2.5 8.0
0.5 0.5 49.0862426482 16.25 1.0 2.5 8.0,3,1.0,0.5 0.5 41.0210596522 10.625 1.0 2.5 8.0
0.5 0.5 41.0210596522 10.625 1.0 2.5 8.0,3,1.0,0.5 0.5 40.8861814361 12.25 1.0 2.5 8.0
0.5 0.5 40.8861814361 12.25 1.0 2.5 8.0,3,1.0,0.5 0.5 50.3870625534 12.375 1.0 2.5 8.0
0.5 0.5 50.3870625534 12.375 1.0 2.5 8.0,3,1.0,0.5 0.5 43.4330066559 12.375 1.0 2.5 8.0
0.5 0.5 43.4330066559 12.375 1.0 2.5 8.0,3,1.0,0.5 0.5 47.8058661209 14.125 1.0 2.5 8.0
1.0 1.0 44.1995459064 10.625 1.0 0.5 8.0,0,1.0,1.0 1.0 44.8057322603 10.625 1.0 1.0 8.0
1.0 1.0 44.8057322603 10.625 1.0 1.0 8.0,0,1.0,1.0 1.0 44.8057322603 10.5 1.0 1.5 8.0
1.0 1.0 44.8057322603 10.5 1.0 1.5 8.0,0,1.0,1.0 1.0 44.8057322603 10.5 1.0 2.0 8.0
1.0 1.0 44.8057322603 10.5 1.0 2.0 8.0,0,1.0,0.5 0.5 47.1763861558 12.5 1.0 2.5 8.0
0.5 0.5 47.1763861558 12.5 1.0 2.5 8.0,3,1.0,0.5 0.5 40.3637022449 12.375 1.0 2.5 8.0
0.5 0.5 40.3637022449 12.375 1.0 2.5 8.0,3,1.0,0.5 0.5 57.0122854384 14.125 1.0 2.5 8.0
0.5 0.5 57.0122854384 14.125 1.0 2.5 8.0,3,1.0,0.5 0.5 36.4883400244 14.0 1.0 2.5 8.0
0.5 0.5 36.4883400244 14.0 1.0 2.5 8.0,3,1.0,0.5 0.5 55.5691229331 14.25 1.0 2.5 8.0
0.5 0.5 55.5691229331 14.25 1.0 2.5 8.0,3,1.0,0.5 0.5 51.2899350601 14.125 1.0 2.5 8.0
0.5 0.5 51.2899350601 14.125 1.0 2.5 8.0,3,1.0,0.5 0.5 44.3921361915 12.25 1.0 2.5 8.0
0.5 0.5 44.3921361915 12.25 1.0 2.5 8.0,3,1.0,0.5 0.5 43.6904243054 12.375 1.0 2.5 8.0
0.5 0.5 43.6904243054 12.375 1.0 2.5 8.0,3,1.0,0.5 0.5 40.9427634931 12.25 1.0 2.5 8.0
0.5 0.5 40.9427634931 12.25 1.0 2.5 8.0,3,1.0,0.5 0.5 47.5074752088 12.25 1.0 2.5 8.0
0.5 0.5 47.5074752088 12.25 1.0 2.5 8.0,3,1.0,0.5 0.5 44.0264090507 10.75 1.0 2.5 8.0
0.5 0.5 44.0264090507 10.75 1.0 2.5 8.0,3,1.0,0.5 0.5 53.2054348462 14.125 1.0 2.5 8.0
1.0 1.0 55.1777450482 8.4 0.625 1.5 5.0,0,1.0,1.0 1.0 54.207846882 8.6 0.625 2.0 5.0
1.0 1.0 54.207846882 8.6 0.625 2.0 5.0,3,1.0,1.0 1.0 49.5626006065 9.5 0.75 2.0 6.0
1.0 1.0 49.5626006065 9.5 0.75 2.0 6.0,3,1.0,1.0 1.0 46.301414253 10.1428571429 0.875 2.0 7.0
1.0 1.0 46.301414253 10.1428571429 0.875 2.0 7.0,0,1.0,0.5 0.5 47.4058319759 12.0 0.875 2.5 7.0
0.5 0.5 47.4058319759 12.0 0.875 2.5 7.0,3,1.0,0.5 0.5 52.1070230599 12.25 1.0 2.5 8.0
0.5 0.5 52.1070230599 12.25 1.0 2.5 8.0,3,1.0,0.5 0.5 49.0043291173 12.375 1.0 2.5 8.0
0.5 0.5 49.0043291173 12.375 1.0 2.5 8.0,4,-1.0,0.5 0.5 55.3524924599 14.1428571429 0.875 2.5 7.0
0.5 0.5 55.3524924599 14.1428571429 0.875 2.5 7.0,3,1.0,0.5 0.5 38.4836232293 14.25 1.0 2.5 8.0
0.5 0.5 38.4836232293 14.25 1.0 2.5 8.0,3,1.0,0.5 0.5 48.4745300005 12.25 1.0 2.5 8.0
0.5 0.5 48.4745300005 12.25 1.0 2.5 8.0,3,1.0,0.5 0.5 55.6840233311 15.75 1.0 2.5 8.0
0.5 0.5 55.6840233311 15.75 1.0 2.5 8.0,3,1.0,0.5 0.5 46.8909075129 14.0 1.0 2.5 8.0
0.5 0.5 46.8909075129 14.0 1.0 2.5 8.0,3,1.0,0.5 0.5 57.534782099 14.25 1.0 2.5 8.0
0.5 0.5 57.534782099 14.25 1.0 2.5 8.0,3,1.0,0.5 0.5 47.7123490711 14.0 1.0 2.5 8.0
0.5 0.5 47.7123490711 14.0 1.0 2.5 8.0,3,1.0,0.5 0.5 37.5076299073 15.875 1.0 2.5 8.0
0.5 0.5 37.5076299073 15.875 1.0 2.5 8.0,2,1.0,0.5 0.5 46.6938331381 14.125 1.0 2.5 8.0
1.0 1.0 55.1777450482 8.4 0.625 1.5 5.0,3,1.0,1.0 1.0 49.5626006065 9.5 0.75 1.5 6.0
1.0 1.0 49.5626006065 9.5 0.75 1.5 6.0,0,1.0,1.0 1.0 49.5626006065 9.66666666667 0.75 2.0 6.0
1.0 1.0 49.5626006065 9.66666666667 0.75 2.0 6.0,3,1.0,1.0 1.0 46.301414253 10.1428571429 0.875 2.0 7.0
1.0 1.0 46.301414253 10.1428571429 0.875 2.0 7.0,0,1.0,0.5 0.5 54.8279827406 13.7142857143 0.875 2.5 7.0
0.5 0.5 54.8279827406 13.7142857143 0.875 2.5 7.0,3,1.0,0.5 0.5 46.6980812876 12.375 1.0 2.5 8.0
0.5 0.5 46.6980812876 12.375 1.0 2.5 8.0,3,1.0,0.5 0.5 53.6951448504 15.875 1.0 2.5 8.0
0.5 0.5 53.6951448504 15.875 1.0 2.5 8.0,3,1.0,0.5 0.5 43.3597204744 12.375 1.0 2.5 8.0
0.5 0.5 43.3597204744 12.375 1.0 2.5 8.0,3,1.0,0.5 0.5 60.7763017703 15.5 1.0 2.5 8.0
0.5 0.5 60.7763017703 15.5 1.0 2.5 8.0,3,1.0,0.5 0.5 54.9974581762 14.125 1.0 2.5 8.0
0.5 0.5 54.9974581762 14.125 1.0 2.5 8.0,3,1.0,0.5 0.5 50.6520656434 12.5 1.0 2.5 8.0
0.5 0.5 50.6520656434 12.5 1.0 2.5 8.0,3,1.0,0.5 0.5 43.6754528819 14.125 1.0 2.5 8.0
0.5 0.5 43.6754528819 14.125 1.0 2.5 8.0,3,1.0,0.5 0.5 48.2314617133 14.0 1.0 2.5 8.0
0.5 0.5 48.2314617133 14.0 1.0 2.5 8.0,2,1.0,0.5 0.5 42.4792244337 12.25 1.0 2.5 8.0
0.5 0.5 42.4792244337 12.25 1.0 2.5 8.0,3,1.0,0.5 0.5 52.3481743833 12.5 1.0 2.5 8.0
0.5 0.5 52.3481743833 12.5 1.0 2.5 8.0,3,1.0,0.5 0.5 41.9378974363 16.0 1.0 2.5 8.0
0.0 0.0 250.0 150.0 0.0 4.0 4.0,1,-1.0,0.0 0.0 250.0 150.0 0.0 3.5 4.0
0.0 0.0 250.0 150.0 0.0 3.5 4.0,1,-1.0,0.0 0.0 250.0 150.0 0.0 3.0 4.0
0.0 0.0 250.0 150.0 0.0 3.0 4.0,1,1.0,0.5 0.5 33.7267711053 14.75 0.5 2.5 4.0
0.5 0.5 33.7267711053 14.75 0.5 2.5 4.0,3,1.0,0.5 0.5 55.1777450482 8.6 0.625 2.5 5.0
0.5 0.5 55.1777450482 8.6 0.625 2.5 5.0,3,1.0,0.5 0.5 48.5235029937 9.66666666667 0.75 2.5 6.0
0.5 0.5 48.5235029937 9.66666666667 0.75 2.5 6.0,3,1.0,0.5 0.5 47.6814334884 12.0 0.875 2.5 7.0
0.5 0.5 47.6814334884 12.0 0.875 2.5 7.0,3,1.0,0.5 0.5 37.5535981019 14.125 1.0 2.5 8.0
0.5 0.5 37.5535981019 14.125 1.0 2.5 8.0,3,1.0,0.5 0.5 45.7872765726 12.0 1.0 2.5 8.0
0.5 0.5 45.7872765726 12.0 1.0 2.5 8.0,3,1.0,0.5 0.5 41.7125496042 13.875 1.0 2.5 8.0
0.5 0.5 41.7125496042 13.875 1.0 2.5 8.0,3,1.0,0.5 0.5 62.0145709842 16.125 1.0 2.5 8.0
0.5 0.5 62.0145709842 16.125 1.0 2.5 8.0,3,1.0,0.5 0.5 52.9064955522 13.875 1.0 2.5 8.0
0.5 0.5 52.9064955522 13.875 1.0 2.5 8.0,3,1.0,0.5 0.5 55.3023943842 13.875 1.0 2.5 8.0
0.5 0.5 55.3023943842 13.875 1.0 2.5 8.0,3,1.0,0.5 0.5 45.2453078286 14.25 1.0 2.5 8.0
0.5 0.5 45.2453078286 14.25 1.0 2.5 8.0,3,1.0,0.5 0.5 52.3488204926 14.25 1.0 2.5 8.0
0.5 0.5 52.3488204926 14.25 1.0 2.5 8.0,3,1.0,0.5 0.5 46.6372510811 14.0 1.0 2.5 8.0
0.0 0.0 250.0 150.0 0.0 3.0 8.0,1,1.0,0.5 0.5 41.1193058281 16.0 1.0 2.5 8.0
0.5 0.5 41.1193058281 16.0 1.0 2.5 8.0,3,1.0,0.5 0.5 46.6452371132 14.125 1.0 2.5 8.0
0.5 0.5 46.6452371132 14.125 1.0 2.5 8.0,3,1.0,0.5 0.5 39.6503041689 16.0 1.0 2.5 8.0
0.5 0.5 39.6503041689 16.0 1.0 2.5 8.0,3,1.0,0.5 0.5 47.7123490711 14.125 1.0 2.5 8.0
0.5 0.5 47.7123490711 14.125 1.0 2.5 8.0,3,1.0,0.5 0.5 47.8208311493 14.125 1.0 2.5 8.0
0.5 0.5 47.8208311493 14.125 1.0 2.5 8.0,3,1.0,0.5 0.5 40.2004119042 10.625 1.0 2.5 8.0
0.5 0.5 40.2004119042 10.625 1.0 2.5 8.0,3,1.0,0.5 0.5 45.4665493459 13.625 1.0 2.5 8.0
0.5 0.5 45.4665493459 13.625 1.0 2.5 8.0,3,1.0,0.5 0.5 48.7457444227 12.375 1.0 2.5 8.0
0.5 0.5 48.7457444227 12.375 1.0 2.5 8.0,3,1.0,0.5 0.5 48.5596113162 15.0 1.0 2.5 8.0
0.5 0.5 48.5596113162 15.0 1.0 2.5 8.0,1,-1.0,1.0 1.0 44.8057322603 10.625 1.0 2.0 8.0
1.0 1.0 44.8057322603 10.625 1.0 2.0 8.0,0,1.0,0.5 0.5 55.9810448932 14.25 1.0 2.5 8.0
0.5 0.5 55.9810448932 14.25 1.0 2.5 8.0,3,1.0,0.5 0.5 46.6864102666 10.5 1.0 2.5 8.0
0.5 0.5 46.6864102666 10.5 1.0 2.5 8.0,3,1.0,0.5 0.5 54.0168502193 14.125 1.0 2.5 8.0
0.5 0.5 54.0168502193 14.125 1.0 2.5 8.0,3,1.0,0.5 0.5 51.3632212416 14.125 1.0 2.5 8.0
0.5 0.5 51.3632212416 14.125 1.0 2.5 8.0,3,1.0,0.5 0.5 50.467496377 12.375 1.0 2.5 8.0
1.0 1.0 49.5626006065 9.83333333333 0.75 1.5 6.0,0,1.0,1.0 1.0 49.5626006065 9.66666666667 0.75 2.0 6.0
1.0 1.0 49.5626006065 9.66666666667 0.75 2.0 6.0,3,1.0,1.0 1.0 46.301414253 10.1428571429 0.875 2.0 7.0
1.0 1.0 46.301414253 10.1428571429 0.875 2.0 7.0,0,1.0,0.5 0.5 38.5523904763 10.0 0.875 2.5 7.0
0.5 0.5 38.5523904763 10.0 0.875 2.5 7.0,3,1.0,0.5 0.5 52.1416394424 12.5 1.0 2.5 8.0
0.5 0.5 52.1416394424 12.5 1.0 2.5 8.0,3,1.0,0.5 0.5 40.4771008297 19.375 1.0 2.5 8.0
0.5 0.5 40.4771008297 19.375 1.0 2.5 8.0,3,1.0,0.5 0.5 40.9408705819 12.25 1.0 2.5 8.0
0.5 0.5 40.9408705819 12.25 1.0 2.5 8.0,3,1.0,0.5 0.5 42.1810327071 12.375 1.0 2.5 8.0
0.5 0.5 42.1810327071 12.375 1.0 2.5 8.0,3,1.0,0.5 0.5 46.5306619142 14.125 1.0 2.5 8.0
0.5 0.5 46.5306619142 14.125 1.0 2.5 8.0,3,1.0,0.5 0.5 50.6126215974 14.125 1.0 2.5 8.0
0.5 0.5 50.6126215974 14.125 1.0 2.5 8.0,3,1.0,0.5 0.5 41.7220867027 12.5 1.0 2.5 8.0
0.5 0.5 41.7220867027 12.5 1.0 2.5 8.0,3,1.0,0.5 0.5 43.4403267389 12.5 1.0 2.5 8.0
0.5 0.5 43.4403267389 12.5 1.0 2.5 8.0,3,1.0,0.5 0.5 51.1106976095 15.75 1.0 2.5 8.0
0.5 0.5 51.1106976095 15.75 1.0 2.5 8.0,3,1.0,0.5 0.5 42.0421143055 12.125 1.0 2.5 8.0
0.5 0.5 42.0421143055 12.125 1.0 2.5 8.0,3,1.0,0.5 0.5 39.7026013679 12.25 1.0 2.5 8.0
0.5 0.5 39.7026013679 12.25 1.0 2.5 8.0,3,1.0,0.5 0.5 56.2995122747 14.0 1.0 2.5 8.0
1.0 1.0 44.8057322603 10.625 1.0 0.5 8.0,0,1.0,1.0 1.0 44.8057322603 10.625 1.0 1.0 8.0
1.0 1.0 44.8057322603 10.625 1.0 1.0 8.0,0,1.0,1.0 1.0 44.8057322603 10.5 1.0 1.5 8.0
1.0 1.0 44.8057322603 10.5 1.0 1.5 8.0,0,1.0,1.0 1.0 44.8057322603 10.625 1.0 2.0 8.0
1.0 1.0 44.8057322603 10.625 1.0 2.0 8.0,0,1.0,0.5 0.5 50.467496377 12.375 1.0 2.5 8.0
0.5 0.5 50.467496377 12.375 1.0 2.5 8.0,3,1.0,0.5 0.5 55.1407761782 14.125 1.0 2.5 8.0
0.5 0.5 55.1407761782 14.125 1.0 2.5 8.0,2,1.0,0.5 0.5 40.8828888868 14.125 1.0 2.5 8.0
0.5 0.5 40.8828888868 14.125 1.0 2.5 8.0,3,1.0,0.5 0.5 48.0725946698 14.25 1.0 2.5 8.0
0.5 0.5 48.0725946698 14.25 1.0 2.5 8.0,3,1.0,0.5 0.5 48.6173396904 14.0 1.0 2.5 8.0
0.5 0.5 48.6173396904 14.0 1.0 2.5 8.0,3,1.0,0.5 0.5 46.888273064 12.375 1.0 2.5 8.0
0.5 0.5 46.888273064 12.375 1.0 2.5 8.0,3,1.0,0.5 0.5 56.8502592609 17.5 1.0 2.5 8.0
0.5 0.5 56.8502592609 17.5 1.0 2.5 8.0,3,1.0,0.5 0.5 42.0178614832 12.375 1.0 2.5 8.0
0.5 0.5 42.0178614832 12.375 1.0 2.5 8.0,3,1.0,0.5 0.5 50.6236431968 14.25 1.0 2.5 8.0
0.5 0.5 50.6236431968 14.25 1.0 2.5 8.0,3,1.0,0.5 0.5 44.6785959528 12.5 1.0 2.5 8.0
0.5 0.5 44.6785959528 12.5 1.0 2.5 8.0,3,1.0,0.5 0.5 43.2561306971 12.375 1.0 2.5 8.0
0.5 0.5 43.2561306971 12.375 1.0 2.5 8.0,3,1.0,0.5 0.5 44.8448478279 12.375 1.0 2.5 8.0
0.5 0.5 43.0447000638 14.125 1.0 2.5 8.0,3,1.0,0.5 0.5 42.1810327071 12.25 1.0 2.5 8.0
0.5 0.5 42.1810327071 12.25 1.0 2.5 8.0,3,1.0,0.5 0.5 48.6910552769 12.25 1.0 2.5 8.0
0.5 0.5 48.6910552769 12.25 1.0 2.5 8.0,3,1.0,0.5 0.5 47.1763861558 12.375 1.0 2.5 8.0
0.5 0.5 47.1763861558 12.375 1.0 2.5 8.0,3,1.0,0.5 0.5 56.2995122747 14.125 1.0 2.5 8.0
0.5 0.5 56.2995122747 14.125 1.0 2.5 8.0,2,1.0,0.5 0.5 42.6156874785 12.375 1.0 2.5 8.0
0.5 0.5 42.6156874785 12.375 1.0 2.5 8.0,3,1.0,0.5 0.5 49.8047279661 12.25 1.0 2.5 8.0
0.5 0.5 49.8047279661 12.25 1.0 2.5 8.0,3,1.0,0.5 0.5 49.1367072381 14.125 1.0 2.5 8.0
0.5 0.5 49.1367072381 14.125 1.0 2.5 8.0,3,1.0,0.5 0.5 54.0654139799 15.875 1.0 2.5 8.0
0.5 0.5 54.0654139799 15.875 1.0 2.5 8.0,3,1.0,0.5 0.5 45.918758078 29.75 1.0 2.5 8.0
0.5 0.5 45.918758078 29.75 1.0 2.5 8.0,3,1.0,0.5 0.5 45.4665493459 14.0 1.0 2.5 8.0
0.5 0.5 45.4665493459 14.0 1.0 2.5 8.0,3,1.0,0.5 0.5 49.9639408734 12.25 1.0 2.5 8.0
0.5 0.5 49.9639408734 12.25 1.0 2.5 8.0,3,1.0,0.5 0.5 42.4521550915 12.25 1.0 2.5 8.0
0.5 0.5 42.4521550915 12.25 1.0 2.5 8.0,3,1.0,0.5 0.5 50.7888269271 14.125 1.0 2.5 8.0
0.5 0.5 50.7888269271 14.125 1.0 2.5 8.0,3,1.0,0.5 0.5 53.7424008188 14.125 1.0 2.5 8.0
0.5 0.5 53.7424008188 14.125 1.0 2.5 8.0,2,1.0,0.5 0.5 47.2663238853 12.375 1.0 2.5 8.0
1.0 1.0 50.1943912041 11.0 0.5 0.5 4.0,0,1.0,1.0 1.0 50.1943912041 10.75 0.5 1.0 4.0
1.0 1.0 50.1943912041 10.75 0.5 1.0 4.0,3,1.0,1.0 1.0 55.1777450482 8.8 0.625 1.0 5.0
1.0 1.0 55.1777450482 8.8 0.625 1.0 5.0,0,1.0,1.0 1.0 55.1777450482 8.8 0.625 1.5 5.0
1.0 1.0 55.1777450482 8.8 0.625 1.5 5.0,0,1.0,1.0 1.0 55.1777450482 8.4 0.625 2.0 5.0
1.0 1.0 55.1777450482 8.4 0.625 2.0 5.0,3,1.0,1.0 1.0 49.5626006065 9.5 0.75 2.0 6.0
1.0 1.0 49.5626006065 9.5 0.75 2.0 6.0,0,1.0,0.5 0.5 49.5626006065 9.66666666667 0.75 2.5 6.0
0.5 0.5 49.5626006065 9.66666666667 0.75 2.5 6.0,3,1.0,0.5 0.5 46.133175315 12.1428571429 0.875 2.5 7.0
0.5 0.5 46.133175315 12.1428571429 0.875 2.5 7.0,3,1.0,0.5 0.5 44.8448478279 12.5 1.0 2.5 8.0
0.5 0.5 44.8448478279 12.5 1.0 2.5 8.0,3,1.0,0.5 0.5 52.9630776092 14.25 1.0 2.5 8.0
0.5 0.5 52.9630776092 14.25 1.0 2.5 8.0,3,1.0,0.5 0.5 54.4421249219 14.25 1.0 2.5 8.0
0.5 0.5 54.4421249219 14.25 1.0 2.5 8.0,3,1.0,0.5 0.5 49.9293244909 12.375 1.0 2.5 8.0
0.5 0.5 49.9293244909 12.375 1.0 2.5 8.0,3,1.0,0.5 0.5 47.395825335 14.0 1.0 2.5 8.0
0.5 0.5 47.395825335 14.0 1.0 2.5 8.0,3,1.0,0.5 0.5 49.9293244909 12.5 1.0 2.5 8.0
0.5 0.5 49.9293244909 12.5 1.0 2.5 8.0,3,1.0,0.5 0.5 49.4605449662 14.125 1.0 2.5 8.0
0.5 0.5 49.4605449662 14.125 1.0 2.5 8.0,3,1.0,0.5 0.5 44.2829692778 13.75 1.0 2.5 8.0
0.0 0.0 250.0 150.0 0.0 4.0 8.0,1,-1.0,0.0 0.0 250.0 150.0 0.0 3.5 8.0
0.0 0.0 250.0 150.0 0.0 3.5 8.0,1,-1.0,0.0 0.0 250.0 150.0 0.0 3.0 8.0
0.0 0.0 250.0 150.0 0.0 3.0 8.0,1,1.0,0.5 0.5 32.7813586469 14.375 1.0 2.5 8.0
0.5 0.5 32.7813586469 14.375 1.0 2.5 8.0,3,1.0,0.5 0.5 41.4234357791 10.5 1.0 2.5 8.0
0.5 0.5 41.4234357791 10.5 1.0 2.5 8.0,3,1.0,0.5 0.5 45.4665493459 14.25 1.0 2.5 8.0
0.5 0.5 45.4665493459 14.25 1.0 2.5 8.0,3,1.0,0.5 0.5 49.6129847046 16.25 1.0 2.5 8.0
0.5 0.5 49.6129847046 16.25 1.0 2.5 8.0,2,1.0,0.5 0.5 43.822842573 13.75 1.0 2.5 8.0
0.5 0.5 43.822842573 13.75 1.0 2.5 8.0,3,1.0,0.5 0.5 52.2775735532 15.5 1.0 2.5 8.0
0.5 0.5 52.2775735532 15.5 1.0 2.5 8.0,3,1.0,0.5 0.5 40.2964255884 10.625 1.0 2.5 8.0
0.5 0.5 40.2964255884 10.625 1.0 2.5 8.0,3,1.0,0.5 0.5 47.7142419824 13.5 1.0 2.5 8.0
0.5 0.5 47.7142419824 13.5 1.0 2.5 8.0,3,1.0,0.5 0.5 42.0159685719 12.375 1.0 2.5 8.0
0.5 0.5 42.0159685719 12.375 1.0 2.5 8.0,3,1.0,0.5 0.5 43.0292911602 10.5 1.0 2.5 8.0
0.5 0.5 43.0292911602 10.5 1.0 2.5 8.0,3,1.0,0.5 0.5 42.3712244835 12.375 1.0 2.5 8.0
0.5 0.5 42.3712244835 12.375 1.0 2.5 8.0,3,1.0,0.5 0.5 56.3484461426 14.25 1.0 2.5 8.0
0.5 0.5 56.3484461426 14.25 1.0 2.5 8.0,3,1.0,0.5 0.5 44.5152683676 14.625 1.0 2.5 8.0
1.0 1.0 49.5626006065 9.5 0.75 1.0 6.0,0,1.0,1.0 1.0 49.5626006065 9.5 0.75 1.5 6.0
1.0 1.0 49.5626006065 9.5 0.75 1.5 6.0,0,1.0,1.0 1.0 49.5626006065 9.5 0.75 2.0 6.0
1.0 1.0 49.5626006065 9.5 0.75 2.0 6.0,0,1.0,0.5 0.5 49.8841357045 9.5 0.75 2.5 6.0
0.5 0.5 49.8841357045 9.5 0.75 2.5 6.0,3,1.0,0.5 0.5 45.4107591564 10.4285714286 0.875 2.5 7.0
0.5 0.5 45.4107591564 10.4285714286 0.875 2.5 7.0,3,1.0,0.5 0.5 51.3879702936 16.25 1.0 2.5 8.0
0.5 0.5 51.3879702936 16.25 1.0 2.5 8.0,3,1.0,0.5 0.5 39.7026013679 12.5 1.0 2.5 8.0
0.5 0.5 39.7026013679 12.5 1.0 2.5 8.0,3,1.0,0.5 0.5 50.776877401 14.25 1.0 2.5 8.0
0.5 0.5 50.776877401 14.25 1.0 2.5 8.0,3,1.0,0.5 0.5 49.9789567702 12.375 1.0 2.5 8.0
0.5 0.5 49.9789567702 12.375 1.0 2.5 8.0,3,1.0,0.5 0.5 49.5096141624 12.375 1.0 2.5 8.0
0.5 0.5 49.5096141624 12.375 1.0 2.5 8.0,3,1.0,0.5 0.5 41.0363171708 10.625 1.0 2.5 8.0
0.5 0.5 41.0363171708 10.625 1.0 2.5 8.0,3,1.0,0.5 0.5 55.6257049901 13.875 1.0 2.5 8.0
0.5 0.5 55.6257049901 13.875 1.0 2.5 8.0,3,1.0,0.5 0.5 54.5191766371 13.875 1.0 2.5 8.0
0.5 0.5 54.5191766371 13.875 1.0 2.5 8.0,2,1.0,0.5 0.5 45.519534323 10.5 1.0 2.5 8.0
0.5 0.5 45.519534323 10.5 1.0 2.5 8.0,3,1.0,0.5 0.5 30.1748257001 14.125 1.0 2.5 8.0
0.5 0.5 30.1748257001 14.125 1.0 2.5 8.0,3,1.0,0.5 0.5 49.9860687813 15.75 1.0 2.5 8.0
0.0 0.0 250.0 150.0 0.0 3.0 8.0,1,1.0,0.5 0.5 38.6842740871 16.0 1.0 2.5 8.0
0.5 0.5 38.6842740871 16.0 1.0 2.5 8.0,2,1.0,0.5 0.5 44.5998825995 12.25 1.0 2.5 8.0
0.5 0.5 44.5998825995 12.25 1.0 2.5 8.0,3,1.0,0.5 0.5 54.3664129161 13.0 1.0 2.5 8.0
0.5 0.5 54.3664129161 13.0 1.0 2.5 8.0,3,1.0,0.5 0.5 59.2853935575 15.5 1.0 2.5 8.0
0.5 0.5 59.2853935575 15.5 1.0 2.5 8.0,2,1.0,0.5 0.5 47.395825335 14.125 1.0 2.5 8.0
0.5 0.5 47.395825335 14.125 1.0 2.5 8.0,3,1.0,0.5 0.5 49.8727424338 12.25 1.0 2.5 8.0
0.5 0.5 49.8727424338 12.25 1.0 2.5 8.0,3,1.0,0.5 0.5 44.680488864 12.25 1.0 2.5 8.0
0.5 0.5 44.680488864 12.25 1.0 2.5 8.0,3,1.0,0.5 0.5 51.4315517791 11.875 1.0 2.5 8.0
0.5 0.5 51.4315517791 11.875 1.0 2.5 8.0,2,1.0,0.5 0.5 47.8774132063 14.125 1.0 2.5 8.0
0.5 0.5 47.8774132063 14.125 1.0 2.5 8.0,2,1.0,0.5 0.5 42.0178614832 12.25 1.0 2.5 8.0
0.5 0.5 42.0178614832 12.25 1.0 2.5 8.0,3,1.0,0.5 0.5 56.005939599 13.75 1.0 2.5 8.0
0.5 0.5 56.005939599 13.75 1.0 2.5 8.0,3,1.0,0.5 0.5 57.8034035591 14.0 1.0 2.5 8.0
0.5 0.5 57.8034035591 14.0 1.0 2.5 8.0,2,1.0,0.5 0.5 55.3903110584 16.0 1.0 2.5 8.0
0.5 0.5 55.3903110584 16.0 1.0 2.5 8.0,3,1.0,0.5 0.5 66.0611526484 16.0 1.0 2.5 8.0
0.5 0.5 66.0611526484 16.0 1.0 2.5 8.0,3,1.0,0.5 0.5 43.0039315341 12.25 1.0 2.5 8.0
0.5 0.5 49.9293244909 12.375 1.0 2.5 8.0,3,1.0,0.5 0.5 47.8048689961 11.875 1.0 2.5 8.0
0.5 0.5 47.8048689961 11.875 1.0 2.5 8.0,3,1.0,0.5 0.5 51.2352459143 14.125 1.0 2.5 8.0
0.5 0.5 51.2352459143 14.125 1.0 2.5 8.0,3,1.0,0.5 0.5 54.1822329869 14.0 1.0 2.5 8.0
0.5 0.5 54.1822329869 14.0 1.0 2.5 8.0,2,1.0,0.5 0.5 48.6567364159 14.375 1.0 2.5 8.0
0.5 0.5 48.6567364159 14.375 1.0 2.5 8.0,3,1.0,0.5 0.5 47.7142419824 13.75 1.0 2.5 8.0
0.5 0.5 47.7142419824 13.75 1.0 2.5 8.0,3,1.0,0.5 0.5 46.5805507524 14.125 1.0 2.5 8.0
0.5 0.5 46.5805507524 14.125 1.0 2.5 8.0,3,1.0,0.5 0.5 52.9064955522 14.125 1.0 2.5 8.0
0.5 0.5 52.9064955522 14.125 1.0 2.5 8.0,3,1.0,0.5 0.5 41.6198389925 12.375 1.0 2.5 8.0
0.5 0.5 41.6198389925 12.375 1.0 2.5 8.0,3,1.0,0.5 0.5 53.5012494953 14.375 1.0 2.5 8.0
0.5 0.5 53.5012494953 14.375 1.0 2.5 8.0,3,1.0,0.5 0.5 42.4674126101 12.625 1.0 2.5 8.0
0.5 0.5 42.4674126101 12.625 1.0 2.5 8.0,3,1.0,0.5 0.5 48.6910552769 12.25 1.0 2.5 8.0
0.5 0.5 48.6910552769 12.25 1.0 2.5 8.0,3,1.0,0.5 0.5 49.6881731674 12.625 1.0 2.5 8.0
0.5 0.5 49.6881731674 12.625 1.0 2.5 8.0,3,1.0,0.5 0.5 47.7689311282 14.125 1.0 2.5 8.0
0.5 0.5 47.7689311282 14.125 1.0 2.5 8.0,3,1.0,0.5 0.5 44.9253697863 12.25 1.0 2.5 8.0
0.5 0.5 44.9253697863 12.25 1.0 2.5 8.0,3,1.0,0.5 0.5 40.2569939613 10.625 1.0 2.5 8.0
1.0 1.0 54.207846882 8.8 0.625 0.5 5.0,0,1.0,1.0 1.0 55.1777450482 8.8 0.625 1.0 5.0
1.0 1.0 55.1777450482 8.8 0.625 1.0 5.0,0,1.0,1.0 1.0 49.1466809052 8.4 0.625 1.5 5.0
1.0 1.0 49.1466809052 8.4 0.625 1.5 5.0,3,1.0,1.0 1.0 49.5626006065 9.33333333333 0.75 1.5 6.0
1.0 1.0 49.5626006065 9.33333333333 0.75 1.5 6.0,0,1.0,1.0 1.0 44.5367138206 9.5 0.75 2.0 6.0
1.0 1.0 44.5367138206 9.5 0.75 2.0 6.0,0,1.0,0.5 0.5 48.7543521347 9.5 0.75 2.5 6.0
0.5 0.5 48.7543521347 9.5 0.75 2.5 6.0,3,1.0,0.5 0.5 39.685528054 10.0 0.875 2.5 7.0
0.5 0.5 39.685528054 10.0 0.875 2.5 7.0,3,1.0,0.5 0.5 45.2722490507 12.25 1.0 2.5 8.0
0.5 0.5 45.2722490507 12.25 1.0 2.5 8.0,3,1.0,0.5 0.5 46.2443186304 14.125 1.0 2.5 8.0
0.5 0.5 46.2443186304 14.125 1.0 2.5 8.0,3,1.0,0.5 0.5 51.8737242343 14.125 1.0 2.5 8.0
0.5 0.5 51.8737242343 14.125 1.0 2.5 8.0,2,1.0,0.5 0.5 48.5588418113 14.25 1.0 2.5 8.0
0.5 0.5 48.5588418113 14.25 1.0 2.5 8.0,3,1.0,0.5 0.5 42.12445065 12.25 1.0 2.5 8.0
0.5 0.5 42.12445065 12.25 1.0 2.5 8.0,3,1.0,0.5 0.5 54.3664129161 14.375 1.0 2.5 8.0
0.5 0.5 54.3664129161 14.375 1.0 2.5 8.0,3,1.0,0.5 0.5 45.862176021 12.375 1.0 2.5 8.0
0.5 0.5 45.862176021 12.375 1.0 2.5 8.0,3,1.0,0.5 0.5 54.1188143161 14.125 1.0 2.5 8.0
0.5 0.5 54.1188143161 14.125 1.0 2.5 8.0,2,1.0,0.5 0.5 50.467496377 12.375 1.0 2.5 8.0
0.5 0.5 24.5937283143 14.0 0.875 2.5 7.0,3,1.0,0.5 0.5 43.4403267389 12.625 1.0 2.5 8.0
0.5 0.5 43.4403267389 12.625 1.0 2.5 8.0,3,1.0,0.5 0.5 45.9381169419 12.375 1.0 2.5 8.0
0.5 0.5 45.9381169419 12.375 1.0 2.5 8.0,3,1.0,0.5 0.5 48.7457444227 12.5 1.0 2.5 8.0
0.5 0.5 48.7457444227 12.5 1.0 2.5 8.0,3,1.0,0.5 0.5 48.995442229 14.0 1.0 2.5 8.0
0.5 0.5 48.995442229 14.0 1.0 2.5 8.0,3,1.0,0.5 0.5 33.4083684092 12.375 1.0 2.5 8.0
0.5 0.5 33.4083684092 12.375 1.0 2.5 8.0,3,1.0,0.5 0.5 58.257254576 15.875 1.0 2.5 8.0
0.5 0.5 58.257254576 15.875 1.0 2.5 8.0,3,1.0,0.5 0.5 41.2119929663 12.75 1.0 2.5 8.0
0.5 0.5 41.2119929663 12.75 1.0 2.5 8.0,3,1.0,0.5 0.5 51.7248083953 14.0 1.0 2.5 8.0
0.5 0.5 51.7248083953 14.0 1.0 2.5 8.0,3,1.0,0.5 0.5 55.9200993878 13.875 1.0 2.5 8.0
0.5 0.5 55.9200993878 13.875 1.0 2.5 8.0,3,1.0,0.5 0.5 50.0416978573 14.375 1.0 2.5 8.0
0.5 0.5 50.0416978573 14.375 1.0 2.5 8.0,3,1.0,0.5 0.5 44.0354539067 12.25 1.0 2.5 8.0
0.5 0.5 44.0354539067 12.25 1.0 2.5 8.0,3,1.0,0.5 0.5 52.8863462695 12.5 1.0 2.5 8.0
0.5 0.5 52.8863462695 12.5 1.0 2.5 8.0,3,1.0,0.5 0.5 40.6527842008 12.625 1.0 2.5 8.0
0.5 0.5 40.6527842008 12.625 1.0 2.5 8.0,3,1.0,0.5 0.5 48.7457444227 12.375 1.0 2.5 8.0
0.5 0.5 48.7457444227 12.375 1.0 2.5 8.0,2,1.0,0.5 0.5 45.9702832686 12.375 1.0 2.5 8.0
1.0 1.0 44.8057322603 10.75 1.0 2.0 8.0,0,1.0,0.5 0.5 51.4752967133 14.125 1.0 2.5 8.0
0.5 0.5 51.4752967133 14.125 1.0 2.5 8.0,3,1.0,0.5 0.5 44.7904747416 10.625 1.0 2.5 8.0
0.5 0.5 44.7904747416 10.625 1.0 2.5 8.0,3,1.0,0.5 0.5 47.0255457865 12.125 1.0 2.5 8.0
0.5 0.5 47.0255457865 12.125 1.0 2.5 8.0,3,1.0,0.5 0.5 54.3874357762 14.125 1.0 2.5 8.0
0.5 0.5 54.3874357762 14.125 1.0 2.5 8.0,2,1.0,0.5 0.5 48.6910552769 12.25 1.0 2.5 8.0
0.5 0.5 48.6910552769 12.25 1.0 2.5 8.0,3,1.0,0.5 0.5 48.9129562726 14.125 1.0 2.5 8.0
0.5 0.5 48.9129562726 14.125 1.0 2.5 8.0,3,1.0,0.5 0.5 51.7794975411 14.0 1.0 2.5 8.0
0.5 0.5 51.7794975411 14.0 1.0 2.5 8.0,2,1.0,0.5 0.5 52.7648573184 14.25 1.0 2.5 8.0
0.5 0.5 52.7648573184 14.25 1.0 2.5 8.0,3,1.0,0.5 0.5 48.6910552769 12.0 1.0 2.5 8.0
0.5 0.5 48.6910552769 12.0 1.0 2.5 8.0,3,1.0,0.5 0.5 43.6754528819 14.125 1.0 2.5 8.0
0.5 0.5 43.6754528819 14.125 1.0 2.5 8.0,2,1.0,0.5 0.5 52.3924558986 12.625 1.0 2.5 8.0
0.5 0.5 52.3924558986 12.625 1.0 2.5 8.0,3,1.0,0.5 0.5 38.9305336254 16.0 1.0 2.5 8.0
0.5 0.5 38.9305336254 16.0 1.0 2.5 8.0,3,1.0,0.5 0.5 48.0460203196 12.0 1.0 2.5 8.0
0.5 0.5 48.0460203196 12.0 1.0 2.5 8.0,3,1.0,0.5 0.5 44.3265117621 14.125 1.0 2.5 8.0
0.5 0.5 44.3265117621 14.125 1.0 2.5 8.0,3,1.0,0.5 0.5 41.2119929663 12.5 1.0 2.5 8.0
0.0 0.0 250.0 150.0 0.0 4.0 8.0,1,-1.0,0.0 0.0 250.0 150.0 0.0 3.5 8.0
0.0 0.0 250.0 150.0 0.0 3.5 8.0,1,-1.0,0.0 0.0 250.0 150.0 0.0 3.0 8.0
0.0 0.0 250.0 150.0 0.0 3.0 8.0,1,1.0,0.5 0.5 38.3904691431 14.25 1.0 2.5 8.0
0.5 0.5 38.3904691431 14.25 1.0 2.5 8.0,3,1.0,0.5 0.5 58.9595134906 14.125 1.0 2.5 8.0
0.5 0.5 58.9595134906 14.125 1.0 2.5 8.0,3,1.0,0.5 0.5 51.4836570718 14.125 1.0 2.5 8.0
0.5 0.5 51.4836570718 14.125 1.0 2.5 8.0,2,1.0,0.5 0.5 53.1281437021 14.125 1.0 2.5 8.0
0.5 0.5 53.1281437021 14.125 1.0 2.5 8.0,3,1.0,0.5 0.5 49.0441353349 13.5 1.0 2.5 8.0
0.5 0.5 49.0441353349 13.5 1.0 2.5 8.0,3,1.0,0.5 0.5 50.0573949583 15.75 1.0 2.5 8.0
0.5 0.5 50.0573949583 15.75 1.0 2.5 8.0,3,1.0,0.5 0.5 53.147273651 14.125 1.0 2.5 8.0
0.5 0.5 53.147273651 14.125 1.0 2.5 8.0,3,1.0,0.5 0.5 49.9293244909 12.25 1.0 2.5 8.0
0.5 0.5 49.9293244909 12.25 1.0 2.5 8.0,3,1.0,0.5 0.5 49.4091012911 14.125 1.0 2.5 8.0
0.5 0.5 49.4091012911 14.125 1.0 2.5 8.0,2,1.0,0.5 0.5 55.0612430607 14.125 1.0 2.5 8.0
0.5 0.5 55.0612430607 14.125 1.0 2.5 8.0,3,1.0,0.5 0.5 43.0939923468 12.375 1.0 2.5 8.0
0.5 0.5 43.0939923468 12.375 1.0 2.5 8.0,3,1.0,0.5 0.5 57.3482936009 14.25 1.0 2.5 8.0
0.5 0.5 57.3482936009 14.25 1.0 2.5 8.0,2,1.0,0.5 0.5 40.9408705819 12.375 1.0 2.5 8.0
0.0 0.0 250.0 150.0 0.0 4.0 8.0,1,-1.0,0.0 0.0 250.0 150.0 0.0 3.5 8.0
0.0 0.0 250.0 150.0 0.0 3.5 8.0,1,-1.0,0.0 0.0 250.0 150.0 0.0 3.0 8.0
0.0 0.0 250.0 150.0 0.0 3.0 8.0,1,1.0,0.5 0.5 54.6093367718 16.375 1.0 2.5 8.0
0.5 0.5 54.6093367718 16.375 1.0 2.5 8.0,3,1.0,0.5 0.5 39.0734138931 10.5 1.0 2.5 8.0
0.5 0.5 39.0734138931 10.5 1.0 2.5 8.0,3,1.0,0.5 0.5 52.3481743833 12.375 1.0 2.5 8.0
0.5 0.5 52.3481743833 12.375 1.0 2.5 8.0,3,1.0,0.5 0.5 54.2422952032 15.875 1.0 2.5 8.0
0.5 0.5 54.2422952032 15.875 1.0 2.5 8.0,2,1.0,0.5 0.5 54.1462844527 13.625 1.0 2.5 8.0
0.5 0.5 54.1462844527 13.625 1.0 2.5 8.0,2,1.0,0.5 0.5 47.4508931517 12.25 1.0 2.5 8.0
0.5 0.5 47.4508931517 12.25 1.0 2.5 8.0,3,1.0,0.5 0.5 38.9621426903 10.75 1.0 2.5 8.0
0.5 0.5 38.9621426903 10.75 1.0 2.5 8.0,3,1.0,0.5 0.5 41.8910534147 12.5 1.0 2.5 8.0
0.5 0.5 41.8910534147 12.5 1.0 2.5 8.0,3,1.0,0.5 0.5 43.2314783011 12.375 1.0 2.5 8.0
0.5 0.5 43.2314783011 12.375 1.0 2.5 8.0,3,1.0,0.5 0.5 40.2569939613 10.625 1.0 2.5 8.0
0.5 0.5 40.2569939613 10.625 1.0 2.5 8.0,3,1.0,0.5 0.5 47.5074752088 12.375 1.0 2.5 8.0
0.5 0.5 47.5074752088 12.375 1.0 2.5 8.0,3,1.0,0.5 0.5 51.4836570718 13.625 1.0 2.5 8.0
0.5 0.5 51.4836570718 13.625 1.0 2.5 8.0,3,1.0,0.5 0.5 52.2608186946 15.875 1.0 2.5 8.0
0.0 0.0 250.0 150.0 0.0 3.5 6.0,1,-1.0,0.0 0.0 250.0 150.0 0.0 3.0 6.0
0.0 0.0 250.0 150.0 0.0 3.0 6.0,1,1.0,0.5 0.5 42.6973974508 12.0 0.75 2.5 6.0
0.5 0.5 42.6973974508 12.0 0.75 2.5 6.0,3,1.0,0.5 0.5 46.301414253 10.2857142857 0.875 2.5 7.0
0.5 0.5 46.301414253 10.2857142857 0.875 2.5 7.0,3,1.0,0.5 0.5 39.41567857 12.5 1.0 2.5 8.0
0.5 0.5 39.41567857 12.5 1.0 2.5 8.0,3,1.0,0.5 0.5 49.3078644941 14.25 1.0 2.5 8.0
0.5 0.5 49.3078644941 14.25 1.0 2.5 8.0,3,1.0,0.5 0.5 44.6785959528 12.5 1.0 2.5 8.0
0.5 0.5 44.6785959528 12.5 1.0 2.5 8.0,3,1.0,0.5 0.5 45.7402824556 14.125 1.0 2.5 8.0
0.5 0.5 45.7402824556 14.125 1.0 2.5 8.0,3,1.0,0.5 0.5 53.1281437021 14.0 1.0 2.5 8.0
0.5 0.5 53.1281437021 14.0 1.0 2.5 8.0,3,1.0,0.5 0.5 48.9525111963 13.75 1.0 2.5 8.0
0.5 0.5 48.9525111963 13.75 1.0 2.5 8.0,3,1.0,0.5 0.5 44.4639635876 12.625 1.0 2.5 8.0
0.5 0.5 44.4639635876 12.625 1.0 2.5 8.0,3,1.0,0.5 0.5 44.2263872208 14.125 1.0 2.5 8.0
0.5 0.5 44.2263872208 14.125 1.0 2.5 8.0,3,1.0,0.5 0.5 50.4648702121 11.875 1.0 2.5 8.0
0.5 0.5 50.4648702121 11.875 1.0 2.5 8.0,3,1.0,0.5 0.5 48.6910552769 12.25 1.0 2.5 8.0
0.5 0.5 48.6910552769 12.25 1.0 2.5 8.0,3,1.0,0.5 0.5 50.1441857711 12.5 1.0 2.5 8.0
0.5 0.5 50.1441857711 12.5 1.0 2.5 8.0,3,1.0,0.5 0.5 39.6520758261 12.5 1.0 2.5 8.0
1.0 1.0 44.1995459064 10.625 1.0 2.0 8.0,0,1.0,0.5 0.5 37.6463481521 12.375 1.0 2.5 8.0
0.5 0.5 37.6463481521 12.375 1.0 2.5 8.0,3,1.0,0.5 0.5 44.6599392915 12.375 1.0 2.5 8.0
0.5 0.5 44.6599392915 12.375 1.0 2.5 8.0,3,1.0,0.5 0.5 48.6891623657 12.25 1.0 2.5 8.0
0.5 0.5 48.6891623657 12.25 1.0 2.5 8.0,3,1.0,0.5 0.5 47.6130398956 12.5 1.0 2.5 8.0
0.5 0.5 47.6130398956 12.5 1.0 2.5 8.0,2,1.0,0.5 0.5 45.9381169419 12.125 1.0 2.5 8.0
0.5 0.5 45.9381169419 12.125 1.0 2.5 8.0,3,1.0,0.5 0.5 52.1070230599 12.25 1.0 2.5 8.0
0.5 0.5 52.1070230599 12.25 1.0 2.5 8.0,3,1.0,0.5 0.5 44.6085190259 12.5 1.0 2.5 8.0
0.5 0.5 44.6085190259 12.5 1.0 2.5 8.0,3,1.0,0.5 0.5 43.2561306971 12.5 1.0 2.5 8.0
0.5 0.5 43.2561306971 12.5 1.0 2.5 8.0,3,1.0,0.5 0.5 36.4883400244 14.0 1.0 2.5 8.0
0.5 0.5 36.4883400244 14.0 1.0 2.5 8.0,3,1.0,0.5 0.5 42.868577963 11.875 1.0 2.5 8.0
0.5 0.5 42.868577963 11.875 1.0 2.5 8.0,3,1.0,0.5 0.5 45.4665493459 13.75 1.0 2.5 8.0
0.5 0.5 45.4665493459 13.75 1.0 2.5 8.0,3,1.0,0.5 0.5 50.3190489217 14.25 1.0 2.5 8.0
0.5 0.5 50.3190489217 14.25 1.0 2.5 8.0,3,1.0,0.5 0.5 47.8774132063 14.0 1.0 2.5 8.0
0.5 0.5 47.8774132063 14.0 1.0 2.5 8.0,3,1.0,0.5 0.5 44.8287333812 12.375 1.0 2.5 8.0
0.5 0.5 44.8287333812 12.375 1.0 2.5 8.0,3,1.0,0.5 0.5 45.9381169419 12.25 1.0 2.5 8.0
0.5 0.5 52.1070230599 12.25 1.0 2.5 8.0,3,1.0,0.5 0.5 54.4421249219 14.125 1.0 2.5 8.0
0.5 0.5 54.4421249219 14.125 1.0 2.5 8.0,3,1.0,0.5 0.5 50.3202873062 14.125 1.0 2.5 8.0
0.5 0.5 50.3202873062 14.125 1.0 2.5 8.0,3,1.0,0.5 0.5 52.2338627242 37.625 1.0 2.5 8.0
0.5 0.5 52.2338627242 37.625 1.0 2.5 8.0,3,1.0,0.5 0.5 58.1352724724 15.375 1.0 2.5 8.0
0.5 0.5 58.1352724724 15.375 1.0 2.5 8.0,3,1.0,0.5 0.5 42.0178614832 12.375 1.0 2.5 8.0
0.5 0.5 42.0178614832 12.375 1.0 2.5 8.0,3,1.0,0.5 0.5 49.6881731674 12.375 1.0 2.5 8.0
0.5 0.5 49.6881731674 12.375 1.0 2.5 8.0,3,1.0,0.5 0.5 49.0441353349 14.25 1.0 2.5 8.0
0.5 0.5 49.0441353349 14.25 1.0 2.5 8.0,3,1.0,0.5 0.5 54.3855428649 14.0 1.0 2.5 8.0
0.5 0.5 54.3855428649 14.0 1.0 2.5 8.0,3,1.0,0.5 0.5 57.9272440464 14.0 1.0 2.5 8.0
0.5 0.5 57.9272440464 14.0 1.0 2.5 8.0,2,1.0,0.5 0.5 54.4421249219 13.75 1.0 2.5 8.0
0.5 0.5 54.4421249219 13.75 1.0 2.5 8.0,3,1.0,0.5 0.5 42.4521550915 12.25 1.0 2.5 8.0
0.5 0.5 42.4521550915 12.25 1.0 2.5 8.0,2,1.0,0.5 0.5 52.2629802814 14.125 1.0 2.5 8.0
0.5 0.5 52.2629802814 14.125 1.0 2.5 8.0,3,1.0,0.5 0.5 39.4599193226 14.375 1.0 2.5 8.0
0.5 0.5 39.4599193226 14.375 1.0 2.5 8.0,3,1.0,0.5 0.5 35.572977299 12.25 1.0 2.5 8.0
0.5 0.5 35.572977299 12.25 1.0 2.5 8.0,3,1.0,0.5 0.5 44.8057322603 10.75 1.0 2.5 8.0
0.0 0.0 250.0 150.0 0.0 4.0 8.0,1,-1.0,0.0 0.0 250.0 150.0 0.0 3.5 8.0
0.0 0.0 250.0 150.0 0.0 3.5 8.0,1,-1.0,0.0 0.0 250.0 150.0 0.0 3.0 8.0
0.0 0.0 250.0 150.0 0.0 3.0 8.0,1,1.0,0.5 0.5 42.8961296724 14.375 1.0 2.5 8.0
0.5 0.5 42.8961296724 14.375 1.0 2.5 8.0,3,1.0,0.5 0.5 51.3113164168 12.375 1.0 2.5 8.0
0.5 0.5 51.3113164168 12.375 1.0 2.5 8.0,3,1.0,0.5 0.5 42.9181326637 15.875 1.0 2.5 8.0
0.5 0.5 42.9181326637 15.875 1.0 2.5 8.0,3,1.0,0.5 0.5 46.8909075129 14.125 1.0 2.5 8.0
0.5 0.5 46.8909075129 14.125 1.0 2.5 8.0,2,1.0,0.5 0.5 44.2263872208 14.0 1.0 2.5 8.0
0.5 0.5 44.2263872208 14.0 1.0 2.5 8.0,3,1.0,0.5 0.5 44.5081046459 12.375 1.0 2.5 8.0
0.5 0.5 44.5081046459 12.375 1.0 2.5 8.0,2,1.0,0.5 0.5 46.4854699538 13.875 1.0 2.5 8.0
0.5 0.5 46.4854699538 13.875 1.0 2.5 8.0,3,1.0,0.5 0.5 55.3819275017 13.75 1.0 2.5 8.0
0.5 0.5 55.3819275017 13.75 1.0 2.5 8.0,3,1.0,0.5 0.5 66.3086457946 23.125 1.0 2.5 8.0
0.5 0.5 66.3086457946 23.125 1.0 2.5 8.0,3,1.0,0.5 0.5 40.7825326837 14.375 1.0 2.5 8.0
0.5 0.5 40.7825326837 14.375 1.0 2.5 8.0,2,1.0,0.5 0.5 40.9408705819 12.5 1.0 2.5 8.0
0.5 0.5 40.9408705819 12.5 1.0 2.5 8.0,3,1.0,0.5 0.5 40.4358236568 16.25 1.0 2.5 8.0
0.5 0.5 40.4358236568 16.25 1.0 2.5 8.0,2,1.0,0.5 0.5 42.6192617967 10.625 1.0 2.5 8.0
1.0 1.0 50.1943912041 10.5 0.5 0.5 4.0,0,1.0,1.0 1.0 50.1943912041 10.75 0.5 1.0 4.0
1.0 1.0 50.1943912041 10.75 0.5 1.0 4.0,3,1.0,1.0 1.0 54.207846882 8.6 0.625 1.0 5.0
1.0 1.0 54.207846882 8.6 0.625 1.0 5.0,0,1.0,1.0 1.0 54.207846882 9.0 0.625 1.5 5.0
1.0 1.0 54.207846882 9.0 0.625 1.5 5.0,0,1.0,1.0 1.0 55.1777450482 8.6 0.625 2.0 5.0
1.0 1.0 55.1777450482 8.6 0.625 2.0 5.0,3,1.0,1.0 1.0 49.5626006065 9.5 0.75 2.0 6.0
1.0 1.0 49.5626006065 9.5 0.75 2.0 6.0,3,1.0,1.0 1.0 46.301414253 10.2857142857 0.875 2.0 7.0
1.0 1.0 46.301414253 10.2857142857 0.875 2.0 7.0,0,1.0,0.5 0.5 42.2117207955 12.0 0.875 2.5 7.0
0.5 0.5 42.2117207955 12.0 0.875 2.5 7.0,3,1.0,0.5 0.5 47.7896901913 12.375 1.0 2.5 8.0
0.5 0.5 47.7896901913 12.375 1.0 2.5 8.0,3,1.0,0.5 0.5 48.3376079705 12.125 1.0 2.5 8.0
0.5 0.5 48.3376079705 12.125 1.0 2.5 8.0,3,1.0,0.5 0.5 50.3618002501 52.25 1.0 2.5 8.0
0.5 0.5 50.3618002501 52.25 1.0 2.5 8.0,3,1.0,0.5 0.5 40.786824984 14.375 1.0 2.5 8.0
0.5 0.5 40.786824984 14.375 1.0 2.5 8.0,3,1.0,0.5 0.5 46.1387609269 14.375 1.0 2.5 8.0
0.5 0.5 46.1387609269 14.375 1.0 2.5 8.0,3,1.0,0.5 0.5 45.0953549447 14.0 1.0 2.5 8.0
0.5 0.5 45.0953549447 14.0 1.0 2.5 8.0,3,1.0,0.5 0.5 49.3648625615 12.25 1.0 2.5 8.0
0.5 0.5 49.3648625615 12.25 1.0 2.5 8.0,3,1.0,0.5 0.5 46.8077511056 12.25 1.0 2.5 8.0
1.0 1.0 44.8057322603 10.625 1.0 1.5 8.0,0,1.0,1.0 1.0 44.8057322603 10.5 1.0 2.0 8.0
1.0 1.0 44.8057322603 10.5 1.0 2.0 8.0,0,1.0,0.5 0.5 38.5806609196 14.375 1.0 2.5 8.0
0.5 0.5 38.5806609196 14.375 1.0 2.5 8.0,3,1.0,0.5 0.5 36.4760631315 10.5 1.0 2.5 8.0
0.5 0.5 36.4760631315 10.5 1.0 2.5 8.0,2,1.0,0.5 0.5 47.017185428 12.5 1.0 2.5 8.0
0.5 0.5 47.017185428 12.5 1.0 2.5 8.0,3,1.0,0.5 0.5 55.3023943842 13.75 1.0 2.5 8.0
0.5 0.5 55.3023943842 13.75 1.0 2.5 8.0,3,1.0,0.5 0.5 52.0717286719 14.25 1.0 2.5 8.0
0.5 0.5 52.0717286719 14.25 1.0 2.5 8.0,3,1.0,0.5 0.5 46.3747706817 12.375 1.0 2.5 8.0
