1.0 1.0 89.9227440867 25.1111111111 1.0 0.5 9.0,2,1.0,1.0 1.0 89.9227440867 25.1111111111 1.0 0.5 9.0
1.0 1.0 89.9227440867 25.1111111111 1.0 0.5 9.0,2,1.0,1.0 1.0 90.7079759436 25.2222222222 1.0 0.5 9.0
1.0 1.0 90.7079759436 25.2222222222 1.0 0.5 9.0,2,1.0,1.0 1.0 90.7079759436 25.1111111111 1.0 0.5 9.0
1.0 1.0 90.7079759436 25.1111111111 1.0 0.5 9.0,3,1.0,1.0 1.0 98.9165175411 27.8888888889 1.0 0.5 9.0
1.0 1.0 98.9165175411 27.8888888889 1.0 0.5 9.0,4,-1.0,1.0 1.0 95.5466612174 22.0 0.888888888889 0.5 8.0
1.0 1.0 95.5466612174 22.0 0.888888888889 0.5 8.0,2,-1.0,1.0 1.0 116.141757629 26.0 0.888888888889 0.5 8.0
1.0 1.0 116.141757629 26.0 0.888888888889 0.5 8.0,3,1.0,1.0 1.0 97.9715287137 28.3333333333 1.0 0.5 9.0
1.0 1.0 97.9715287137 28.3333333333 1.0 0.5 9.0,2,1.0,1.0 1.0 90.7079759436 24.8888888889 1.0 0.5 9.0
1.0 1.0 90.7079759436 24.8888888889 1.0 0.5 9.0,2,1.0,1.0 1.0 90.7079759436 25.5555555556 1.0 0.5 9.0
1.0 1.0 90.7079759436 25.5555555556 1.0 0.5 9.0,1,1.0,1.0 1.0 90.7079759436 25.0 1.0 0.5 9.0
1.0 1.0 90.7079759436 25.0 1.0 0.5 9.0,1,1.0,1.0 1.0 90.7079759436 25.1111111111 1.0 0.5 9.0
1.0 1.0 90.7079759436 25.1111111111 1.0 0.5 9.0,4,-1.0,1.0 1.0 97.6838304114 22.0 0.888888888889 0.5 8.0
1.0 1.0 97.6838304114 22.0 0.888888888889 0.5 8.0,4,-1.0,1.0 1.0 101.197268948 18.5714285714 0.777777777778 0.5 7.0
1.0 1.0 101.197268948 18.5714285714 0.777777777778 0.5 7.0,4,-1.0,1.0 1.0 94.2588690824 18.8333333333 0.666666666667 0.5 6.0
1.0 1.0 94.2588690824 18.8333333333 0.666666666667 0.5 6.0,1,-1.0,1.0 1.0 92.8413858413 18.8333333333 0.666666666667 0.5 6.0
1.0 1.0 111.438014988 14.0 0.333333333333 0.5 3.0,0,1.0,1.0 1.0 111.438014988 14.0 0.333333333333 1.0 3.0
1.0 1.0 111.438014988 14.0 0.333333333333 1.0 3.0,2,-1.0,1.0 1.0 111.438014988 14.0 0.333333333333 1.0 3.0
1.0 1.0 111.438014988 14.0 0.333333333333 1.0 3.0,0,1.0,1.0 1.0 111.438014988 14.0 0.333333333333 1.5 3.0
1.0 1.0 111.438014988 14.0 0.333333333333 1.5 3.0,3,1.0,1.0 1.0 95.7073867991 17.5 0.444444444444 1.5 4.0
1.0 1.0 95.7073867991 17.5 0.444444444444 1.5 4.0,3,1.0,1.0 1.0 102.461780385 16.8 0.555555555556 1.5 5.0
1.0 1.0 102.461780385 16.8 0.555555555556 1.5 5.0,1,-1.0,1.0 1.0 102.461780385 16.8 0.555555555556 1.0 5.0
1.0 1.0 102.461780385 16.8 0.555555555556 1.0 5.0,4,-1.0,1.0 1.0 95.7073867991 17.5 0.444444444444 1.0 4.0
1.0 1.0 95.7073867991 17.5 0.444444444444 1.0 4.0,4,-1.0,1.0 1.0 111.438014988 14.0 0.333333333333 1.0 3.0
1.0 1.0 111.438014988 14.0 0.333333333333 1.0 3.0,3,1.0,1.0 1.0 95.7073867991 17.25 0.444444444444 1.0 4.0
1.0 1.0 95.7073867991 17.25 0.444444444444 1.0 4.0,3,1.0,1.0 1.0 102.461780385 16.8 0.555555555556 1.0 5.0
1.0 1.0 102.461780385 16.8 0.555555555556 1.0 5.0,2,-1.0,1.0 1.0 85.8429786406 19.6 0.555555555556 1.0 5.0
1.0 1.0 85.8429786406 19.6 0.555555555556 1.0 5.0,2,-1.0,1.0 1.0 102.461780385 16.8 0.555555555556 1.0 5.0
1.0 1.0 102.461780385 16.8 0.555555555556 1.0 5.0,4,-1.0,1.0 1.0 95.7073867991 17.5 0.444444444444 1.0 4.0
1.0 1.0 95.7073867991 17.5 0.444444444444 1.0 4.0,2,-1.0,1.0 1.0 95.7073867991 17.5 0.444444444444 1.0 4.0
1.0 1.0 95.7073867991 17.5 0.444444444444 1.0 4.0,2,-1.0,1.0 1.0 95.7073867991 17.5 0.444444444444 1.0 4.0
1.0 1.0 101.197268948 18.8571428571 0.777777777778 1.0 7.0,2,-1.0,1.0 1.0 98.9726994973 19.0 0.777777777778 1.0 7.0
1.0 1.0 98.9726994973 19.0 0.777777777778 1.0 7.0,0,1.0,1.0 1.0 99.9822833133 18.8571428571 0.777777777778 1.5 7.0
1.0 1.0 99.9822833133 18.8571428571 0.777777777778 1.5 7.0,4,-1.0,1.0 1.0 94.2588690824 18.8333333333 0.666666666667 1.5 6.0
1.0 1.0 94.2588690824 18.8333333333 0.666666666667 1.5 6.0,4,-1.0,1.0 1.0 102.461780385 16.6 0.555555555556 1.5 5.0
1.0 1.0 102.461780385 16.6 0.555555555556 1.5 5.0,1,-1.0,1.0 1.0 102.461780385 16.6 0.555555555556 1.0 5.0
1.0 1.0 102.461780385 16.6 0.555555555556 1.0 5.0,0,1.0,1.0 1.0 85.8429786406 19.6 0.555555555556 1.5 5.0
1.0 1.0 85.8429786406 19.6 0.555555555556 1.5 5.0,4,-1.0,1.0 1.0 95.7073867991 17.5 0.444444444444 1.5 4.0
1.0 1.0 95.7073867991 17.5 0.444444444444 1.5 4.0,0,1.0,1.0 1.0 95.7073867991 17.5 0.444444444444 2.0 4.0
1.0 1.0 95.7073867991 17.5 0.444444444444 2.0 4.0,0,1.0,0.5 0.5 109.339235818 29.25 0.444444444444 2.5 4.0
0.5 0.5 109.339235818 29.25 0.444444444444 2.5 4.0,2,-1.0,0.5 0.5 154.025264016 37.5 0.444444444444 2.5 4.0
0.5 0.5 154.025264016 37.5 0.444444444444 2.5 4.0,1,-1.0,1.0 1.0 95.7073867991 17.5 0.444444444444 2.0 4.0
1.0 1.0 95.7073867991 17.5 0.444444444444 2.0 4.0,2,-1.0,1.0 1.0 98.214953509 17.5 0.444444444444 2.0 4.0
1.0 1.0 98.214953509 17.5 0.444444444444 2.0 4.0,1,-1.0,1.0 1.0 95.7073867991 17.5 0.444444444444 1.5 4.0
1.0 1.0 95.7073867991 17.5 0.444444444444 1.5 4.0,1,-1.0,1.0 1.0 98.214953509 17.5 0.444444444444 1.0 4.0
1.0 1.0 98.214953509 17.5 0.444444444444 1.0 4.0,0,1.0,1.0 1.0 95.7073867991 17.5 0.444444444444 1.5 4.0
0.0 0.0 250.0 150.0 0.0 3.5 3.0,3,-1.0,0.0 0.0 250.0 150.0 0.0 3.5 4.0
0.0 0.0 250.0 150.0 0.0 3.5 4.0,4,-1.0,0.0 0.0 250.0 150.0 0.0 3.5 3.0
0.0 0.0 250.0 150.0 0.0 3.5 3.0,1,-1.0,0.0 0.0 250.0 150.0 0.0 3.0 3.0
0.0 0.0 250.0 150.0 0.0 3.0 3.0,1,1.0,0.5 0.5 130.099456394 29.6666666667 0.333333333333 2.5 3.0
0.5 0.5 130.099456394 29.6666666667 0.333333333333 2.5 3.0,1,-1.0,1.0 1.0 111.438014988 14.0 0.333333333333 2.0 3.0
1.0 1.0 111.438014988 14.0 0.333333333333 2.0 3.0,0,1.0,0.5 0.5 123.613817404 50.0 0.333333333333 2.5 3.0
0.5 0.5 123.613817404 50.0 0.333333333333 2.5 3.0,1,-1.0,1.0 1.0 89.7101168942 18.6666666667 0.333333333333 2.0 3.0
1.0 1.0 89.7101168942 18.6666666667 0.333333333333 2.0 3.0,3,1.0,1.0 1.0 98.214953509 17.5 0.444444444444 2.0 4.0
1.0 1.0 98.214953509 17.5 0.444444444444 2.0 4.0,1,-1.0,1.0 1.0 95.7073867991 17.5 0.444444444444 1.5 4.0
1.0 1.0 95.7073867991 17.5 0.444444444444 1.5 4.0,1,-1.0,1.0 1.0 98.214953509 17.5 0.444444444444 1.0 4.0
1.0 1.0 98.214953509 17.5 0.444444444444 1.0 4.0,4,-1.0,1.0 1.0 111.438014988 14.0 0.333333333333 1.0 3.0
1.0 1.0 111.438014988 14.0 0.333333333333 1.0 3.0,1,-1.0,1.0 1.0 111.438014988 14.0 0.333333333333 0.5 3.0
1.0 1.0 111.438014988 14.0 0.333333333333 0.5 3.0,3,1.0,1.0 1.0 95.7073867991 17.5 0.444444444444 0.5 4.0
1.0 1.0 95.7073867991 17.5 0.444444444444 0.5 4.0,3,1.0,1.0 1.0 102.461780385 16.6 0.555555555556 0.5 5.0
1.0 1.0 102.461780385 16.6 0.555555555556 0.5 5.0,1,-1.0,1.0 1.0 102.461780385 16.6 0.555555555556 0.5 5.0
1.0 1.0 102.461780385 16.8 0.555555555556 1.0 5.0,2,-1.0,1.0 1.0 102.461780385 16.8 0.555555555556 1.0 5.0
1.0 1.0 102.461780385 16.8 0.555555555556 1.0 5.0,1,-1.0,1.0 1.0 104.467833753 16.8 0.555555555556 0.5 5.0
1.0 1.0 104.467833753 16.8 0.555555555556 0.5 5.0,3,1.0,1.0 1.0 94.2588690824 18.8333333333 0.666666666667 0.5 6.0
1.0 1.0 94.2588690824 18.8333333333 0.666666666667 0.5 6.0,2,-1.0,1.0 1.0 92.8413858413 19.0 0.666666666667 0.5 6.0
1.0 1.0 92.8413858413 19.0 0.666666666667 0.5 6.0,2,-1.0,1.0 1.0 94.5130969812 18.8333333333 0.666666666667 0.5 6.0
1.0 1.0 94.5130969812 18.8333333333 0.666666666667 0.5 6.0,4,-1.0,1.0 1.0 102.461780385 16.8 0.555555555556 0.5 5.0
1.0 1.0 102.461780385 16.8 0.555555555556 0.5 5.0,4,-1.0,1.0 1.0 95.7073867991 17.5 0.444444444444 0.5 4.0
1.0 1.0 95.7073867991 17.5 0.444444444444 0.5 4.0,4,-1.0,1.0 1.0 111.438014988 14.0 0.333333333333 0.5 3.0
1.0 1.0 111.438014988 14.0 0.333333333333 0.5 3.0,2,-1.0,1.0 1.0 89.7101168942 18.6666666667 0.333333333333 0.5 3.0
1.0 1.0 89.7101168942 18.6666666667 0.333333333333 0.5 3.0,3,1.0,1.0 1.0 95.7073867991 17.5 0.444444444444 0.5 4.0
1.0 1.0 95.7073867991 17.5 0.444444444444 0.5 4.0,0,1.0,1.0 1.0 95.7073867991 17.5 0.444444444444 1.0 4.0
1.0 1.0 95.7073867991 17.5 0.444444444444 1.0 4.0,4,-1.0,1.0 1.0 89.7101168942 18.6666666667 0.333333333333 1.0 3.0
1.0 1.0 89.7101168942 18.6666666667 0.333333333333 1.0 3.0,0,1.0,1.0 1.0 111.438014988 14.0 0.333333333333 1.5 3.0
1.0 1.0 111.438014988 14.0 0.333333333333 1.5 3.0,0,1.0,1.0 1.0 111.438014988 14.0 0.333333333333 2.0 3.0
1.0 1.0 111.438014988 14.0 0.333333333333 2.0 3.0,4,-1.0,1.0 1.0 108.679425752 14.0 0.222222222222 2.0 2.0
0.0 0.0 250.0 150.0 0.0 3.5 1.0,0,-1.0,0.0 0.0 250.0 150.0 0.0 4.0 1.0
0.0 0.0 250.0 150.0 0.0 4.0 1.0,3,-1.0,0.0 0.0 250.0 150.0 0.0 4.0 2.0
0.0 0.0 250.0 150.0 0.0 4.0 2.0,1,-1.0,0.0 0.0 250.0 150.0 0.0 3.5 2.0
0.0 0.0 250.0 150.0 0.0 3.5 2.0,2,-1.0,0.0 0.0 250.0 150.0 0.0 3.5 2.0
0.0 0.0 250.0 150.0 0.0 3.5 2.0,0,-1.0,0.0 0.0 250.0 150.0 0.0 4.0 2.0
0.0 0.0 250.0 150.0 0.0 4.0 2.0,2,-1.0,0.0 0.0 250.0 150.0 0.0 4.0 2.0
0.0 0.0 250.0 150.0 0.0 4.0 2.0,0,-1.0,0.0 0.0 250.0 150.0 0.0 4.0 2.0
0.0 0.0 250.0 150.0 0.0 4.0 2.0,0,-1.0,0.0 0.0 250.0 150.0 0.0 4.0 2.0
0.0 0.0 250.0 150.0 0.0 4.0 2.0,0,-1.0,0.0 0.0 250.0 150.0 0.0 4.0 2.0
0.0 0.0 250.0 150.0 0.0 4.0 2.0,1,-1.0,0.0 0.0 250.0 150.0 0.0 3.5 2.0
0.0 0.0 250.0 150.0 0.0 3.5 2.0,4,-1.0,0.0 0.0 250.0 150.0 0.0 3.5 1.0
0.0 0.0 250.0 150.0 0.0 3.5 1.0,3,-1.0,0.0 0.0 250.0 150.0 0.0 3.5 2.0
0.0 0.0 250.0 150.0 0.0 3.5 2.0,2,-1.0,0.0 0.0 250.0 150.0 0.0 3.5 2.0
0.0 0.0 250.0 150.0 0.0 3.5 2.0,4,-1.0,0.0 0.0 250.0 150.0 0.0 3.5 1.0
0.0 0.0 250.0 150.0 0.0 3.5 1.0,3,-1.0,0.0 0.0 250.0 150.0 0.0 3.5 2.0
0.0 0.0 250.0 150.0 0.0 4.0 3.0,2,-1.0,0.0 0.0 250.0 150.0 0.0 4.0 3.0
0.0 0.0 250.0 150.0 0.0 4.0 3.0,0,-1.0,0.0 0.0 250.0 150.0 0.0 4.0 3.0
0.0 0.0 250.0 150.0 0.0 4.0 3.0,1,-1.0,0.0 0.0 250.0 150.0 0.0 3.5 3.0
0.0 0.0 250.0 150.0 0.0 3.5 3.0,3,-1.0,0.0 0.0 250.0 150.0 0.0 3.5 4.0
0.0 0.0 250.0 150.0 0.0 3.5 4.0,1,-1.0,0.0 0.0 250.0 150.0 0.0 3.0 4.0
0.0 0.0 250.0 150.0 0.0 3.0 4.0,2,-1.0,0.0 0.0 250.0 150.0 0.0 3.0 4.0
0.0 0.0 250.0 150.0 0.0 3.0 4.0,3,-1.0,0.0 0.0 250.0 150.0 0.0 3.0 5.0
0.0 0.0 250.0 150.0 0.0 3.0 5.0,1,1.0,0.5 0.5 105.465296609 29.0 0.555555555556 2.5 5.0
0.5 0.5 105.465296609 29.0 0.555555555556 2.5 5.0,0,-1.0,0.0 0.0 250.0 150.0 0.0 3.0 5.0
0.0 0.0 250.0 150.0 0.0 3.0 5.0,0,-1.0,0.0 0.0 250.0 150.0 0.0 3.5 5.0
0.0 0.0 250.0 150.0 0.0 3.5 5.0,2,-1.0,0.0 0.0 250.0 150.0 0.0 3.5 5.0
0.0 0.0 250.0 150.0 0.0 3.5 5.0,1,-1.0,0.0 0.0 250.0 150.0 0.0 3.0 5.0
0.0 0.0 250.0 150.0 0.0 3.0 5.0,1,1.0,0.5 0.5 136.021033041 22.4 0.555555555556 2.5 5.0
0.5 0.5 136.021033041 22.4 0.555555555556 2.5 5.0,1,-1.0,1.0 1.0 85.8429786406 19.6 0.555555555556 2.0 5.0
1.0 1.0 85.8429786406 19.6 0.555555555556 2.0 5.0,0,1.0,0.5 0.5 76.5098962981 25.2 0.555555555556 2.5 5.0
0.5 0.5 109.466682831 35.0 1.0 2.5 9.0,2,1.0,0.5 0.5 117.955747321 36.4444444444 1.0 2.5 9.0
0.5 0.5 117.955747321 36.4444444444 1.0 2.5 9.0,4,-1.0,0.5 0.5 96.3595225485 38.5 0.888888888889 2.5 8.0
0.5 0.5 96.3595225485 38.5 0.888888888889 2.5 8.0,1,-1.0,1.0 1.0 95.5466612174 22.25 0.888888888889 2.0 8.0
1.0 1.0 95.5466612174 22.25 0.888888888889 2.0 8.0,3,1.0,1.0 1.0 91.6529647709 25.1111111111 1.0 2.0 9.0
1.0 1.0 91.6529647709 25.1111111111 1.0 2.0 9.0,3,-1.0,1.0 1.0 89.9227440867 25.0 1.0 2.0 9.0
1.0 1.0 89.9227440867 25.0 1.0 2.0 9.0,3,-1.0,1.0 1.0 90.7079759436 25.3333333333 1.0 2.0 9.0
1.0 1.0 90.7079759436 25.3333333333 1.0 2.0 9.0,1,-1.0,1.0 1.0 91.6529647709 25.1111111111 1.0 1.5 9.0
1.0 1.0 91.6529647709 25.1111111111 1.0 1.5 9.0,4,-1.0,1.0 1.0 94.0963568399 22.25 0.888888888889 1.5 8.0
1.0 1.0 94.0963568399 22.25 0.888888888889 1.5 8.0,3,1.0,1.0 1.0 90.7079759436 25.3333333333 1.0 1.5 9.0
1.0 1.0 90.7079759436 25.3333333333 1.0 1.5 9.0,3,-1.0,1.0 1.0 91.6529647709 24.8888888889 1.0 1.5 9.0
1.0 1.0 91.6529647709 24.8888888889 1.0 1.5 9.0,3,-1.0,1.0 1.0 91.6529647709 25.0 1.0 1.5 9.0
1.0 1.0 91.6529647709 25.0 1.0 1.5 9.0,1,-1.0,1.0 1.0 91.6529647709 25.0 1.0 1.0 9.0
1.0 1.0 91.6529647709 25.0 1.0 1.0 9.0,3,-1.0,1.0 1.0 90.3094389683 25.0 1.0 1.0 9.0
1.0 1.0 90.3094389683 25.0 1.0 1.0 9.0,2,-1.0,1.0 1.0 91.6529647709 25.0 1.0 1.0 9.0
1.0 1.0 91.6529647709 25.0 1.0 1.0 9.0,2,-1.0,1.0 1.0 90.7079759436 25.2222222222 1.0 1.0 9.0
0.0 0.0 250.0 150.0 0.0 3.5 8.0,2,-1.0,0.0 0.0 250.0 150.0 0.0 3.5 8.0
0.0 0.0 250.0 150.0 0.0 3.5 8.0,1,-1.0,0.0 0.0 250.0 150.0 0.0 3.0 8.0
0.0 0.0 250.0 150.0 0.0 3.0 8.0,1,1.0,0.5 0.5 113.135125549 29.125 0.888888888889 2.5 8.0
0.5 0.5 113.135125549 29.125 0.888888888889 2.5 8.0,3,1.0,0.5 0.5 122.192576384 42.4444444444 1.0 2.5 9.0
0.5 0.5 122.192576384 42.4444444444 1.0 2.5 9.0,3,1.0,0.5 0.5 117.270652731 35.3333333333 1.0 2.5 9.0
0.5 0.5 117.270652731 35.3333333333 1.0 2.5 9.0,3,1.0,0.5 0.5 104.972386165 31.3333333333 1.0 2.5 9.0
0.5 0.5 104.972386165 31.3333333333 1.0 2.5 9.0,4,-1.0,0.5 0.5 128.339624957 33.875 0.888888888889 2.5 8.0
0.5 0.5 128.339624957 33.875 0.888888888889 2.5 8.0,1,-1.0,1.0 1.0 97.6838304114 23.0 0.888888888889 2.0 8.0
1.0 1.0 97.6838304114 23.0 0.888888888889 2.0 8.0,3,1.0,1.0 1.0 91.6529647709 25.0 1.0 2.0 9.0
1.0 1.0 91.6529647709 25.0 1.0 2.0 9.0,2,-1.0,1.0 1.0 104.894081347 23.6666666667 1.0 2.0 9.0
1.0 1.0 104.894081347 23.6666666667 1.0 2.0 9.0,3,-1.0,1.0 1.0 90.7079759436 24.8888888889 1.0 2.0 9.0
1.0 1.0 90.7079759436 24.8888888889 1.0 2.0 9.0,2,-1.0,1.0 1.0 91.6529647709 25.0 1.0 2.0 9.0
1.0 1.0 91.6529647709 25.0 1.0 2.0 9.0,3,-1.0,1.0 1.0 90.7079759436 25.4444444444 1.0 2.0 9.0
1.0 1.0 90.7079759436 25.4444444444 1.0 2.0 9.0,3,-1.0,1.0 1.0 91.6529647709 25.3333333333 1.0 2.0 9.0
1.0 1.0 91.6529647709 25.3333333333 1.0 2.0 9.0,0,1.0,0.5 0.5 117.521850447 34.3333333333 1.0 2.5 9.0
1.0 1.0 90.7079759436 25.2222222222 1.0 1.0 9.0,3,-1.0,1.0 1.0 89.9227440867 24.8888888889 1.0 1.0 9.0
1.0 1.0 89.9227440867 24.8888888889 1.0 1.0 9.0,0,1.0,1.0 1.0 90.7079759436 25.1111111111 1.0 1.5 9.0
1.0 1.0 90.7079759436 25.1111111111 1.0 1.5 9.0,3,-1.0,1.0 1.0 90.7079759436 25.5555555556 1.0 1.5 9.0
1.0 1.0 90.7079759436 25.5555555556 1.0 1.5 9.0,3,-1.0,1.0 1.0 91.6529647709 25.2222222222 1.0 1.5 9.0
1.0 1.0 91.6529647709 25.2222222222 1.0 1.5 9.0,3,-1.0,1.0 1.0 89.9227440867 24.8888888889 1.0 1.5 9.0
1.0 1.0 89.9227440867 24.8888888889 1.0 1.5 9.0,2,-1.0,1.0 1.0 90.7079759436 25.4444444444 1.0 1.5 9.0
1.0 1.0 90.7079759436 25.4444444444 1.0 1.5 9.0,2,-1.0,1.0 1.0 91.2544277957 25.1111111111 1.0 1.5 9.0
1.0 1.0 91.2544277957 25.1111111111 1.0 1.5 9.0,3,-1.0,1.0 1.0 90.7079759436 25.0 1.0 1.5 9.0
1.0 1.0 90.7079759436 25.0 1.0 1.5 9.0,2,-1.0,1.0 1.0 91.0372181799 25.5555555556 1.0 1.5 9.0
1.0 1.0 91.0372181799 25.5555555556 1.0 1.5 9.0,0,1.0,1.0 1.0 90.7079759436 25.4444444444 1.0 2.0 9.0
1.0 1.0 90.7079759436 25.4444444444 1.0 2.0 9.0,1,-1.0,1.0 1.0 90.7079759436 25.1111111111 1.0 1.5 9.0
1.0 1.0 90.7079759436 25.1111111111 1.0 1.5 9.0,0,1.0,1.0 1.0 92.368901889 25.3333333333 1.0 2.0 9.0
1.0 1.0 92.368901889 25.3333333333 1.0 2.0 9.0,1,-1.0,1.0 1.0 91.0372181799 25.4444444444 1.0 1.5 9.0
1.0 1.0 91.0372181799 25.4444444444 1.0 1.5 9.0,0,1.0,1.0 1.0 90.7079759436 25.0 1.0 2.0 9.0
1.0 1.0 90.7079759436 25.0 1.0 2.0 9.0,4,-1.0,1.0 1.0 97.6838304114 22.625 0.888888888889 2.0 8.0
0.5 0.5 107.510608854 27.0 0.777777777778 2.5 7.0,1,-1.0,1.0 1.0 99.9822833133 19.2857142857 0.777777777778 2.0 7.0
1.0 1.0 99.9822833133 19.2857142857 0.777777777778 2.0 7.0,3,1.0,1.0 1.0 95.5466612174 22.125 0.888888888889 2.0 8.0
1.0 1.0 95.5466612174 22.125 0.888888888889 2.0 8.0,2,-1.0,1.0 1.0 113.824861843 25.625 0.888888888889 2.0 8.0
1.0 1.0 113.824861843 25.625 0.888888888889 2.0 8.0,3,1.0,1.0 1.0 90.7079759436 25.1111111111 1.0 2.0 9.0
1.0 1.0 90.7079759436 25.1111111111 1.0 2.0 9.0,0,1.0,0.5 0.5 99.7617750895 32.7777777778 1.0 2.5 9.0
0.5 0.5 99.7617750895 32.7777777778 1.0 2.5 9.0,1,-1.0,1.0 1.0 90.7079759436 25.2222222222 1.0 2.0 9.0
1.0 1.0 90.7079759436 25.2222222222 1.0 2.0 9.0,0,1.0,0.5 0.5 120.505640286 46.8888888889 1.0 2.5 9.0
0.5 0.5 120.505640286 46.8888888889 1.0 2.5 9.0,0,-1.0,0.0 0.0 250.0 150.0 0.0 3.0 9.0
0.0 0.0 250.0 150.0 0.0 3.0 9.0,1,1.0,0.5 0.5 97.5543833626 39.8888888889 1.0 2.5 9.0
0.5 0.5 97.5543833626 39.8888888889 1.0 2.5 9.0,1,-1.0,1.0 1.0 90.7079759436 25.6666666667 1.0 2.0 9.0
1.0 1.0 90.7079759436 25.6666666667 1.0 2.0 9.0,2,-1.0,1.0 1.0 90.7079759436 25.1111111111 1.0 2.0 9.0
1.0 1.0 90.7079759436 25.1111111111 1.0 2.0 9.0,3,-1.0,1.0 1.0 90.7079759436 25.5555555556 1.0 2.0 9.0
1.0 1.0 90.7079759436 25.5555555556 1.0 2.0 9.0,0,1.0,0.5 0.5 106.423270307 33.7777777778 1.0 2.5 9.0
0.5 0.5 106.423270307 33.7777777778 1.0 2.5 9.0,2,1.0,0.5 0.5 100.989828075 30.3333333333 1.0 2.5 9.0
0.5 0.5 100.989828075 30.3333333333 1.0 2.5 9.0,1,-1.0,1.0 1.0 90.7079759436 25.1111111111 1.0 2.0 9.0
1.0 1.0 94.5130969812 19.0 0.666666666667 1.0 6.0,0,1.0,1.0 1.0 94.2588690824 19.0 0.666666666667 1.5 6.0
1.0 1.0 94.2588690824 19.0 0.666666666667 1.5 6.0,0,1.0,1.0 1.0 92.8413858413 19.1666666667 0.666666666667 2.0 6.0
1.0 1.0 92.8413858413 19.1666666667 0.666666666667 2.0 6.0,0,1.0,0.5 0.5 126.376254926 34.3333333333 0.666666666667 2.5 6.0
0.5 0.5 126.376254926 34.3333333333 0.666666666667 2.5 6.0,2,-1.0,0.5 0.5 124.109321036 34.1666666667 0.666666666667 2.5 6.0
0.5 0.5 124.109321036 34.1666666667 0.666666666667 2.5 6.0,4,-1.0,0.5 0.5 97.0398434844 29.0 0.555555555556 2.5 5.0
0.5 0.5 97.0398434844 29.0 0.555555555556 2.5 5.0,1,-1.0,1.0 1.0 102.461780385 16.8 0.555555555556 2.0 5.0
1.0 1.0 102.461780385 16.8 0.555555555556 2.0 5.0,3,1.0,1.0 1.0 94.2588690824 18.8333333333 0.666666666667 2.0 6.0
1.0 1.0 94.2588690824 18.8333333333 0.666666666667 2.0 6.0,3,1.0,1.0 1.0 101.197268948 18.7142857143 0.777777777778 2.0 7.0
1.0 1.0 101.197268948 18.7142857143 0.777777777778 2.0 7.0,0,1.0,0.5 0.5 115.940104233 34.1428571429 0.777777777778 2.5 7.0
0.5 0.5 115.940104233 34.1428571429 0.777777777778 2.5 7.0,4,-1.0,0.5 0.5 103.346768429 28.5 0.666666666667 2.5 6.0
0.5 0.5 103.346768429 28.5 0.666666666667 2.5 6.0,2,-1.0,0.5 0.5 73.8606558772 25.5 0.666666666667 2.5 6.0
0.5 0.5 73.8606558772 25.5 0.666666666667 2.5 6.0,2,-1.0,0.5 0.5 120.145064882 26.3333333333 0.666666666667 2.5 6.0
0.5 0.5 120.145064882 26.3333333333 0.666666666667 2.5 6.0,1,-1.0,1.0 1.0 92.8413858413 19.1666666667 0.666666666667 2.0 6.0
1.0 1.0 92.8413858413 19.1666666667 0.666666666667 2.0 6.0,0,1.0,0.5 0.5 109.281115835 28.8333333333 0.666666666667 2.5 6.0
0.5 0.5 109.281115835 28.8333333333 0.666666666667 2.5 6.0,3,1.0,0.5 0.5 122.312472172 28.4285714286 0.777777777778 2.5 7.0
1.0 1.0 91.8224500368 25.2222222222 1.0 0.5 9.0,0,1.0,1.0 1.0 90.7079759436 25.0 1.0 1.0 9.0
1.0 1.0 90.7079759436 25.0 1.0 1.0 9.0,0,1.0,1.0 1.0 89.9227440867 25.1111111111 1.0 1.5 9.0
1.0 1.0 89.9227440867 25.1111111111 1.0 1.5 9.0,2,-1.0,1.0 1.0 90.7079759436 25.3333333333 1.0 1.5 9.0
1.0 1.0 90.7079759436 25.3333333333 1.0 1.5 9.0,0,1.0,1.0 1.0 90.3094389683 25.1111111111 1.0 2.0 9.0
1.0 1.0 90.3094389683 25.1111111111 1.0 2.0 9.0,0,1.0,0.5 0.5 97.7695041272 32.1111111111 1.0 2.5 9.0
0.5 0.5 97.7695041272 32.1111111111 1.0 2.5 9.0,0,-1.0,0.0 0.0 250.0 150.0 0.0 3.0 9.0
0.0 0.0 250.0 150.0 0.0 3.0 9.0,1,1.0,0.5 0.5 104.893558064 30.1111111111 1.0 2.5 9.0
0.5 0.5 104.893558064 30.1111111111 1.0 2.5 9.0,1,-1.0,1.0 1.0 90.7079759436 25.3333333333 1.0 2.0 9.0
1.0 1.0 90.7079759436 25.3333333333 1.0 2.0 9.0,0,1.0,0.5 0.5 118.455488594 34.5555555556 1.0 2.5 9.0
0.5 0.5 118.455488594 34.5555555556 1.0 2.5 9.0,3,1.0,0.5 0.5 102.857456645 36.0 1.0 2.5 9.0
0.5 0.5 102.857456645 36.0 1.0 2.5 9.0,3,1.0,0.5 0.5 101.127124076 37.4444444444 1.0 2.5 9.0
0.5 0.5 101.127124076 37.4444444444 1.0 2.5 9.0,1,-1.0,1.0 1.0 90.7079759436 25.0 1.0 2.0 9.0
1.0 1.0 90.7079759436 25.0 1.0 2.0 9.0,0,1.0,0.5 0.5 118.845085297 38.4444444444 1.0 2.5 9.0
0.5 0.5 118.845085297 38.4444444444 1.0 2.5 9.0,1,-1.0,1.0 1.0 90.7079759436 25.4444444444 1.0 2.0 9.0
1.0 1.0 90.7079759436 25.4444444444 1.0 2.0 9.0,0,1.0,0.5 0.5 102.579251956 37.1111111111 1.0 2.5 9.0
1.0 1.0 90.7079759436 25.0 1.0 1.5 9.0,0,1.0,1.0 1.0 91.2544277957 25.2222222222 1.0 2.0 9.0
1.0 1.0 91.2544277957 25.2222222222 1.0 2.0 9.0,0,1.0,0.5 0.5 116.569637015 36.3333333333 1.0 2.5 9.0
0.5 0.5 116.569637015 36.3333333333 1.0 2.5 9.0,1,-1.0,1.0 1.0 91.6529647709 25.0 1.0 2.0 9.0
1.0 1.0 91.6529647709 25.0 1.0 2.0 9.0,0,1.0,0.5 0.5 104.703811227 30.7777777778 1.0 2.5 9.0
0.5 0.5 104.703811227 30.7777777778 1.0 2.5 9.0,4,-1.0,0.5 0.5 114.413884045 34.125 0.888888888889 2.5 8.0
0.5 0.5 114.413884045 34.125 0.888888888889 2.5 8.0,3,1.0,0.5 0.5 122.083507882 34.0 1.0 2.5 9.0
0.5 0.5 122.083507882 34.0 1.0 2.5 9.0,2,1.0,0.5 0.5 104.391915441 35.5555555556 1.0 2.5 9.0
0.5 0.5 104.391915441 35.5555555556 1.0 2.5 9.0,4,-1.0,0.5 0.5 87.9321820481 26.75 0.888888888889 2.5 8.0
0.5 0.5 87.9321820481 26.75 0.888888888889 2.5 8.0,3,1.0,0.5 0.5 111.096455842 34.8888888889 1.0 2.5 9.0
0.5 0.5 111.096455842 34.8888888889 1.0 2.5 9.0,3,1.0,0.5 0.5 100.516026058 36.7777777778 1.0 2.5 9.0
0.5 0.5 100.516026058 36.7777777778 1.0 2.5 9.0,4,-1.0,0.5 0.5 117.079161558 33.875 0.888888888889 2.5 8.0
0.5 0.5 117.079161558 33.875 0.888888888889 2.5 8.0,3,1.0,0.5 0.5 109.505879763 30.1111111111 1.0 2.5 9.0
0.5 0.5 109.505879763 30.1111111111 1.0 2.5 9.0,1,-1.0,1.0 1.0 89.9227440867 24.8888888889 1.0 2.0 9.0
1.0 1.0 89.9227440867 24.8888888889 1.0 2.0 9.0,0,1.0,0.5 0.5 102.661712313 36.4444444444 1.0 2.5 9.0
0.5 0.5 102.661712313 36.4444444444 1.0 2.5 9.0,3,1.0,0.5 0.5 132.708026851 37.5555555556 1.0 2.5 9.0
1.0 1.0 89.9227440867 25.3333333333 1.0 1.5 9.0,0,1.0,1.0 1.0 90.7079759436 25.3333333333 1.0 2.0 9.0
1.0 1.0 90.7079759436 25.3333333333 1.0 2.0 9.0,0,1.0,0.5 0.5 102.91422919 36.1111111111 1.0 2.5 9.0
0.5 0.5 102.91422919 36.1111111111 1.0 2.5 9.0,3,1.0,0.5 0.5 120.247906083 39.7777777778 1.0 2.5 9.0
0.5 0.5 120.247906083 39.7777777778 1.0 2.5 9.0,3,1.0,0.5 0.5 142.490043303 38.5555555556 1.0 2.5 9.0
0.5 0.5 142.490043303 38.5555555556 1.0 2.5 9.0,3,1.0,0.5 0.5 103.386635399 35.6666666667 1.0 2.5 9.0
0.5 0.5 103.386635399 35.6666666667 1.0 2.5 9.0,3,1.0,0.5 0.5 128.325575718 34.8888888889 1.0 2.5 9.0
0.5 0.5 128.325575718 34.8888888889 1.0 2.5 9.0,3,1.0,0.5 0.5 114.901007291 34.3333333333 1.0 2.5 9.0
0.5 0.5 114.901007291 34.3333333333 1.0 2.5 9.0,0,-1.0,0.0 0.0 250.0 150.0 0.0 3.0 9.0
0.0 0.0 250.0 150.0 0.0 3.0 9.0,1,1.0,0.5 0.5 139.978450719 39.4444444444 1.0 2.5 9.0
0.5 0.5 139.978450719 39.4444444444 1.0 2.5 9.0,3,1.0,0.5 0.5 116.206252909 34.4444444444 1.0 2.5 9.0
0.5 0.5 116.206252909 34.4444444444 1.0 2.5 9.0,3,1.0,0.5 0.5 83.9613558699 29.1111111111 1.0 2.5 9.0
0.5 0.5 83.9613558699 29.1111111111 1.0 2.5 9.0,3,1.0,0.5 0.5 105.322921467 32.0 1.0 2.5 9.0
0.5 0.5 105.322921467 32.0 1.0 2.5 9.0,3,1.0,0.5 0.5 108.35227759 35.8888888889 1.0 2.5 9.0
0.5 0.5 108.35227759 35.8888888889 1.0 2.5 9.0,3,1.0,0.5 0.5 133.057158146 40.6666666667 1.0 2.5 9.0
0.5 0.5 133.057158146 40.6666666667 1.0 2.5 9.0,4,-1.0,0.5 0.5 106.062403474 30.0 0.888888888889 2.5 8.0
0.0 0.0 250.0 150.0 0.0 4.0 8.0,1,-1.0,0.0 0.0 250.0 150.0 0.0 3.5 8.0
0.0 0.0 250.0 150.0 0.0 3.5 8.0,1,-1.0,0.0 0.0 250.0 150.0 0.0 3.0 8.0
0.0 0.0 250.0 150.0 0.0 3.0 8.0,1,1.0,0.5 0.5 106.404823884 32.375 0.888888888889 2.5 8.0
0.5 0.5 106.404823884 32.375 0.888888888889 2.5 8.0,3,1.0,0.5 0.5 102.944502798 26.8888888889 1.0 2.5 9.0
0.5 0.5 102.944502798 26.8888888889 1.0 2.5 9.0,3,1.0,0.5 0.5 108.566840856 34.5555555556 1.0 2.5 9.0
0.5 0.5 108.566840856 34.5555555556 1.0 2.5 9.0,3,1.0,0.5 0.5 106.603618876 36.4444444444 1.0 2.5 9.0
0.5 0.5 106.603618876 36.4444444444 1.0 2.5 9.0,3,1.0,0.5 0.5 132.5551247 37.5555555556 1.0 2.5 9.0
0.5 0.5 132.5551247 37.5555555556 1.0 2.5 9.0,3,1.0,0.5 0.5 116.83499534 35.8888888889 1.0 2.5 9.0
0.5 0.5 116.83499534 35.8888888889 1.0 2.5 9.0,3,1.0,0.5 0.5 134.328935268 41.2222222222 1.0 2.5 9.0
0.5 0.5 134.328935268 41.2222222222 1.0 2.5 9.0,3,1.0,0.5 0.5 107.841035476 37.8888888889 1.0 2.5 9.0
0.5 0.5 107.841035476 37.8888888889 1.0 2.5 9.0,3,1.0,0.5 0.5 107.900684207 37.3333333333 1.0 2.5 9.0
0.5 0.5 107.900684207 37.3333333333 1.0 2.5 9.0,3,1.0,0.5 0.5 124.770658131 41.6666666667 1.0 2.5 9.0
0.5 0.5 124.770658131 41.6666666667 1.0 2.5 9.0,3,1.0,0.5 0.5 115.152321379 34.4444444444 1.0 2.5 9.0
0.5 0.5 115.152321379 34.4444444444 1.0 2.5 9.0,3,1.0,0.5 0.5 117.257571163 39.0 1.0 2.5 9.0
0.5 0.5 117.257571163 39.0 1.0 2.5 9.0,3,1.0,0.5 0.5 117.504560514 36.4444444444 1.0 2.5 9.0
1.0 1.0 97.4931594873 22.0 0.888888888889 2.0 8.0,3,1.0,1.0 1.0 89.5242071114 25.1111111111 1.0 2.0 9.0
1.0 1.0 89.5242071114 25.1111111111 1.0 2.0 9.0,0,1.0,0.5 0.5 117.497145795 35.8888888889 1.0 2.5 9.0
0.5 0.5 117.497145795 35.8888888889 1.0 2.5 9.0,3,1.0,0.5 0.5 116.709315529 34.8888888889 1.0 2.5 9.0
0.5 0.5 116.709315529 34.8888888889 1.0 2.5 9.0,3,1.0,0.5 0.5 107.758658756 36.4444444444 1.0 2.5 9.0
0.5 0.5 107.758658756 36.4444444444 1.0 2.5 9.0,3,1.0,0.5 0.5 121.915906386 34.2222222222 1.0 2.5 9.0
0.5 0.5 121.915906386 34.2222222222 1.0 2.5 9.0,3,1.0,0.5 0.5 103.441565003 38.2222222222 1.0 2.5 9.0
0.5 0.5 103.441565003 38.2222222222 1.0 2.5 9.0,3,1.0,0.5 0.5 86.0490380009 29.1111111111 1.0 2.5 9.0
0.5 0.5 86.0490380009 29.1111111111 1.0 2.5 9.0,1,-1.0,1.0 1.0 90.7079759436 25.1111111111 1.0 2.0 9.0
1.0 1.0 90.7079759436 25.1111111111 1.0 2.0 9.0,0,1.0,0.5 0.5 111.661514883 29.7777777778 1.0 2.5 9.0
0.5 0.5 111.661514883 29.7777777778 1.0 2.5 9.0,3,1.0,0.5 0.5 98.0811438578 37.1111111111 1.0 2.5 9.0
0.5 0.5 98.0811438578 37.1111111111 1.0 2.5 9.0,3,1.0,0.5 0.5 108.105199513 36.2222222222 1.0 2.5 9.0
0.5 0.5 108.105199513 36.2222222222 1.0 2.5 9.0,3,1.0,0.5 0.5 108.833153526 37.2222222222 1.0 2.5 9.0
0.5 0.5 108.833153526 37.2222222222 1.0 2.5 9.0,3,1.0,0.5 0.5 123.176814745 29.6666666667 1.0 2.5 9.0
0.5 0.5 123.176814745 29.6666666667 1.0 2.5 9.0,3,1.0,0.5 0.5 107.754947446 32.2222222222 1.0 2.5 9.0
0.5 0.5 107.754947446 32.2222222222 1.0 2.5 9.0,3,1.0,0.5 0.5 98.4493019635 32.4444444444 1.0 2.5 9.0
1.0 1.0 89.9227440867 25.1111111111 1.0 1.5 9.0,0,1.0,1.0 1.0 91.0372181799 25.4444444444 1.0 2.0 9.0
1.0 1.0 91.0372181799 25.4444444444 1.0 2.0 9.0,0,1.0,0.5 0.5 112.740515265 41.5555555556 1.0 2.5 9.0
0.5 0.5 112.740515265 41.5555555556 1.0 2.5 9.0,3,1.0,0.5 0.5 109.662831543 33.6666666667 1.0 2.5 9.0
0.5 0.5 109.662831543 33.6666666667 1.0 2.5 9.0,3,1.0,0.5 0.5 105.272482239 31.7777777778 1.0 2.5 9.0
0.5 0.5 105.272482239 31.7777777778 1.0 2.5 9.0,3,1.0,0.5 0.5 114.109851127 33.7777777778 1.0 2.5 9.0
0.5 0.5 114.109851127 33.7777777778 1.0 2.5 9.0,3,1.0,0.5 0.5 103.967928874 30.7777777778 1.0 2.5 9.0
0.5 0.5 103.967928874 30.7777777778 1.0 2.5 9.0,3,1.0,0.5 0.5 118.005043489 33.4444444444 1.0 2.5 9.0
0.5 0.5 118.005043489 33.4444444444 1.0 2.5 9.0,3,1.0,0.5 0.5 118.516650429 30.6666666667 1.0 2.5 9.0
0.5 0.5 118.516650429 30.6666666667 1.0 2.5 9.0,3,1.0,0.5 0.5 108.620394716 30.1111111111 1.0 2.5 9.0
0.5 0.5 108.620394716 30.1111111111 1.0 2.5 9.0,3,1.0,0.5 0.5 104.984994628 41.4444444444 1.0 2.5 9.0
0.5 0.5 104.984994628 41.4444444444 1.0 2.5 9.0,3,1.0,0.5 0.5 127.224873377 32.5555555556 1.0 2.5 9.0
0.5 0.5 127.224873377 32.5555555556 1.0 2.5 9.0,3,1.0,0.5 0.5 92.266307212 32.7777777778 1.0 2.5 9.0
0.5 0.5 92.266307212 32.7777777778 1.0 2.5 9.0,3,1.0,0.5 0.5 110.630207234 36.0 1.0 2.5 9.0
0.5 0.5 110.630207234 36.0 1.0 2.5 9.0,3,1.0,0.5 0.5 114.553813895 29.5555555556 1.0 2.5 9.0
0.5 0.5 114.553813895 29.5555555556 1.0 2.5 9.0,3,1.0,0.5 0.5 111.32822037 34.8888888889 1.0 2.5 9.0
0.0 0.0 250.0 150.0 0.0 3.0 9.0,1,1.0,0.5 0.5 126.767061978 27.5555555556 1.0 2.5 9.0
0.5 0.5 126.767061978 27.5555555556 1.0 2.5 9.0,3,1.0,0.5 0.5 99.2008273498 32.7777777778 1.0 2.5 9.0
0.5 0.5 99.2008273498 32.7777777778 1.0 2.5 9.0,3,1.0,0.5 0.5 126.011451983 34.2222222222 1.0 2.5 9.0
0.5 0.5 126.011451983 34.2222222222 1.0 2.5 9.0,3,1.0,0.5 0.5 111.014625694 31.3333333333 1.0 2.5 9.0
0.5 0.5 111.014625694 31.3333333333 1.0 2.5 9.0,3,1.0,0.5 0.5 98.6258549187 32.7777777778 1.0 2.5 9.0
0.5 0.5 98.6258549187 32.7777777778 1.0 2.5 9.0,3,1.0,0.5 0.5 103.963960658 36.4444444444 1.0 2.5 9.0
0.5 0.5 103.963960658 36.4444444444 1.0 2.5 9.0,3,1.0,0.5 0.5 103.49924979 30.3333333333 1.0 2.5 9.0
0.5 0.5 103.49924979 30.3333333333 1.0 2.5 9.0,3,1.0,0.5 0.5 107.280630418 32.7777777778 1.0 2.5 9.0
0.5 0.5 107.280630418 32.7777777778 1.0 2.5 9.0,3,1.0,0.5 0.5 97.1879514732 33.4444444444 1.0 2.5 9.0
0.5 0.5 97.1879514732 33.4444444444 1.0 2.5 9.0,3,1.0,0.5 0.5 134.40529677 45.3333333333 1.0 2.5 9.0
0.5 0.5 134.40529677 45.3333333333 1.0 2.5 9.0,3,1.0,0.5 0.5 115.969547771 39.8888888889 1.0 2.5 9.0
0.5 0.5 115.969547771 39.8888888889 1.0 2.5 9.0,3,1.0,0.5 0.5 109.492940769 34.2222222222 1.0 2.5 9.0
0.5 0.5 109.492940769 34.2222222222 1.0 2.5 9.0,2,1.0,0.5 0.5 104.975117105 36.4444444444 1.0 2.5 9.0
0.5 0.5 104.975117105 36.4444444444 1.0 2.5 9.0,3,1.0,0.5 0.5 141.218259277 42.1111111111 1.0 2.5 9.0
0.5 0.5 141.218259277 42.1111111111 1.0 2.5 9.0,3,1.0,0.5 0.5 125.7587933 39.2222222222 1.0 2.5 9.0
0.0 0.0 250.0 150.0 0.0 3.5 6.0,1,-1.0,0.0 0.0 250.0 150.0 0.0 3.0 6.0
0.0 0.0 250.0 150.0 0.0 3.0 6.0,1,1.0,0.5 0.5 113.920391849 26.1666666667 0.666666666667 2.5 6.0
0.5 0.5 113.920391849 26.1666666667 0.666666666667 2.5 6.0,3,1.0,0.5 0.5 108.738046423 28.1428571429 0.777777777778 2.5 7.0
0.5 0.5 108.738046423 28.1428571429 0.777777777778 2.5 7.0,3,1.0,0.5 0.5 114.310756651 28.125 0.888888888889 2.5 8.0
0.5 0.5 114.310756651 28.125 0.888888888889 2.5 8.0,3,1.0,0.5 0.5 109.850539727 34.5555555556 1.0 2.5 9.0
0.5 0.5 109.850539727 34.5555555556 1.0 2.5 9.0,3,1.0,0.5 0.5 122.476809779 34.3333333333 1.0 2.5 9.0
0.5 0.5 122.476809779 34.3333333333 1.0 2.5 9.0,3,1.0,0.5 0.5 123.99890726 39.6666666667 1.0 2.5 9.0
0.5 0.5 123.99890726 39.6666666667 1.0 2.5 9.0,3,1.0,0.5 0.5 123.399870879 32.8888888889 1.0 2.5 9.0
0.5 0.5 123.399870879 32.8888888889 1.0 2.5 9.0,3,1.0,0.5 0.5 108.69628859 30.0 1.0 2.5 9.0
0.5 0.5 108.69628859 30.0 1.0 2.5 9.0,3,1.0,0.5 0.5 112.46432943 31.2222222222 1.0 2.5 9.0
0.5 0.5 112.46432943 31.2222222222 1.0 2.5 9.0,3,1.0,0.5 0.5 114.766239624 41.2222222222 1.0 2.5 9.0
0.5 0.5 114.766239624 41.2222222222 1.0 2.5 9.0,3,1.0,0.5 0.5 117.881995352 36.4444444444 1.0 2.5 9.0
0.5 0.5 117.881995352 36.4444444444 1.0 2.5 9.0,3,1.0,0.5 0.5 114.147563322 36.0 1.0 2.5 9.0
0.5 0.5 114.147563322 36.0 1.0 2.5 9.0,3,1.0,0.5 0.5 105.919653743 36.4444444444 1.0 2.5 9.0
0.5 0.5 105.919653743 36.4444444444 1.0 2.5 9.0,3,1.0,0.5 0.5 103.598615605 37.5555555556 1.0 2.5 9.0
1.0 1.0 96.4300470565 22.25 0.888888888889 1.5 8.0,0,1.0,1.0 1.0 115.078645198 25.875 0.888888888889 2.0 8.0
1.0 1.0 115.078645198 25.875 0.888888888889 2.0 8.0,3,1.0,1.0 1.0 90.7079759436 25.2222222222 1.0 2.0 9.0
1.0 1.0 90.7079759436 25.2222222222 1.0 2.0 9.0,0,1.0,0.5 0.5 111.649301321 31.8888888889 1.0 2.5 9.0
0.5 0.5 111.649301321 31.8888888889 1.0 2.5 9.0,3,1.0,0.5 0.5 117.270652731 36.4444444444 1.0 2.5 9.0
0.5 0.5 117.270652731 36.4444444444 1.0 2.5 9.0,3,1.0,0.5 0.5 131.273348379 39.3333333333 1.0 2.5 9.0
0.5 0.5 131.273348379 39.3333333333 1.0 2.5 9.0,3,1.0,0.5 0.5 103.189707499 38.1111111111 1.0 2.5 9.0
0.5 0.5 103.189707499 38.1111111111 1.0 2.5 9.0,3,1.0,0.5 0.5 131.198687671 34.8888888889 1.0 2.5 9.0
0.5 0.5 131.198687671 34.8888888889 1.0 2.5 9.0,3,1.0,0.5 0.5 118.036366656 30.5555555556 1.0 2.5 9.0
0.5 0.5 118.036366656 30.5555555556 1.0 2.5 9.0,3,1.0,0.5 0.5 115.917753665 38.7777777778 1.0 2.5 9.0
0.5 0.5 115.917753665 38.7777777778 1.0 2.5 9.0,3,1.0,0.5 0.5 92.573844248 36.7777777778 1.0 2.5 9.0
0.5 0.5 92.573844248 36.7777777778 1.0 2.5 9.0,3,1.0,0.5 0.5 120.437174693 38.7777777778 1.0 2.5 9.0
0.5 0.5 120.437174693 38.7777777778 1.0 2.5 9.0,3,1.0,0.5 0.5 100.637592058 31.4444444444 1.0 2.5 9.0
0.5 0.5 100.637592058 31.4444444444 1.0 2.5 9.0,3,1.0,0.5 0.5 87.2599574408 34.0 1.0 2.5 9.0
0.5 0.5 87.2599574408 34.0 1.0 2.5 9.0,3,1.0,0.5 0.5 119.727412811 34.8888888889 1.0 2.5 9.0
0.5 0.5 119.727412811 34.8888888889 1.0 2.5 9.0,3,1.0,0.5 0.5 109.822312244 36.0 1.0 2.5 9.0
1.0 1.0 90.7079759436 25.1111111111 1.0 1.0 9.0,0,1.0,1.0 1.0 89.9227440867 25.1111111111 1.0 1.5 9.0
1.0 1.0 89.9227440867 25.1111111111 1.0 1.5 9.0,0,1.0,1.0 1.0 89.9227440867 25.5555555556 1.0 2.0 9.0
1.0 1.0 89.9227440867 25.5555555556 1.0 2.0 9.0,0,1.0,0.5 0.5 100.598152365 35.7777777778 1.0 2.5 9.0
0.5 0.5 100.598152365 35.7777777778 1.0 2.5 9.0,3,1.0,0.5 0.5 110.431402994 28.8888888889 1.0 2.5 9.0
0.5 0.5 110.431402994 28.8888888889 1.0 2.5 9.0,3,1.0,0.5 0.5 125.620495158 39.6666666667 1.0 2.5 9.0
0.5 0.5 125.620495158 39.6666666667 1.0 2.5 9.0,2,1.0,0.5 0.5 120.81894237 34.5555555556 1.0 2.5 9.0
0.5 0.5 120.81894237 34.5555555556 1.0 2.5 9.0,3,1.0,0.5 0.5 114.018014732 30.7777777778 1.0 2.5 9.0
0.5 0.5 114.018014732 30.7777777778 1.0 2.5 9.0,3,1.0,0.5 0.5 103.210861707 32.7777777778 1.0 2.5 9.0
0.5 0.5 103.210861707 32.7777777778 1.0 2.5 9.0,3,1.0,0.5 0.5 97.2878089698 33.5555555556 1.0 2.5 9.0
0.5 0.5 97.2878089698 33.5555555556 1.0 2.5 9.0,3,1.0,0.5 0.5 110.656694931 35.7777777778 1.0 2.5 9.0
0.5 0.5 110.656694931 35.7777777778 1.0 2.5 9.0,3,1.0,0.5 0.5 124.206460321 39.7777777778 1.0 2.5 9.0
0.5 0.5 124.206460321 39.7777777778 1.0 2.5 9.0,3,1.0,0.5 0.5 99.2007584976 32.3333333333 1.0 2.5 9.0
0.5 0.5 99.2007584976 32.3333333333 1.0 2.5 9.0,2,1.0,0.5 0.5 114.969735561 33.4444444444 1.0 2.5 9.0
0.5 0.5 114.969735561 33.4444444444 1.0 2.5 9.0,3,1.0,0.5 0.5 129.053639916 34.8888888889 1.0 2.5 9.0
0.5 0.5 129.053639916 34.8888888889 1.0 2.5 9.0,3,1.0,0.5 0.5 108.433613771 32.7777777778 1.0 2.5 9.0
0.5 0.5 108.505046902 30.1111111111 1.0 2.5 9.0,3,1.0,0.5 0.5 105.531664724 38.0 1.0 2.5 9.0
0.5 0.5 105.531664724 38.0 1.0 2.5 9.0,3,1.0,0.5 0.5 93.1422277857 27.5555555556 1.0 2.5 9.0
0.5 0.5 93.1422277857 27.5555555556 1.0 2.5 9.0,3,1.0,0.5 0.5 113.307087445 29.6666666667 1.0 2.5 9.0
0.5 0.5 113.307087445 29.6666666667 1.0 2.5 9.0,3,1.0,0.5 0.5 116.217031313 42.5555555556 1.0 2.5 9.0
0.5 0.5 116.217031313 42.5555555556 1.0 2.5 9.0,3,1.0,0.5 0.5 118.818092969 36.1111111111 1.0 2.5 9.0
0.5 0.5 118.818092969 36.1111111111 1.0 2.5 9.0,3,1.0,0.5 0.5 115.861359331 31.0 1.0 2.5 9.0
0.5 0.5 115.861359331 31.0 1.0 2.5 9.0,3,1.0,0.5 0.5 103.408152119 28.7777777778 1.0 2.5 9.0
0.5 0.5 103.408152119 28.7777777778 1.0 2.5 9.0,3,1.0,0.5 0.5 108.393447017 35.7777777778 1.0 2.5 9.0
0.5 0.5 108.393447017 35.7777777778 1.0 2.5 9.0,3,1.0,0.5 0.5 125.842580581 40.4444444444 1.0 2.5 9.0
0.5 0.5 125.842580581 40.4444444444 1.0 2.5 9.0,3,1.0,0.5 0.5 108.392446067 30.3333333333 1.0 2.5 9.0
0.5 0.5 108.392446067 30.3333333333 1.0 2.5 9.0,3,1.0,0.5 0.5 105.058452149 37.3333333333 1.0 2.5 9.0
0.5 0.5 105.058452149 37.3333333333 1.0 2.5 9.0,3,1.0,0.5 0.5 106.152330371 31.1111111111 1.0 2.5 9.0
0.5 0.5 106.152330371 31.1111111111 1.0 2.5 9.0,3,1.0,0.5 0.5 115.720750747 35.5555555556 1.0 2.5 9.0
0.5 0.5 115.720750747 35.5555555556 1.0 2.5 9.0,3,1.0,0.5 0.5 107.27714915 36.1111111111 1.0 2.5 9.0
0.5 0.5 107.27714915 36.1111111111 1.0 2.5 9.0,3,1.0,0.5 0.5 105.781575828 31.1111111111 1.0 2.5 9.0
0.0 0.0 250.0 150.0 0.0 4.0 8.0,3,-1.0,0.0 0.0 250.0 150.0 0.0 4.0 9.0
0.0 0.0 250.0 150.0 0.0 4.0 9.0,1,-1.0,0.0 0.0 250.0 150.0 0.0 3.5 9.0
0.0 0.0 250.0 150.0 0.0 3.5 9.0,1,-1.0,0.0 0.0 250.0 150.0 0.0 3.0 9.0
0.0 0.0 250.0 150.0 0.0 3.0 9.0,1,1.0,0.5 0.5 126.366729527 35.8888888889 1.0 2.5 9.0
0.5 0.5 126.366729527 35.8888888889 1.0 2.5 9.0,3,1.0,0.5 0.5 107.014594603 37.0 1.0 2.5 9.0
0.5 0.5 107.014594603 37.0 1.0 2.5 9.0,3,1.0,0.5 0.5 97.1731802487 38.0 1.0 2.5 9.0
0.5 0.5 97.1731802487 38.0 1.0 2.5 9.0,3,1.0,0.5 0.5 96.4575857551 27.0 1.0 2.5 9.0
0.5 0.5 96.4575857551 27.0 1.0 2.5 9.0,3,1.0,0.5 0.5 112.824403154 33.6666666667 1.0 2.5 9.0
0.5 0.5 112.824403154 33.6666666667 1.0 2.5 9.0,3,1.0,0.5 0.5 129.675343322 37.8888888889 1.0 2.5 9.0
0.5 0.5 129.675343322 37.8888888889 1.0 2.5 9.0,3,1.0,0.5 0.5 122.821417442 33.4444444444 1.0 2.5 9.0
0.5 0.5 122.821417442 33.4444444444 1.0 2.5 9.0,3,1.0,0.5 0.5 91.1755817617 32.8888888889 1.0 2.5 9.0
0.5 0.5 91.1755817617 32.8888888889 1.0 2.5 9.0,3,1.0,0.5 0.5 119.503777392 40.2222222222 1.0 2.5 9.0
0.5 0.5 119.503777392 40.2222222222 1.0 2.5 9.0,3,1.0,0.5 0.5 113.438118521 35.5555555556 1.0 2.5 9.0
0.5 0.5 113.438118521 35.5555555556 1.0 2.5 9.0,3,1.0,0.5 0.5 127.111001142 41.1111111111 1.0 2.5 9.0
0.5 0.5 127.111001142 41.1111111111 1.0 2.5 9.0,3,1.0,0.5 0.5 106.168277224 30.2222222222 1.0 2.5 9.0
1.0 1.0 87.8490320085 19.6 0.555555555556 1.0 5.0,3,1.0,1.0 1.0 108.107870536 16.5 0.666666666667 1.0 6.0
1.0 1.0 108.107870536 16.5 0.666666666667 1.0 6.0,0,1.0,1.0 1.0 92.8413858413 19.1666666667 0.666666666667 1.5 6.0
1.0 1.0 92.8413858413 19.1666666667 0.666666666667 1.5 6.0,3,1.0,1.0 1.0 99.9822833133 19.0 0.777777777778 1.5 7.0
1.0 1.0 99.9822833133 19.0 0.777777777778 1.5 7.0,3,1.0,1.0 1.0 92.1498585701 22.0 0.888888888889 1.5 8.0
1.0 1.0 92.1498585701 22.0 0.888888888889 1.5 8.0,0,1.0,1.0 1.0 97.4931594873 22.375 0.888888888889 2.0 8.0
1.0 1.0 97.4931594873 22.375 0.888888888889 2.0 8.0,0,1.0,0.5 0.5 99.2195467301 35.5 0.888888888889 2.5 8.0
0.5 0.5 99.2195467301 35.5 0.888888888889 2.5 8.0,3,1.0,0.5 0.5 114.664855102 38.5555555556 1.0 2.5 9.0
0.5 0.5 114.664855102 38.5555555556 1.0 2.5 9.0,3,1.0,0.5 0.5 117.625799905 38.7777777778 1.0 2.5 9.0
0.5 0.5 117.625799905 38.7777777778 1.0 2.5 9.0,3,1.0,0.5 0.5 119.356335338 35.5555555556 1.0 2.5 9.0
0.5 0.5 119.356335338 35.5555555556 1.0 2.5 9.0,3,1.0,0.5 0.5 104.368086887 30.6666666667 1.0 2.5 9.0
0.5 0.5 104.368086887 30.6666666667 1.0 2.5 9.0,3,1.0,0.5 0.5 104.341146522 30.4444444444 1.0 2.5 9.0
0.5 0.5 104.341146522 30.4444444444 1.0 2.5 9.0,3,1.0,0.5 0.5 99.3905053337 32.7777777778 1.0 2.5 9.0
0.5 0.5 99.3905053337 32.7777777778 1.0 2.5 9.0,3,1.0,0.5 0.5 108.163605742 34.1111111111 1.0 2.5 9.0
0.5 0.5 108.163605742 34.1111111111 1.0 2.5 9.0,3,1.0,0.5 0.5 97.4745765668 29.2222222222 1.0 2.5 9.0
0.5 0.5 97.4745765668 29.2222222222 1.0 2.5 9.0,3,1.0,0.5 0.5 105.891048506 31.2222222222 1.0 2.5 9.0
1.0 1.0 90.7079759436 25.2222222222 1.0 1.0 9.0,0,1.0,1.0 1.0 91.0372181799 25.0 1.0 1.5 9.0
1.0 1.0 91.0372181799 25.0 1.0 1.5 9.0,0,1.0,1.0 1.0 91.6529647709 25.0 1.0 2.0 9.0
1.0 1.0 91.6529647709 25.0 1.0 2.0 9.0,0,1.0,0.5 0.5 112.089392119 31.2222222222 1.0 2.5 9.0
0.5 0.5 112.089392119 31.2222222222 1.0 2.5 9.0,3,1.0,0.5 0.5 96.4937522332 32.7777777778 1.0 2.5 9.0
0.5 0.5 96.4937522332 32.7777777778 1.0 2.5 9.0,3,1.0,0.5 0.5 99.3260404819 29.8888888889 1.0 2.5 9.0
0.5 0.5 99.3260404819 29.8888888889 1.0 2.5 9.0,3,1.0,0.5 0.5 116.157941495 41.4444444444 1.0 2.5 9.0
0.5 0.5 116.157941495 41.4444444444 1.0 2.5 9.0,3,1.0,0.5 0.5 110.065329319 26.0 1.0 2.5 9.0
0.5 0.5 110.065329319 26.0 1.0 2.5 9.0,3,1.0,0.5 0.5 130.706641005 41.6666666667 1.0 2.5 9.0
0.5 0.5 130.706641005 41.6666666667 1.0 2.5 9.0,3,1.0,0.5 0.5 110.81924618 33.8888888889 1.0 2.5 9.0
0.5 0.5 110.81924618 33.8888888889 1.0 2.5 9.0,3,1.0,0.5 0.5 101.840479826 37.1111111111 1.0 2.5 9.0
0.5 0.5 101.840479826 37.1111111111 1.0 2.5 9.0,3,1.0,0.5 0.5 104.35369966 32.7777777778 1.0 2.5 9.0
0.5 0.5 104.35369966 32.7777777778 1.0 2.5 9.0,3,1.0,0.5 0.5 106.725585731 31.3333333333 1.0 2.5 9.0
0.5 0.5 106.725585731 31.3333333333 1.0 2.5 9.0,3,1.0,0.5 0.5 85.7607821481 28.3333333333 1.0 2.5 9.0
0.5 0.5 85.7607821481 28.3333333333 1.0 2.5 9.0,2,1.0,0.5 0.5 109.673203648 32.7777777778 1.0 2.5 9.0
0.5 0.5 109.673203648 32.7777777778 1.0 2.5 9.0,3,1.0,0.5 0.5 106.363040326 30.8888888889 1.0 2.5 9.0
1.0 1.0 91.6529647709 24.8888888889 1.0 1.0 9.0,0,1.0,1.0 1.0 91.2544277957 25.0 1.0 1.5 9.0
1.0 1.0 91.2544277957 25.0 1.0 1.5 9.0,0,1.0,1.0 1.0 90.7079759436 25.4444444444 1.0 2.0 9.0
1.0 1.0 90.7079759436 25.4444444444 1.0 2.0 9.0,0,1.0,0.5 0.5 98.8655798242 35.3333333333 1.0 2.5 9.0
0.5 0.5 98.8655798242 35.3333333333 1.0 2.5 9.0,3,1.0,0.5 0.5 123.832345254 34.1111111111 1.0 2.5 9.0
0.5 0.5 123.832345254 34.1111111111 1.0 2.5 9.0,3,1.0,0.5 0.5 115.741489374 27.6666666667 1.0 2.5 9.0
0.5 0.5 115.741489374 27.6666666667 1.0 2.5 9.0,3,1.0,0.5 0.5 108.302641556 35.0 1.0 2.5 9.0
0.5 0.5 108.302641556 35.0 1.0 2.5 9.0,3,1.0,0.5 0.5 100.675082231 39.0 1.0 2.5 9.0
0.5 0.5 100.675082231 39.0 1.0 2.5 9.0,3,1.0,0.5 0.5 100.087283942 32.1111111111 1.0 2.5 9.0
0.5 0.5 100.087283942 32.1111111111 1.0 2.5 9.0,2,1.0,0.5 0.5 95.2254208737 30.4444444444 1.0 2.5 9.0
0.5 0.5 95.2254208737 30.4444444444 1.0 2.5 9.0,3,1.0,0.5 0.5 85.1492433761 28.6666666667 1.0 2.5 9.0
0.5 0.5 85.1492433761 28.6666666667 1.0 2.5 9.0,3,1.0,0.5 0.5 118.286813838 41.0 1.0 2.5 9.0
0.5 0.5 118.286813838 41.0 1.0 2.5 9.0,3,1.0,0.5 0.5 116.23537056 31.2222222222 1.0 2.5 9.0
0.5 0.5 116.23537056 31.2222222222 1.0 2.5 9.0,3,1.0,0.5 0.5 108.392446067 31.2222222222 1.0 2.5 9.0
0.5 0.5 108.392446067 31.2222222222 1.0 2.5 9.0,3,1.0,0.5 0.5 121.661606044 41.5555555556 1.0 2.5 9.0
0.5 0.5 121.661606044 41.5555555556 1.0 2.5 9.0,3,1.0,0.5 0.5 120.975418828 40.5555555556 1.0 2.5 9.0
1.0 1.0 90.7079759436 25.0 1.0 1.5 9.0,0,1.0,1.0 1.0 90.7079759436 25.0 1.0 2.0 9.0
1.0 1.0 90.7079759436 25.0 1.0 2.0 9.0,0,1.0,0.5 0.5 114.887460279 38.2222222222 1.0 2.5 9.0
0.5 0.5 114.887460279 38.2222222222 1.0 2.5 9.0,3,1.0,0.5 0.5 115.935264283 35.7777777778 1.0 2.5 9.0
0.5 0.5 115.935264283 35.7777777778 1.0 2.5 9.0,3,1.0,0.5 0.5 104.191528578 30.0 1.0 2.5 9.0
0.5 0.5 104.191528578 30.0 1.0 2.5 9.0,3,1.0,0.5 0.5 133.015990442 37.5555555556 1.0 2.5 9.0
0.5 0.5 133.015990442 37.5555555556 1.0 2.5 9.0,3,1.0,0.5 0.5 103.280408773 27.5555555556 1.0 2.5 9.0
0.5 0.5 103.280408773 27.5555555556 1.0 2.5 9.0,3,1.0,0.5 0.5 103.36765701 35.4444444444 1.0 2.5 9.0
0.5 0.5 103.36765701 35.4444444444 1.0 2.5 9.0,3,1.0,0.5 0.5 115.949875411 38.7777777778 1.0 2.5 9.0
0.5 0.5 115.949875411 38.7777777778 1.0 2.5 9.0,3,1.0,0.5 0.5 94.9564625584 26.7777777778 1.0 2.5 9.0
0.5 0.5 94.9564625584 26.7777777778 1.0 2.5 9.0,3,1.0,0.5 0.5 109.358294073 36.1111111111 1.0 2.5 9.0
0.5 0.5 109.358294073 36.1111111111 1.0 2.5 9.0,3,1.0,0.5 0.5 119.471683151 34.0 1.0 2.5 9.0
0.5 0.5 119.471683151 34.0 1.0 2.5 9.0,3,1.0,0.5 0.5 128.552756864 40.1111111111 1.0 2.5 9.0
0.5 0.5 128.552756864 40.1111111111 1.0 2.5 9.0,3,1.0,0.5 0.5 120.81894237 35.2222222222 1.0 2.5 9.0
0.5 0.5 120.81894237 35.2222222222 1.0 2.5 9.0,3,1.0,0.5 0.5 89.9712280384 27.5555555556 1.0 2.5 9.0
0.5 0.5 89.9712280384 27.5555555556 1.0 2.5 9.0,3,1.0,0.5 0.5 133.576236471 40.6666666667 1.0 2.5 9.0
1.0 1.0 90.7079759436 25.0 1.0 0.5 9.0,0,1.0,1.0 1.0 90.7079759436 25.0 1.0 1.0 9.0
1.0 1.0 90.7079759436 25.0 1.0 1.0 9.0,0,1.0,1.0 1.0 90.7079759436 25.1111111111 1.0 1.5 9.0
1.0 1.0 90.7079759436 25.1111111111 1.0 1.5 9.0,0,1.0,1.0 1.0 90.7079759436 25.5555555556 1.0 2.0 9.0
1.0 1.0 90.7079759436 25.5555555556 1.0 2.0 9.0,0,1.0,0.5 0.5 126.033158457 34.2222222222 1.0 2.5 9.0
0.5 0.5 126.033158457 34.2222222222 1.0 2.5 9.0,3,1.0,0.5 0.5 102.910997893 30.6666666667 1.0 2.5 9.0
0.5 0.5 102.910997893 30.6666666667 1.0 2.5 9.0,3,1.0,0.5 0.5 127.23623895 45.3333333333 1.0 2.5 9.0
0.5 0.5 127.23623895 45.3333333333 1.0 2.5 9.0,3,1.0,0.5 0.5 96.0557389404 35.5555555556 1.0 2.5 9.0
0.5 0.5 96.0557389404 35.5555555556 1.0 2.5 9.0,3,1.0,0.5 0.5 119.71475818 33.3333333333 1.0 2.5 9.0
0.5 0.5 119.71475818 33.3333333333 1.0 2.5 9.0,3,1.0,0.5 0.5 106.575861426 32.4444444444 1.0 2.5 9.0
0.5 0.5 106.575861426 32.4444444444 1.0 2.5 9.0,3,1.0,0.5 0.5 116.865755078 34.5555555556 1.0 2.5 9.0
0.5 0.5 116.865755078 34.5555555556 1.0 2.5 9.0,3,1.0,0.5 0.5 121.936009066 34.8888888889 1.0 2.5 9.0
0.5 0.5 121.936009066 34.8888888889 1.0 2.5 9.0,3,1.0,0.5 0.5 124.842511565 37.6666666667 1.0 2.5 9.0
0.5 0.5 124.842511565 37.6666666667 1.0 2.5 9.0,3,1.0,0.5 0.5 108.963551359 36.0 1.0 2.5 9.0
0.5 0.5 108.963551359 36.0 1.0 2.5 9.0,3,1.0,0.5 0.5 123.539340032 43.2222222222 1.0 2.5 9.0
0.5 0.5 123.539340032 43.2222222222 1.0 2.5 9.0,3,1.0,0.5 0.5 111.489350737 30.6666666667 1.0 2.5 9.0
1.0 1.0 92.8413858413 19.0 0.666666666667 1.5 6.0,0,1.0,1.0 1.0 94.2588690824 19.3333333333 0.666666666667 2.0 6.0
1.0 1.0 94.2588690824 19.3333333333 0.666666666667 2.0 6.0,3,1.0,1.0 1.0 101.197268948 18.7142857143 0.777777777778 2.0 7.0
1.0 1.0 101.197268948 18.7142857143 0.777777777778 2.0 7.0,3,1.0,1.0 1.0 97.6838304114 22.25 0.888888888889 2.0 8.0
1.0 1.0 97.6838304114 22.25 0.888888888889 2.0 8.0,0,1.0,0.5 0.5 112.16680762 29.875 0.888888888889 2.5 8.0
0.5 0.5 112.16680762 29.875 0.888888888889 2.5 8.0,3,1.0,0.5 0.5 110.434173222 38.0 1.0 2.5 9.0
0.5 0.5 110.434173222 38.0 1.0 2.5 9.0,3,1.0,0.5 0.5 95.37927814 32.1111111111 1.0 2.5 9.0
0.5 0.5 95.37927814 32.1111111111 1.0 2.5 9.0,4,-1.0,0.5 0.5 131.808413805 39.25 0.888888888889 2.5 8.0
0.5 0.5 131.808413805 39.25 0.888888888889 2.5 8.0,3,1.0,0.5 0.5 125.942860405 42.0 1.0 2.5 9.0
0.5 0.5 125.942860405 42.0 1.0 2.5 9.0,3,1.0,0.5 0.5 110.781132617 29.8888888889 1.0 2.5 9.0
0.5 0.5 110.781132617 29.8888888889 1.0 2.5 9.0,3,1.0,0.5 0.5 101.206993313 32.7777777778 1.0 2.5 9.0
0.5 0.5 101.206993313 32.7777777778 1.0 2.5 9.0,3,1.0,0.5 0.5 112.720577837 31.2222222222 1.0 2.5 9.0
0.5 0.5 112.720577837 31.2222222222 1.0 2.5 9.0,3,1.0,0.5 0.5 117.903665962 45.3333333333 1.0 2.5 9.0
0.5 0.5 117.903665962 45.3333333333 1.0 2.5 9.0,3,1.0,0.5 0.5 118.935395824 34.4444444444 1.0 2.5 9.0
0.5 0.5 118.935395824 34.4444444444 1.0 2.5 9.0,3,1.0,0.5 0.5 120.084875416 29.2222222222 1.0 2.5 9.0
0.5 0.5 120.084875416 29.2222222222 1.0 2.5 9.0,2,1.0,0.5 0.5 89.9482930907 44.5555555556 1.0 2.5 9.0
1.0 1.0 92.8413858413 19.0 0.666666666667 1.5 6.0,3,1.0,1.0 1.0 99.9822833133 19.0 0.777777777778 1.5 7.0
1.0 1.0 99.9822833133 19.0 0.777777777778 1.5 7.0,0,1.0,1.0 1.0 102.630164211 18.5714285714 0.777777777778 2.0 7.0
1.0 1.0 102.630164211 18.5714285714 0.777777777778 2.0 7.0,3,1.0,1.0 1.0 96.4300470565 22.75 0.888888888889 2.0 8.0
1.0 1.0 96.4300470565 22.75 0.888888888889 2.0 8.0,0,1.0,0.5 0.5 108.211574703 30.0 0.888888888889 2.5 8.0
0.5 0.5 108.211574703 30.0 0.888888888889 2.5 8.0,3,1.0,0.5 0.5 119.31516591 34.0 1.0 2.5 9.0
0.5 0.5 119.31516591 34.0 1.0 2.5 9.0,3,1.0,0.5 0.5 136.755931792 36.1111111111 1.0 2.5 9.0
0.5 0.5 136.755931792 36.1111111111 1.0 2.5 9.0,3,1.0,0.5 0.5 109.988433965 42.8888888889 1.0 2.5 9.0
0.5 0.5 109.988433965 42.8888888889 1.0 2.5 9.0,3,1.0,0.5 0.5 101.736040666 43.2222222222 1.0 2.5 9.0
0.5 0.5 101.736040666 43.2222222222 1.0 2.5 9.0,3,1.0,0.5 0.5 121.323631286 38.4444444444 1.0 2.5 9.0
0.5 0.5 121.323631286 38.4444444444 1.0 2.5 9.0,3,1.0,0.5 0.5 111.050172262 31.2222222222 1.0 2.5 9.0
0.5 0.5 111.050172262 31.2222222222 1.0 2.5 9.0,3,1.0,0.5 0.5 91.1423583982 28.7777777778 1.0 2.5 9.0
0.5 0.5 91.1423583982 28.7777777778 1.0 2.5 9.0,3,1.0,0.5 0.5 112.425841902 28.8888888889 1.0 2.5 9.0
0.5 0.5 112.425841902 28.8888888889 1.0 2.5 9.0,2,1.0,0.5 0.5 110.775808829 34.3333333333 1.0 2.5 9.0
0.5 0.5 110.775808829 34.3333333333 1.0 2.5 9.0,3,1.0,0.5 0.5 122.611755704 34.8888888889 1.0 2.5 9.0
0.5 0.5 122.611755704 34.8888888889 1.0 2.5 9.0,3,1.0,0.5 0.5 98.3476351218 31.6666666667 1.0 2.5 9.0
0.0 0.0 250.0 150.0 0.0 4.0 5.0,1,-1.0,0.0 0.0 250.0 150.0 0.0 3.5 5.0
0.0 0.0 250.0 150.0 0.0 3.5 5.0,1,-1.0,0.0 0.0 250.0 150.0 0.0 3.0 5.0
0.0 0.0 250.0 150.0 0.0 3.0 5.0,1,1.0,0.5 0.5 87.8490320085 19.6 0.555555555556 2.5 5.0
0.5 0.5 87.8490320085 19.6 0.555555555556 2.5 5.0,3,1.0,0.5 0.5 125.081736506 39.3333333333 0.666666666667 2.5 6.0
0.5 0.5 125.081736506 39.3333333333 0.666666666667 2.5 6.0,3,1.0,0.5 0.5 110.226158911 20.7142857143 0.777777777778 2.5 7.0
0.5 0.5 110.226158911 20.7142857143 0.777777777778 2.5 7.0,3,1.0,0.5 0.5 98.8901307912 36.5 0.888888888889 2.5 8.0
0.5 0.5 98.8901307912 36.5 0.888888888889 2.5 8.0,3,1.0,0.5 0.5 113.801594824 33.5555555556 1.0 2.5 9.0
0.5 0.5 113.801594824 33.5555555556 1.0 2.5 9.0,3,1.0,0.5 0.5 114.048811885 33.8888888889 1.0 2.5 9.0
0.5 0.5 114.048811885 33.8888888889 1.0 2.5 9.0,3,1.0,0.5 0.5 125.126801715 33.8888888889 1.0 2.5 9.0
0.5 0.5 125.126801715 33.8888888889 1.0 2.5 9.0,3,1.0,0.5 0.5 116.885434568 36.4444444444 1.0 2.5 9.0
0.5 0.5 116.885434568 36.4444444444 1.0 2.5 9.0,3,1.0,0.5 0.5 116.586967655 40.5555555556 1.0 2.5 9.0
0.5 0.5 116.586967655 40.5555555556 1.0 2.5 9.0,3,1.0,0.5 0.5 109.056769092 31.0 1.0 2.5 9.0
0.5 0.5 109.056769092 31.0 1.0 2.5 9.0,3,1.0,0.5 0.5 116.118640079 41.6666666667 1.0 2.5 9.0
0.5 0.5 116.118640079 41.6666666667 1.0 2.5 9.0,3,1.0,0.5 0.5 103.61067123 30.4444444444 1.0 2.5 9.0
0.5 0.5 103.61067123 30.4444444444 1.0 2.5 9.0,3,1.0,0.5 0.5 125.805254597 41.3333333333 1.0 2.5 9.0
0.0 0.0 250.0 150.0 0.0 3.0 9.0,1,1.0,0.5 0.5 112.111528975 36.4444444444 1.0 2.5 9.0
0.5 0.5 112.111528975 36.4444444444 1.0 2.5 9.0,3,1.0,0.5 0.5 137.257218383 40.1111111111 1.0 2.5 9.0
0.5 0.5 137.257218383 40.1111111111 1.0 2.5 9.0,3,1.0,0.5 0.5 94.2313815776 32.7777777778 1.0 2.5 9.0
0.5 0.5 94.2313815776 32.7777777778 1.0 2.5 9.0,3,1.0,0.5 0.5 104.163082772 30.7777777778 1.0 2.5 9.0
0.5 0.5 104.163082772 30.7777777778 1.0 2.5 9.0,3,1.0,0.5 0.5 97.753010514 28.1111111111 1.0 2.5 9.0
0.5 0.5 97.753010514 28.1111111111 1.0 2.5 9.0,3,1.0,0.5 0.5 111.32822037 34.5555555556 1.0 2.5 9.0
0.5 0.5 111.32822037 34.5555555556 1.0 2.5 9.0,3,1.0,0.5 0.5 126.820329647 35.7777777778 1.0 2.5 9.0
0.5 0.5 126.820329647 35.7777777778 1.0 2.5 9.0,3,1.0,0.5 0.5 127.171102855 45.3333333333 1.0 2.5 9.0
0.5 0.5 127.171102855 45.3333333333 1.0 2.5 9.0,3,1.0,0.5 0.5 124.831750703 35.3333333333 1.0 2.5 9.0
0.5 0.5 124.831750703 35.3333333333 1.0 2.5 9.0,1,-1.0,1.0 1.0 91.8224500368 25.2222222222 1.0 2.0 9.0
1.0 1.0 91.8224500368 25.2222222222 1.0 2.0 9.0,0,1.0,0.5 0.5 115.856192153 34.5555555556 1.0 2.5 9.0
0.5 0.5 115.856192153 34.5555555556 1.0 2.5 9.0,3,1.0,0.5 0.5 120.102973365 40.1111111111 1.0 2.5 9.0
0.5 0.5 120.102973365 40.1111111111 1.0 2.5 9.0,3,1.0,0.5 0.5 115.329951032 34.2222222222 1.0 2.5 9.0
0.5 0.5 115.329951032 34.2222222222 1.0 2.5 9.0,3,1.0,0.5 0.5 137.361654629 43.1111111111 1.0 2.5 9.0
0.5 0.5 137.361654629 43.1111111111 1.0 2.5 9.0,3,1.0,0.5 0.5 135.43889982 43.2222222222 1.0 2.5 9.0
1.0 1.0 101.197268948 18.4285714286 0.777777777778 1.5 7.0,0,1.0,1.0 1.0 99.9822833133 19.4285714286 0.777777777778 2.0 7.0
1.0 1.0 99.9822833133 19.4285714286 0.777777777778 2.0 7.0,3,1.0,1.0 1.0 96.4300470565 23.25 0.888888888889 2.0 8.0
1.0 1.0 96.4300470565 23.25 0.888888888889 2.0 8.0,0,1.0,0.5 0.5 106.544804289 28.375 0.888888888889 2.5 8.0
0.5 0.5 106.544804289 28.375 0.888888888889 2.5 8.0,3,1.0,0.5 0.5 111.709523553 36.4444444444 1.0 2.5 9.0
0.5 0.5 111.709523553 36.4444444444 1.0 2.5 9.0,3,1.0,0.5 0.5 108.303862343 32.3333333333 1.0 2.5 9.0
0.5 0.5 108.303862343 32.3333333333 1.0 2.5 9.0,3,1.0,0.5 0.5 128.944432573 34.8888888889 1.0 2.5 9.0
0.5 0.5 128.944432573 34.8888888889 1.0 2.5 9.0,3,1.0,0.5 0.5 91.9330207341 26.7777777778 1.0 2.5 9.0
0.5 0.5 91.9330207341 26.7777777778 1.0 2.5 9.0,3,1.0,0.5 0.5 120.263712002 40.1111111111 1.0 2.5 9.0
0.5 0.5 120.263712002 40.1111111111 1.0 2.5 9.0,3,1.0,0.5 0.5 97.5389473245 31.1111111111 1.0 2.5 9.0
0.5 0.5 97.5389473245 31.1111111111 1.0 2.5 9.0,3,1.0,0.5 0.5 104.068109336 35.8888888889 1.0 2.5 9.0
0.5 0.5 104.068109336 35.8888888889 1.0 2.5 9.0,3,1.0,0.5 0.5 106.950911339 31.6666666667 1.0 2.5 9.0
0.5 0.5 106.950911339 31.6666666667 1.0 2.5 9.0,3,1.0,0.5 0.5 110.534299159 34.8888888889 1.0 2.5 9.0
0.5 0.5 110.534299159 34.8888888889 1.0 2.5 9.0,3,1.0,0.5 0.5 112.999158281 30.3333333333 1.0 2.5 9.0
0.5 0.5 112.999158281 30.3333333333 1.0 2.5 9.0,3,1.0,0.5 0.5 114.451977729 41.1111111111 1.0 2.5 9.0
0.5 0.5 114.451977729 41.1111111111 1.0 2.5 9.0,3,1.0,0.5 0.5 102.976944813 34.4444444444 1.0 2.5 9.0
1.0 1.0 91.6529647709 25.1111111111 1.0 0.5 9.0,0,1.0,1.0 1.0 90.7079759436 25.1111111111 1.0 1.0 9.0
1.0 1.0 90.7079759436 25.1111111111 1.0 1.0 9.0,0,1.0,1.0 1.0 91.6529647709 25.1111111111 1.0 1.5 9.0
1.0 1.0 91.6529647709 25.1111111111 1.0 1.5 9.0,0,1.0,1.0 1.0 90.7079759436 25.5555555556 1.0 2.0 9.0
1.0 1.0 90.7079759436 25.5555555556 1.0 2.0 9.0,0,1.0,0.5 0.5 112.055364257 25.7777777778 1.0 2.5 9.0
0.5 0.5 112.055364257 25.7777777778 1.0 2.5 9.0,3,1.0,0.5 0.5 118.394908595 34.4444444444 1.0 2.5 9.0
0.5 0.5 118.394908595 34.4444444444 1.0 2.5 9.0,2,1.0,0.5 0.5 115.427234727 34.8888888889 1.0 2.5 9.0
0.5 0.5 115.427234727 34.8888888889 1.0 2.5 9.0,3,1.0,0.5 0.5 124.293807043 43.8888888889 1.0 2.5 9.0
0.5 0.5 124.293807043 43.8888888889 1.0 2.5 9.0,3,1.0,0.5 0.5 115.65439745 38.2222222222 1.0 2.5 9.0
0.5 0.5 115.65439745 38.2222222222 1.0 2.5 9.0,3,1.0,0.5 0.5 102.122859018 32.7777777778 1.0 2.5 9.0
0.5 0.5 102.122859018 32.7777777778 1.0 2.5 9.0,3,1.0,0.5 0.5 86.1473351143 33.6666666667 1.0 2.5 9.0
0.5 0.5 86.1473351143 33.6666666667 1.0 2.5 9.0,3,1.0,0.5 0.5 111.679097573 30.6666666667 1.0 2.5 9.0
0.5 0.5 111.679097573 30.6666666667 1.0 2.5 9.0,3,1.0,0.5 0.5 106.504564792 30.2222222222 1.0 2.5 9.0
0.5 0.5 106.504564792 30.2222222222 1.0 2.5 9.0,3,1.0,0.5 0.5 108.161682489 36.7777777778 1.0 2.5 9.0
0.5 0.5 108.161682489 36.7777777778 1.0 2.5 9.0,3,1.0,0.5 0.5 105.417253825 35.8888888889 1.0 2.5 9.0
0.5 0.5 105.417253825 35.8888888889 1.0 2.5 9.0,3,1.0,0.5 0.5 93.0298818466 35.0 1.0 2.5 9.0
0.5 0.5 101.792821917 33.3333333333 1.0 2.5 9.0,3,1.0,0.5 0.5 109.961267983 36.7777777778 1.0 2.5 9.0
0.5 0.5 109.961267983 36.7777777778 1.0 2.5 9.0,3,1.0,0.5 0.5 113.375865789 33.8888888889 1.0 2.5 9.0
0.5 0.5 113.375865789 33.8888888889 1.0 2.5 9.0,3,1.0,0.5 0.5 107.363787076 38.4444444444 1.0 2.5 9.0
0.5 0.5 107.363787076 38.4444444444 1.0 2.5 9.0,3,1.0,0.5 0.5 103.448320596 25.3333333333 1.0 2.5 9.0
0.5 0.5 103.448320596 25.3333333333 1.0 2.5 9.0,2,1.0,0.5 0.5 128.160303319 33.7777777778 1.0 2.5 9.0
0.5 0.5 128.160303319 33.7777777778 1.0 2.5 9.0,3,1.0,0.5 0.5 99.9974005731 34.6666666667 1.0 2.5 9.0
0.5 0.5 99.9974005731 34.6666666667 1.0 2.5 9.0,3,1.0,0.5 0.5 113.115507045 37.6666666667 1.0 2.5 9.0
0.5 0.5 113.115507045 37.6666666667 1.0 2.5 9.0,3,1.0,0.5 0.5 119.766775914 33.5555555556 1.0 2.5 9.0
0.5 0.5 119.766775914 33.5555555556 1.0 2.5 9.0,3,1.0,0.5 0.5 106.704741913 30.7777777778 1.0 2.5 9.0
0.5 0.5 106.704741913 30.7777777778 1.0 2.5 9.0,3,1.0,0.5 0.5 125.435823966 35.7777777778 1.0 2.5 9.0
0.5 0.5 125.435823966 35.7777777778 1.0 2.5 9.0,3,1.0,0.5 0.5 115.135927277 42.7777777778 1.0 2.5 9.0
0.5 0.5 115.135927277 42.7777777778 1.0 2.5 9.0,3,1.0,0.5 0.5 119.000985301 35.0 1.0 2.5 9.0
0.5 0.5 119.000985301 35.0 1.0 2.5 9.0,3,1.0,0.5 0.5 120.213503078 34.4444444444 1.0 2.5 9.0
0.5 0.5 120.213503078 34.4444444444 1.0 2.5 9.0,3,1.0,0.5 0.5 115.759502808 32.3333333333 1.0 2.5 9.0
0.5 0.5 115.759502808 32.3333333333 1.0 2.5 9.0,2,1.0,0.5 0.5 106.564964061 36.3333333333 1.0 2.5 9.0
1.0 1.0 104.467833753 16.6 0.555555555556 0.5 5.0,0,1.0,1.0 1.0 85.8429786406 19.6 0.555555555556 1.0 5.0
1.0 1.0 85.8429786406 19.6 0.555555555556 1.0 5.0,3,1.0,1.0 1.0 92.8413858413 18.8333333333 0.666666666667 1.0 6.0
1.0 1.0 92.8413858413 18.8333333333 0.666666666667 1.0 6.0,0,1.0,1.0 1.0 94.5130969812 18.8333333333 0.666666666667 1.5 6.0
1.0 1.0 94.5130969812 18.8333333333 0.666666666667 1.5 6.0,0,1.0,1.0 1.0 94.2588690824 18.8333333333 0.666666666667 2.0 6.0
1.0 1.0 94.2588690824 18.8333333333 0.666666666667 2.0 6.0,3,1.0,1.0 1.0 99.9822833133 18.5714285714 0.777777777778 2.0 7.0
1.0 1.0 99.9822833133 18.5714285714 0.777777777778 2.0 7.0,0,1.0,0.5 0.5 106.28385244 21.7142857143 0.777777777778 2.5 7.0
0.5 0.5 106.28385244 21.7142857143 0.777777777778 2.5 7.0,3,1.0,0.5 0.5 120.511207876 33.5 0.888888888889 2.5 8.0
0.5 0.5 120.511207876 33.5 0.888888888889 2.5 8.0,3,1.0,0.5 0.5 99.5382565143 26.2222222222 1.0 2.5 9.0
0.5 0.5 99.5382565143 26.2222222222 1.0 2.5 9.0,3,1.0,0.5 0.5 112.515295005 28.7777777778 1.0 2.5 9.0
0.5 0.5 112.515295005 28.7777777778 1.0 2.5 9.0,3,1.0,0.5 0.5 129.046759911 34.8888888889 1.0 2.5 9.0
0.5 0.5 129.046759911 34.8888888889 1.0 2.5 9.0,3,1.0,0.5 0.5 129.799735817 37.1111111111 1.0 2.5 9.0
0.5 0.5 129.799735817 37.1111111111 1.0 2.5 9.0,3,1.0,0.5 0.5 103.623938361 36.2222222222 1.0 2.5 9.0
0.5 0.5 103.623938361 36.2222222222 1.0 2.5 9.0,3,1.0,0.5 0.5 105.272482239 32.7777777778 1.0 2.5 9.0
0.5 0.5 105.272482239 32.7777777778 1.0 2.5 9.0,3,1.0,0.5 0.5 102.956275153 32.5555555556 1.0 2.5 9.0
0.5 0.5 102.956275153 32.5555555556 1.0 2.5 9.0,3,1.0,0.5 0.5 116.420561034 31.2222222222 1.0 2.5 9.0
0.0 0.0 250.0 150.0 0.0 4.0 9.0,1,-1.0,0.0 0.0 250.0 150.0 0.0 3.5 9.0
0.0 0.0 250.0 150.0 0.0 3.5 9.0,1,-1.0,0.0 0.0 250.0 150.0 0.0 3.0 9.0
0.0 0.0 250.0 150.0 0.0 3.0 9.0,1,1.0,0.5 0.5 97.6431713488 31.3333333333 1.0 2.5 9.0
0.5 0.5 97.6431713488 31.3333333333 1.0 2.5 9.0,3,1.0,0.5 0.5 106.95663977 30.5555555556 1.0 2.5 9.0
0.5 0.5 106.95663977 30.5555555556 1.0 2.5 9.0,3,1.0,0.5 0.5 111.349060472 32.6666666667 1.0 2.5 9.0
0.5 0.5 111.349060472 32.6666666667 1.0 2.5 9.0,3,1.0,0.5 0.5 130.159899571 39.2222222222 1.0 2.5 9.0
0.5 0.5 130.159899571 39.2222222222 1.0 2.5 9.0,2,1.0,0.5 0.5 112.052163827 34.5555555556 1.0 2.5 9.0
0.5 0.5 112.052163827 34.5555555556 1.0 2.5 9.0,3,1.0,0.5 0.5 115.449833833 45.1111111111 1.0 2.5 9.0
0.5 0.5 115.449833833 45.1111111111 1.0 2.5 9.0,3,1.0,0.5 0.5 109.587990981 30.2222222222 1.0 2.5 9.0
0.5 0.5 109.587990981 30.2222222222 1.0 2.5 9.0,3,1.0,0.5 0.5 94.9189736941 32.2222222222 1.0 2.5 9.0
0.5 0.5 94.9189736941 32.2222222222 1.0 2.5 9.0,3,1.0,0.5 0.5 83.256560559 27.6666666667 1.0 2.5 9.0
0.5 0.5 83.256560559 27.6666666667 1.0 2.5 9.0,3,1.0,0.5 0.5 107.228691905 30.1111111111 1.0 2.5 9.0
0.5 0.5 107.228691905 30.1111111111 1.0 2.5 9.0,3,1.0,0.5 0.5 120.045740479 35.5555555556 1.0 2.5 9.0
0.5 0.5 120.045740479 35.5555555556 1.0 2.5 9.0,3,1.0,0.5 0.5 103.537164834 28.6666666667 1.0 2.5 9.0
0.5 0.5 103.537164834 28.6666666667 1.0 2.5 9.0,3,1.0,0.5 0.5 103.125193463 36.3333333333 1.0 2.5 9.0
1.0 1.0 99.9822833133 19.0 0.777777777778 1.0 7.0,0,1.0,1.0 1.0 99.9822833133 18.4285714286 0.777777777778 1.5 7.0
1.0 1.0 99.9822833133 18.4285714286 0.777777777778 1.5 7.0,0,1.0,1.0 1.0 100.40559476 18.8571428571 0.777777777778 2.0 7.0
1.0 1.0 100.40559476 18.8571428571 0.777777777778 2.0 7.0,0,1.0,0.5 0.5 109.672486963 28.4285714286 0.777777777778 2.5 7.0
0.5 0.5 109.672486963 28.4285714286 0.777777777778 2.5 7.0,3,1.0,0.5 0.5 120.068457209 26.0 0.888888888889 2.5 8.0
0.5 0.5 120.068457209 26.0 0.888888888889 2.5 8.0,3,1.0,0.5 0.5 117.497145795 36.2222222222 1.0 2.5 9.0
0.5 0.5 117.497145795 36.2222222222 1.0 2.5 9.0,3,1.0,0.5 0.5 115.728276167 29.3333333333 1.0 2.5 9.0
0.5 0.5 115.728276167 29.3333333333 1.0 2.5 9.0,3,1.0,0.5 0.5 122.165488031 36.2222222222 1.0 2.5 9.0
0.5 0.5 122.165488031 36.2222222222 1.0 2.5 9.0,3,1.0,0.5 0.5 99.5872128351 33.2222222222 1.0 2.5 9.0
0.5 0.5 99.5872128351 33.2222222222 1.0 2.5 9.0,3,1.0,0.5 0.5 120.23776583 34.8888888889 1.0 2.5 9.0
0.5 0.5 120.23776583 34.8888888889 1.0 2.5 9.0,3,1.0,0.5 0.5 139.981439065 33.0 1.0 2.5 9.0
0.5 0.5 139.981439065 33.0 1.0 2.5 9.0,3,1.0,0.5 0.5 122.278913179 36.4444444444 1.0 2.5 9.0
0.5 0.5 122.278913179 36.4444444444 1.0 2.5 9.0,3,1.0,0.5 0.5 118.375971404 35.3333333333 1.0 2.5 9.0
0.5 0.5 118.375971404 35.3333333333 1.0 2.5 9.0,2,1.0,0.5 0.5 79.3683931136 30.6666666667 1.0 2.5 9.0
0.5 0.5 79.3683931136 30.6666666667 1.0 2.5 9.0,3,1.0,0.5 0.5 99.4233472111 35.6666666667 1.0 2.5 9.0
0.5 0.5 99.4233472111 35.6666666667 1.0 2.5 9.0,3,1.0,0.5 0.5 109.319737924 40.4444444444 1.0 2.5 9.0
0.0 0.0 250.0 150.0 0.0 3.0 9.0,1,1.0,0.5 0.5 110.15638209 36.4444444444 1.0 2.5 9.0
0.5 0.5 110.15638209 36.4444444444 1.0 2.5 9.0,2,1.0,0.5 0.5 117.140784111 35.2222222222 1.0 2.5 9.0
0.5 0.5 117.140784111 35.2222222222 1.0 2.5 9.0,3,1.0,0.5 0.5 120.673150675 37.6666666667 1.0 2.5 9.0
0.5 0.5 120.673150675 37.6666666667 1.0 2.5 9.0,3,1.0,0.5 0.5 114.95174946 37.8888888889 1.0 2.5 9.0
0.5 0.5 114.95174946 37.8888888889 1.0 2.5 9.0,2,1.0,0.5 0.5 110.685917218 31.2222222222 1.0 2.5 9.0
0.5 0.5 110.685917218 31.2222222222 1.0 2.5 9.0,3,1.0,0.5 0.5 109.361650635 32.7777777778 1.0 2.5 9.0
0.5 0.5 109.361650635 32.7777777778 1.0 2.5 9.0,3,1.0,0.5 0.5 128.7639441 41.6666666667 1.0 2.5 9.0
0.5 0.5 128.7639441 41.6666666667 1.0 2.5 9.0,3,1.0,0.5 0.5 126.288839697 36.3333333333 1.0 2.5 9.0
0.5 0.5 126.288839697 36.3333333333 1.0 2.5 9.0,2,1.0,0.5 0.5 132.394320896 36.2222222222 1.0 2.5 9.0
0.5 0.5 132.394320896 36.2222222222 1.0 2.5 9.0,2,1.0,0.5 0.5 111.262127438 29.6666666667 1.0 2.5 9.0
0.5 0.5 111.262127438 29.6666666667 1.0 2.5 9.0,3,1.0,0.5 0.5 112.300744037 41.6666666667 1.0 2.5 9.0
0.5 0.5 112.300744037 41.6666666667 1.0 2.5 9.0,3,1.0,0.5 0.5 130.68639484 38.7777777778 1.0 2.5 9.0
0.5 0.5 130.68639484 38.7777777778 1.0 2.5 9.0,2,1.0,0.5 0.5 107.984563129 28.2222222222 1.0 2.5 9.0
0.5 0.5 107.984563129 28.2222222222 1.0 2.5 9.0,3,1.0,0.5 0.5 109.668801065 30.7777777778 1.0 2.5 9.0
0.5 0.5 109.668801065 30.7777777778 1.0 2.5 9.0,3,1.0,0.5 0.5 111.422720075 35.2222222222 1.0 2.5 9.0
0.5 0.5 112.089392119 30.1111111111 1.0 2.5 9.0,3,1.0,0.5 0.5 104.36210964 28.8888888889 1.0 2.5 9.0
0.5 0.5 104.36210964 28.8888888889 1.0 2.5 9.0,3,1.0,0.5 0.5 116.069657473 35.0 1.0 2.5 9.0
0.5 0.5 116.069657473 35.0 1.0 2.5 9.0,3,1.0,0.5 0.5 97.5498159101 38.0 1.0 2.5 9.0
0.5 0.5 97.5498159101 38.0 1.0 2.5 9.0,2,1.0,0.5 0.5 120.530454001 34.1111111111 1.0 2.5 9.0
0.5 0.5 120.530454001 34.1111111111 1.0 2.5 9.0,3,1.0,0.5 0.5 102.823644877 34.8888888889 1.0 2.5 9.0
0.5 0.5 102.823644877 34.8888888889 1.0 2.5 9.0,3,1.0,0.5 0.5 108.174949348 29.8888888889 1.0 2.5 9.0
0.5 0.5 108.174949348 29.8888888889 1.0 2.5 9.0,3,1.0,0.5 0.5 119.527134171 34.3333333333 1.0 2.5 9.0
0.5 0.5 119.527134171 34.3333333333 1.0 2.5 9.0,3,1.0,0.5 0.5 117.651442412 35.2222222222 1.0 2.5 9.0
0.5 0.5 117.651442412 35.2222222222 1.0 2.5 9.0,3,1.0,0.5 0.5 90.8619939439 32.7777777778 1.0 2.5 9.0
0.5 0.5 90.8619939439 32.7777777778 1.0 2.5 9.0,3,1.0,0.5 0.5 125.444022983 36.4444444444 1.0 2.5 9.0
0.5 0.5 125.444022983 36.4444444444 1.0 2.5 9.0,3,1.0,0.5 0.5 86.996379958 29.1111111111 1.0 2.5 9.0
0.5 0.5 86.996379958 29.1111111111 1.0 2.5 9.0,3,1.0,0.5 0.5 109.619487778 32.2222222222 1.0 2.5 9.0
0.5 0.5 109.619487778 32.2222222222 1.0 2.5 9.0,3,1.0,0.5 0.5 101.756328111 29.6666666667 1.0 2.5 9.0
0.5 0.5 101.756328111 29.6666666667 1.0 2.5 9.0,3,1.0,0.5 0.5 124.277452525 42.4444444444 1.0 2.5 9.0
0.5 0.5 124.277452525 42.4444444444 1.0 2.5 9.0,3,1.0,0.5 0.5 106.503426865 30.5555555556 1.0 2.5 9.0
1.0 1.0 92.8413858413 18.8333333333 0.666666666667 0.5 6.0,0,1.0,1.0 1.0 92.8413858413 18.8333333333 0.666666666667 1.0 6.0
1.0 1.0 92.8413858413 18.8333333333 0.666666666667 1.0 6.0,0,1.0,1.0 1.0 94.2588690824 19.0 0.666666666667 1.5 6.0
1.0 1.0 94.2588690824 19.0 0.666666666667 1.5 6.0,3,1.0,1.0 1.0 99.9822833133 18.4285714286 0.777777777778 1.5 7.0
1.0 1.0 99.9822833133 18.4285714286 0.777777777778 1.5 7.0,0,1.0,1.0 1.0 99.9822833133 19.0 0.777777777778 2.0 7.0
1.0 1.0 99.9822833133 19.0 0.777777777778 2.0 7.0,0,1.0,0.5 0.5 137.757610708 42.2857142857 0.777777777778 2.5 7.0
0.5 0.5 137.757610708 42.2857142857 0.777777777778 2.5 7.0,3,1.0,0.5 0.5 101.037653236 30.25 0.888888888889 2.5 8.0
0.5 0.5 101.037653236 30.25 0.888888888889 2.5 8.0,3,1.0,0.5 0.5 107.916083855 42.6666666667 1.0 2.5 9.0
0.5 0.5 107.916083855 42.6666666667 1.0 2.5 9.0,3,1.0,0.5 0.5 111.482300254 32.3333333333 1.0 2.5 9.0
0.5 0.5 111.482300254 32.3333333333 1.0 2.5 9.0,3,1.0,0.5 0.5 115.210356897 33.8888888889 1.0 2.5 9.0
0.5 0.5 115.210356897 33.8888888889 1.0 2.5 9.0,2,1.0,0.5 0.5 97.7969432424 33.1111111111 1.0 2.5 9.0
0.5 0.5 97.7969432424 33.1111111111 1.0 2.5 9.0,3,1.0,0.5 0.5 124.440047697 32.3333333333 1.0 2.5 9.0
0.5 0.5 124.440047697 32.3333333333 1.0 2.5 9.0,3,1.0,0.5 0.5 122.014668777 41.4444444444 1.0 2.5 9.0
0.5 0.5 122.014668777 41.4444444444 1.0 2.5 9.0,3,1.0,0.5 0.5 112.398516885 37.5555555556 1.0 2.5 9.0
0.5 0.5 112.398516885 37.5555555556 1.0 2.5 9.0,3,1.0,0.5 0.5 122.406289559 33.4444444444 1.0 2.5 9.0
0.5 0.5 122.406289559 33.4444444444 1.0 2.5 9.0,2,1.0,0.5 0.5 103.060249288 36.4444444444 1.0 2.5 9.0
0.5 0.5 126.242910762 40.875 0.888888888889 2.5 8.0,3,1.0,0.5 0.5 97.4025708548 41.2222222222 1.0 2.5 9.0
0.5 0.5 97.4025708548 41.2222222222 1.0 2.5 9.0,3,1.0,0.5 0.5 109.980247259 29.6666666667 1.0 2.5 9.0
0.5 0.5 109.980247259 29.6666666667 1.0 2.5 9.0,3,1.0,0.5 0.5 122.105315726 35.8888888889 1.0 2.5 9.0
0.5 0.5 122.105315726 35.8888888889 1.0 2.5 9.0,3,1.0,0.5 0.5 109.026181798 30.5555555556 1.0 2.5 9.0
0.5 0.5 109.026181798 30.5555555556 1.0 2.5 9.0,3,1.0,0.5 0.5 108.680510402 34.5555555556 1.0 2.5 9.0
0.5 0.5 108.680510402 34.5555555556 1.0 2.5 9.0,3,1.0,0.5 0.5 107.578785361 36.4444444444 1.0 2.5 9.0
0.5 0.5 107.578785361 36.4444444444 1.0 2.5 9.0,3,1.0,0.5 0.5 118.519633647 36.4444444444 1.0 2.5 9.0
0.5 0.5 118.519633647 36.4444444444 1.0 2.5 9.0,3,1.0,0.5 0.5 104.53072838 35.3333333333 1.0 2.5 9.0
0.5 0.5 104.53072838 35.3333333333 1.0 2.5 9.0,3,1.0,0.5 0.5 111.648867384 35.2222222222 1.0 2.5 9.0
0.5 0.5 111.648867384 35.2222222222 1.0 2.5 9.0,3,1.0,0.5 0.5 126.390032944 40.5555555556 1.0 2.5 9.0
0.5 0.5 126.390032944 40.5555555556 1.0 2.5 9.0,3,1.0,0.5 0.5 132.985427279 42.1111111111 1.0 2.5 9.0
0.5 0.5 132.985427279 42.1111111111 1.0 2.5 9.0,3,1.0,0.5 0.5 91.3403625868 38.0 1.0 2.5 9.0
0.5 0.5 91.3403625868 38.0 1.0 2.5 9.0,3,1.0,0.5 0.5 109.047976576 35.4444444444 1.0 2.5 9.0
0.5 0.5 109.047976576 35.4444444444 1.0 2.5 9.0,3,1.0,0.5 0.5 106.913311213 30.0 1.0 2.5 9.0
0.5 0.5 106.913311213 30.0 1.0 2.5 9.0,2,1.0,0.5 0.5 118.105483942 38.5555555556 1.0 2.5 9.0
1.0 1.0 89.9227440867 25.2222222222 1.0 2.0 9.0,0,1.0,0.5 0.5 122.209936509 40.8888888889 1.0 2.5 9.0
0.5 0.5 122.209936509 40.8888888889 1.0 2.5 9.0,3,1.0,0.5 0.5 129.576726763 38.7777777778 1.0 2.5 9.0
0.5 0.5 129.576726763 38.7777777778 1.0 2.5 9.0,3,1.0,0.5 0.5 104.831903193 25.1111111111 1.0 2.5 9.0
0.5 0.5 104.831903193 25.1111111111 1.0 2.5 9.0,3,1.0,0.5 0.5 122.028710698 35.4444444444 1.0 2.5 9.0
0.5 0.5 122.028710698 35.4444444444 1.0 2.5 9.0,2,1.0,0.5 0.5 92.4681255696 27.5555555556 1.0 2.5 9.0
0.5 0.5 92.4681255696 27.5555555556 1.0 2.5 9.0,3,1.0,0.5 0.5 91.6265128922 33.4444444444 1.0 2.5 9.0
0.5 0.5 91.6265128922 33.4444444444 1.0 2.5 9.0,3,1.0,0.5 0.5 114.692337322 32.6666666667 1.0 2.5 9.0
0.5 0.5 114.692337322 32.6666666667 1.0 2.5 9.0,2,1.0,0.5 0.5 105.63803845 35.2222222222 1.0 2.5 9.0
0.5 0.5 105.63803845 35.2222222222 1.0 2.5 9.0,3,1.0,0.5 0.5 110.762410792 35.5555555556 1.0 2.5 9.0
0.5 0.5 110.762410792 35.5555555556 1.0 2.5 9.0,3,1.0,0.5 0.5 113.000159232 34.0 1.0 2.5 9.0
0.5 0.5 113.000159232 34.0 1.0 2.5 9.0,2,1.0,0.5 0.5 113.611501853 34.6666666667 1.0 2.5 9.0
0.5 0.5 113.611501853 34.6666666667 1.0 2.5 9.0,3,1.0,0.5 0.5 106.451450685 30.7777777778 1.0 2.5 9.0
0.5 0.5 106.451450685 30.7777777778 1.0 2.5 9.0,3,1.0,0.5 0.5 101.310554413 37.8888888889 1.0 2.5 9.0
0.5 0.5 101.310554413 37.8888888889 1.0 2.5 9.0,3,1.0,0.5 0.5 107.350836712 36.4444444444 1.0 2.5 9.0
0.5 0.5 107.350836712 36.4444444444 1.0 2.5 9.0,3,1.0,0.5 0.5 122.500932459 34.5555555556 1.0 2.5 9.0
0.0 0.0 250.0 150.0 0.0 4.0 9.0,1,-1.0,0.0 0.0 250.0 150.0 0.0 3.5 9.0
0.0 0.0 250.0 150.0 0.0 3.5 9.0,1,-1.0,0.0 0.0 250.0 150.0 0.0 3.0 9.0
0.0 0.0 250.0 150.0 0.0 3.0 9.0,1,1.0,0.5 0.5 125.797051046 35.2222222222 1.0 2.5 9.0
0.5 0.5 125.797051046 35.2222222222 1.0 2.5 9.0,3,1.0,0.5 0.5 93.9924151436 34.3333333333 1.0 2.5 9.0
0.5 0.5 93.9924151436 34.3333333333 1.0 2.5 9.0,3,1.0,0.5 0.5 84.9496255342 27.0 1.0 2.5 9.0
0.5 0.5 84.9496255342 27.0 1.0 2.5 9.0,2,1.0,0.5 0.5 113.188617853 41.7777777778 1.0 2.5 9.0
0.5 0.5 113.188617853 41.7777777778 1.0 2.5 9.0,3,1.0,0.5 0.5 103.508686695 31.6666666667 1.0 2.5 9.0
0.5 0.5 103.508686695 31.6666666667 1.0 2.5 9.0,3,1.0,0.5 0.5 116.196666399 34.5555555556 1.0 2.5 9.0
0.5 0.5 116.196666399 34.5555555556 1.0 2.5 9.0,3,1.0,0.5 0.5 106.180277562 31.2222222222 1.0 2.5 9.0
0.5 0.5 106.180277562 31.2222222222 1.0 2.5 9.0,3,1.0,0.5 0.5 110.403415298 31.1111111111 1.0 2.5 9.0
0.5 0.5 110.403415298 31.1111111111 1.0 2.5 9.0,3,1.0,0.5 0.5 123.675035669 37.1111111111 1.0 2.5 9.0
0.5 0.5 123.675035669 37.1111111111 1.0 2.5 9.0,2,1.0,0.5 0.5 125.002428682 33.8888888889 1.0 2.5 9.0
0.5 0.5 125.002428682 33.8888888889 1.0 2.5 9.0,3,1.0,0.5 0.5 115.161730694 35.3333333333 1.0 2.5 9.0
0.5 0.5 115.161730694 35.3333333333 1.0 2.5 9.0,3,1.0,0.5 0.5 111.939562991 33.7777777778 1.0 2.5 9.0
0.5 0.5 111.939562991 33.7777777778 1.0 2.5 9.0,2,1.0,0.5 0.5 108.552274873 28.8888888889 1.0 2.5 9.0
0.0 0.0 250.0 150.0 0.0 4.0 9.0,1,-1.0,0.0 0.0 250.0 150.0 0.0 3.5 9.0
0.0 0.0 250.0 150.0 0.0 3.5 9.0,1,-1.0,0.0 0.0 250.0 150.0 0.0 3.0 9.0
0.0 0.0 250.0 150.0 0.0 3.0 9.0,1,1.0,0.5 0.5 95.4064766503 31.8888888889 1.0 2.5 9.0
0.5 0.5 95.4064766503 31.8888888889 1.0 2.5 9.0,3,1.0,0.5 0.5 126.920001518 45.4444444444 1.0 2.5 9.0
0.5 0.5 126.920001518 45.4444444444 1.0 2.5 9.0,3,1.0,0.5 0.5 130.077017146 38.3333333333 1.0 2.5 9.0
0.5 0.5 130.077017146 38.3333333333 1.0 2.5 9.0,3,1.0,0.5 0.5 119.36144949 39.4444444444 1.0 2.5 9.0
0.5 0.5 119.36144949 39.4444444444 1.0 2.5 9.0,2,1.0,0.5 0.5 99.0012162634 27.0 1.0 2.5 9.0
0.5 0.5 99.0012162634 27.0 1.0 2.5 9.0,2,1.0,0.5 0.5 106.253767646 36.0 1.0 2.5 9.0
0.5 0.5 106.253767646 36.0 1.0 2.5 9.0,3,1.0,0.5 0.5 112.374509959 36.2222222222 1.0 2.5 9.0
0.5 0.5 112.374509959 36.2222222222 1.0 2.5 9.0,3,1.0,0.5 0.5 126.678977925 37.2222222222 1.0 2.5 9.0
0.5 0.5 126.678977925 37.2222222222 1.0 2.5 9.0,3,1.0,0.5 0.5 109.267648831 28.5555555556 1.0 2.5 9.0
0.5 0.5 109.267648831 28.5555555556 1.0 2.5 9.0,3,1.0,0.5 0.5 109.140087849 35.2222222222 1.0 2.5 9.0
0.5 0.5 109.140087849 35.2222222222 1.0 2.5 9.0,3,1.0,0.5 0.5 104.937453807 32.5555555556 1.0 2.5 9.0
0.5 0.5 104.937453807 32.5555555556 1.0 2.5 9.0,3,1.0,0.5 0.5 115.37085265 33.8888888889 1.0 2.5 9.0
0.5 0.5 115.37085265 33.8888888889 1.0 2.5 9.0,3,1.0,0.5 0.5 113.157521269 41.2222222222 1.0 2.5 9.0
0.0 0.0 250.0 150.0 0.0 3.5 7.0,1,-1.0,0.0 0.0 250.0 150.0 0.0 3.0 7.0
0.0 0.0 250.0 150.0 0.0 3.0 7.0,1,1.0,0.5 0.5 106.645497389 33.4285714286 0.777777777778 2.5 7.0
0.5 0.5 106.645497389 33.4285714286 0.777777777778 2.5 7.0,3,1.0,0.5 0.5 127.120348379 35.0 0.888888888889 2.5 8.0
0.5 0.5 127.120348379 35.0 0.888888888889 2.5 8.0,3,1.0,0.5 0.5 118.519633647 35.1111111111 1.0 2.5 9.0
0.5 0.5 118.519633647 35.1111111111 1.0 2.5 9.0,3,1.0,0.5 0.5 120.141506816 29.4444444444 1.0 2.5 9.0
0.5 0.5 120.141506816 29.4444444444 1.0 2.5 9.0,3,1.0,0.5 0.5 116.285809788 31.1111111111 1.0 2.5 9.0
0.5 0.5 116.285809788 31.1111111111 1.0 2.5 9.0,3,1.0,0.5 0.5 95.5434216011 38.0 1.0 2.5 9.0
0.5 0.5 95.5434216011 38.0 1.0 2.5 9.0,3,1.0,0.5 0.5 116.729101951 46.8888888889 1.0 2.5 9.0
0.5 0.5 116.729101951 46.8888888889 1.0 2.5 9.0,3,1.0,0.5 0.5 118.763729109 35.6666666667 1.0 2.5 9.0
0.5 0.5 118.763729109 35.6666666667 1.0 2.5 9.0,3,1.0,0.5 0.5 130.64627613 34.6666666667 1.0 2.5 9.0
0.5 0.5 130.64627613 34.6666666667 1.0 2.5 9.0,3,1.0,0.5 0.5 111.811691429 34.3333333333 1.0 2.5 9.0
0.5 0.5 111.811691429 34.3333333333 1.0 2.5 9.0,3,1.0,0.5 0.5 91.3607722363 34.3333333333 1.0 2.5 9.0
0.5 0.5 91.3607722363 34.3333333333 1.0 2.5 9.0,3,1.0,0.5 0.5 115.655937943 34.8888888889 1.0 2.5 9.0
0.5 0.5 115.655937943 34.8888888889 1.0 2.5 9.0,3,1.0,0.5 0.5 112.261139664 36.4444444444 1.0 2.5 9.0
0.5 0.5 112.261139664 36.4444444444 1.0 2.5 9.0,3,1.0,0.5 0.5 114.784300697 35.8888888889 1.0 2.5 9.0
1.0 1.0 90.7079759436 25.3333333333 1.0 2.0 9.0,0,1.0,0.5 0.5 135.911951299 32.3333333333 1.0 2.5 9.0
0.5 0.5 135.911951299 32.3333333333 1.0 2.5 9.0,3,1.0,0.5 0.5 106.523622497 31.4444444444 1.0 2.5 9.0
0.5 0.5 106.523622497 31.4444444444 1.0 2.5 9.0,3,1.0,0.5 0.5 117.276811445 31.2222222222 1.0 2.5 9.0
0.5 0.5 117.276811445 31.2222222222 1.0 2.5 9.0,3,1.0,0.5 0.5 111.4882775 34.0 1.0 2.5 9.0
0.5 0.5 111.4882775 34.0 1.0 2.5 9.0,2,1.0,0.5 0.5 118.434406893 36.4444444444 1.0 2.5 9.0
0.5 0.5 118.434406893 36.4444444444 1.0 2.5 9.0,3,1.0,0.5 0.5 128.511589159 38.5555555556 1.0 2.5 9.0
0.5 0.5 128.511589159 38.5555555556 1.0 2.5 9.0,3,1.0,0.5 0.5 101.846542922 35.3333333333 1.0 2.5 9.0
0.5 0.5 101.846542922 35.3333333333 1.0 2.5 9.0,3,1.0,0.5 0.5 96.7108268179 31.4444444444 1.0 2.5 9.0
0.5 0.5 96.7108268179 31.4444444444 1.0 2.5 9.0,3,1.0,0.5 0.5 120.151387942 38.4444444444 1.0 2.5 9.0
0.5 0.5 120.151387942 38.4444444444 1.0 2.5 9.0,3,1.0,0.5 0.5 97.0985138242 32.7777777778 1.0 2.5 9.0
0.5 0.5 97.0985138242 32.7777777778 1.0 2.5 9.0,3,1.0,0.5 0.5 103.80569697 29.3333333333 1.0 2.5 9.0
0.5 0.5 103.80569697 29.3333333333 1.0 2.5 9.0,3,1.0,0.5 0.5 122.086205831 40.4444444444 1.0 2.5 9.0
0.5 0.5 122.086205831 40.4444444444 1.0 2.5 9.0,3,1.0,0.5 0.5 123.70464756 35.4444444444 1.0 2.5 9.0
0.5 0.5 123.70464756 35.4444444444 1.0 2.5 9.0,3,1.0,0.5 0.5 106.676810197 32.0 1.0 2.5 9.0
0.5 0.5 106.676810197 32.0 1.0 2.5 9.0,3,1.0,0.5 0.5 82.0036054638 30.6666666667 1.0 2.5 9.0
0.5 0.5 116.380142145 33.8888888889 1.0 2.5 9.0,3,1.0,0.5 0.5 129.543127694 40.1111111111 1.0 2.5 9.0
0.5 0.5 129.543127694 40.1111111111 1.0 2.5 9.0,3,1.0,0.5 0.5 102.475396765 29.0 1.0 2.5 9.0
0.5 0.5 102.475396765 29.0 1.0 2.5 9.0,3,1.0,0.5 0.5 123.253918955 34.8888888889 1.0 2.5 9.0
0.5 0.5 123.253918955 34.8888888889 1.0 2.5 9.0,3,1.0,0.5 0.5 109.708516728 36.4444444444 1.0 2.5 9.0
0.5 0.5 109.708516728 36.4444444444 1.0 2.5 9.0,3,1.0,0.5 0.5 107.575232661 30.8888888889 1.0 2.5 9.0
0.5 0.5 107.575232661 30.8888888889 1.0 2.5 9.0,3,1.0,0.5 0.5 100.451862046 38.0 1.0 2.5 9.0
0.5 0.5 100.451862046 38.0 1.0 2.5 9.0,3,1.0,0.5 0.5 106.809555163 34.6666666667 1.0 2.5 9.0
0.5 0.5 106.809555163 34.6666666667 1.0 2.5 9.0,3,1.0,0.5 0.5 91.3216781133 27.3333333333 1.0 2.5 9.0
0.5 0.5 91.3216781133 27.3333333333 1.0 2.5 9.0,3,1.0,0.5 0.5 121.299279071 34.8888888889 1.0 2.5 9.0
0.5 0.5 121.299279071 34.8888888889 1.0 2.5 9.0,2,1.0,0.5 0.5 115.070270137 35.6666666667 1.0 2.5 9.0
0.5 0.5 115.070270137 35.6666666667 1.0 2.5 9.0,3,1.0,0.5 0.5 101.741266485 31.2222222222 1.0 2.5 9.0
0.5 0.5 101.741266485 31.2222222222 1.0 2.5 9.0,2,1.0,0.5 0.5 113.302849926 34.8888888889 1.0 2.5 9.0
0.5 0.5 113.302849926 34.8888888889 1.0 2.5 9.0,3,1.0,0.5 0.5 101.981936928 38.0 1.0 2.5 9.0
0.5 0.5 101.981936928 38.0 1.0 2.5 9.0,3,1.0,0.5 0.5 109.529023213 36.4444444444 1.0 2.5 9.0
0.5 0.5 109.529023213 36.4444444444 1.0 2.5 9.0,3,1.0,0.5 0.5 110.424997535 30.7777777778 1.0 2.5 9.0
0.0 0.0 250.0 150.0 0.0 4.0 9.0,1,-1.0,0.0 0.0 250.0 150.0 0.0 3.5 9.0
0.0 0.0 250.0 150.0 0.0 3.5 9.0,1,-1.0,0.0 0.0 250.0 150.0 0.0 3.0 9.0
0.0 0.0 250.0 150.0 0.0 3.0 9.0,1,1.0,0.5 0.5 118.170260856 36.1111111111 1.0 2.5 9.0
0.5 0.5 118.170260856 36.1111111111 1.0 2.5 9.0,3,1.0,0.5 0.5 94.9303338508 29.5555555556 1.0 2.5 9.0
0.5 0.5 94.9303338508 29.5555555556 1.0 2.5 9.0,3,1.0,0.5 0.5 124.896452729 35.5555555556 1.0 2.5 9.0
0.5 0.5 124.896452729 35.5555555556 1.0 2.5 9.0,3,1.0,0.5 0.5 116.317255989 30.4444444444 1.0 2.5 9.0
0.5 0.5 116.317255989 30.4444444444 1.0 2.5 9.0,2,1.0,0.5 0.5 109.750781214 34.4444444444 1.0 2.5 9.0
0.5 0.5 109.750781214 34.4444444444 1.0 2.5 9.0,3,1.0,0.5 0.5 119.963058494 36.4444444444 1.0 2.5 9.0
0.5 0.5 119.963058494 36.4444444444 1.0 2.5 9.0,2,1.0,0.5 0.5 116.150727092 36.4444444444 1.0 2.5 9.0
0.5 0.5 116.150727092 36.4444444444 1.0 2.5 9.0,3,1.0,0.5 0.5 97.5490033416 31.2222222222 1.0 2.5 9.0
0.5 0.5 97.5490033416 31.2222222222 1.0 2.5 9.0,3,1.0,0.5 0.5 124.25410085 34.2222222222 1.0 2.5 9.0
0.5 0.5 124.25410085 34.2222222222 1.0 2.5 9.0,3,1.0,0.5 0.5 122.46574187 34.1111111111 1.0 2.5 9.0
0.5 0.5 122.46574187 34.1111111111 1.0 2.5 9.0,2,1.0,0.5 0.5 103.333242347 37.3333333333 1.0 2.5 9.0
0.5 0.5 103.333242347 37.3333333333 1.0 2.5 9.0,3,1.0,0.5 0.5 97.5389473245 29.6666666667 1.0 2.5 9.0
0.5 0.5 97.5389473245 29.6666666667 1.0 2.5 9.0,2,1.0,0.5 0.5 111.094317503 32.7777777778 1.0 2.5 9.0
1.0 1.0 102.461780385 16.8 0.555555555556 0.5 5.0,0,1.0,1.0 1.0 85.8429786406 19.6 0.555555555556 1.0 5.0
1.0 1.0 85.8429786406 19.6 0.555555555556 1.0 5.0,3,1.0,1.0 1.0 94.2588690824 18.8333333333 0.666666666667 1.0 6.0
1.0 1.0 94.2588690824 18.8333333333 0.666666666667 1.0 6.0,0,1.0,1.0 1.0 92.8413858413 19.0 0.666666666667 1.5 6.0
1.0 1.0 92.8413858413 19.0 0.666666666667 1.5 6.0,0,1.0,1.0 1.0 92.8413858413 19.1666666667 0.666666666667 2.0 6.0
1.0 1.0 92.8413858413 19.1666666667 0.666666666667 2.0 6.0,3,1.0,1.0 1.0 98.9726994973 18.8571428571 0.777777777778 2.0 7.0
1.0 1.0 98.9726994973 18.8571428571 0.777777777778 2.0 7.0,3,1.0,1.0 1.0 96.4300470565 22.0 0.888888888889 2.0 8.0
1.0 1.0 96.4300470565 22.0 0.888888888889 2.0 8.0,0,1.0,0.5 0.5 119.11750721 28.0 0.888888888889 2.5 8.0
0.5 0.5 119.11750721 28.0 0.888888888889 2.5 8.0,3,1.0,0.5 0.5 106.639211257 32.7777777778 1.0 2.5 9.0
0.5 0.5 106.639211257 32.7777777778 1.0 2.5 9.0,3,1.0,0.5 0.5 127.391977718 35.2222222222 1.0 2.5 9.0
0.5 0.5 127.391977718 35.2222222222 1.0 2.5 9.0,3,1.0,0.5 0.5 113.449172373 36.4444444444 1.0 2.5 9.0
0.5 0.5 113.449172373 36.4444444444 1.0 2.5 9.0,3,1.0,0.5 0.5 112.683412211 43.1111111111 1.0 2.5 9.0
0.5 0.5 112.683412211 43.1111111111 1.0 2.5 9.0,3,1.0,0.5 0.5 118.446620049 34.8888888889 1.0 2.5 9.0
0.5 0.5 118.446620049 34.8888888889 1.0 2.5 9.0,3,1.0,0.5 0.5 115.224271949 41.5555555556 1.0 2.5 9.0
0.5 0.5 115.224271949 41.5555555556 1.0 2.5 9.0,3,1.0,0.5 0.5 106.443460048 31.0 1.0 2.5 9.0
0.5 0.5 106.443460048 31.0 1.0 2.5 9.0,3,1.0,0.5 0.5 115.720750747 36.1111111111 1.0 2.5 9.0
1.0 1.0 91.8224500368 25.0 1.0 1.5 9.0,0,1.0,1.0 1.0 90.7079759436 25.3333333333 1.0 2.0 9.0
1.0 1.0 90.7079759436 25.3333333333 1.0 2.0 9.0,0,1.0,0.5 0.5 117.606563422 33.5555555556 1.0 2.5 9.0
0.5 0.5 117.606563422 33.5555555556 1.0 2.5 9.0,3,1.0,0.5 0.5 97.2412358754 43.4444444444 1.0 2.5 9.0
0.5 0.5 97.2412358754 43.4444444444 1.0 2.5 9.0,2,1.0,0.5 0.5 93.1885113657 32.4444444444 1.0 2.5 9.0
0.5 0.5 93.1885113657 32.4444444444 1.0 2.5 9.0,3,1.0,0.5 0.5 122.891661054 37.6666666667 1.0 2.5 9.0
0.5 0.5 122.891661054 37.6666666667 1.0 2.5 9.0,3,1.0,0.5 0.5 100.163797711 31.6666666667 1.0 2.5 9.0
0.5 0.5 100.163797711 31.6666666667 1.0 2.5 9.0,3,1.0,0.5 0.5 104.954197033 30.3333333333 1.0 2.5 9.0
