1.0 1.0 70.8542314563 26.3846153846 1.0 0.5 13.0,2,1.0,1.0 1.0 70.8542314563 26.3846153846 1.0 0.5 13.0
1.0 1.0 70.8542314563 26.3846153846 1.0 0.5 13.0,2,1.0,1.0 1.0 70.8542314563 24.0 1.0 0.5 13.0
1.0 1.0 70.8542314563 24.0 1.0 0.5 13.0,2,1.0,1.0 1.0 70.8542314563 23.3076923077 1.0 0.5 13.0
1.0 1.0 70.8542314563 23.3076923077 1.0 0.5 13.0,3,1.0,1.0 1.0 69.7586835097 24.5384615385 1.0 0.5 13.0
1.0 1.0 69.7586835097 24.5384615385 1.0 0.5 13.0,4,-1.0,1.0 1.0 66.8506896828 20.1666666667 0.923076923077 0.5 12.0
1.0 1.0 66.8506896828 20.1666666667 0.923076923077 0.5 12.0,2,-1.0,1.0 1.0 68.0375332916 19.1666666667 0.923076923077 0.5 12.0
1.0 1.0 68.0375332916 19.1666666667 0.923076923077 0.5 12.0,3,1.0,1.0 1.0 70.8542314563 24.3846153846 1.0 0.5 13.0
1.0 1.0 70.8542314563 24.3846153846 1.0 0.5 13.0,2,1.0,1.0 1.0 69.7586835097 24.3846153846 1.0 0.5 13.0
1.0 1.0 69.7586835097 24.3846153846 1.0 0.5 13.0,2,1.0,1.0 1.0 70.8542314563 23.9230769231 1.0 0.5 13.0
1.0 1.0 70.8542314563 23.9230769231 1.0 0.5 13.0,1,1.0,1.0 1.0 69.7586835097 24.3076923077 1.0 0.5 13.0
1.0 1.0 69.7586835097 24.3076923077 1.0 0.5 13.0,1,1.0,1.0 1.0 70.8542314563 23.7692307692 1.0 0.5 13.0
1.0 1.0 70.8542314563 23.7692307692 1.0 0.5 13.0,4,-1.0,1.0 1.0 66.9590744381 20.3333333333 0.923076923077 0.5 12.0
1.0 1.0 66.9590744381 20.3333333333 0.923076923077 0.5 12.0,4,-1.0,1.0 1.0 57.3735971709 13.5454545455 0.846153846154 0.5 11.0
1.0 1.0 57.3735971709 13.5454545455 0.846153846154 0.5 11.0,4,-1.0,1.0 1.0 77.6216492369 17.1 0.769230769231 0.5 10.0
1.0 1.0 77.6216492369 17.1 0.769230769231 0.5 10.0,1,-1.0,1.0 1.0 77.6216492369 16.4 0.769230769231 0.5 10.0
1.0 1.0 68.2002846046 14.8571428571 0.538461538462 0.5 7.0,0,1.0,1.0 1.0 68.2002846046 15.8571428571 0.538461538462 1.0 7.0
1.0 1.0 68.2002846046 15.8571428571 0.538461538462 1.0 7.0,2,1.0,1.0 1.0 68.2002846046 15.5714285714 0.538461538462 1.0 7.0
1.0 1.0 68.2002846046 15.5714285714 0.538461538462 1.0 7.0,0,1.0,1.0 1.0 63.8809332512 7.28571428571 0.538461538462 1.5 7.0
1.0 1.0 63.8809332512 7.28571428571 0.538461538462 1.5 7.0,3,1.0,1.0 1.0 64.2391088883 15.875 0.615384615385 1.5 8.0
1.0 1.0 64.2391088883 15.875 0.615384615385 1.5 8.0,3,1.0,1.0 1.0 60.3292675294 15.8888888889 0.692307692308 1.5 9.0
1.0 1.0 60.3292675294 15.8888888889 0.692307692308 1.5 9.0,1,-1.0,1.0 1.0 80.8913183911 16.6666666667 0.692307692308 1.0 9.0
1.0 1.0 80.8913183911 16.6666666667 0.692307692308 1.0 9.0,4,-1.0,1.0 1.0 64.2391088883 15.875 0.615384615385 1.0 8.0
1.0 1.0 64.2391088883 15.875 0.615384615385 1.0 8.0,4,-1.0,1.0 1.0 68.2002846046 14.0 0.538461538462 1.0 7.0
1.0 1.0 68.2002846046 14.0 0.538461538462 1.0 7.0,3,1.0,1.0 1.0 59.0367649139 7.625 0.615384615385 1.0 8.0
1.0 1.0 59.0367649139 7.625 0.615384615385 1.0 8.0,3,1.0,1.0 1.0 57.1981937197 7.33333333333 0.692307692308 1.0 9.0
1.0 1.0 57.1981937197 7.33333333333 0.692307692308 1.0 9.0,2,-1.0,1.0 1.0 60.3292675294 16.1111111111 0.692307692308 1.0 9.0
1.0 1.0 60.3292675294 16.1111111111 0.692307692308 1.0 9.0,2,-1.0,1.0 1.0 81.1197400785 17.2222222222 0.692307692308 1.0 9.0
1.0 1.0 81.1197400785 17.2222222222 0.692307692308 1.0 9.0,4,-1.0,1.0 1.0 64.2391088883 16.25 0.615384615385 1.0 8.0
1.0 1.0 64.2391088883 16.25 0.615384615385 1.0 8.0,2,-1.0,1.0 1.0 60.5635566865 7.625 0.615384615385 1.0 8.0
1.0 1.0 60.5635566865 7.625 0.615384615385 1.0 8.0,2,-1.0,1.0 1.0 59.0367649139 7.5 0.615384615385 1.0 8.0
1.0 1.0 70.9386326146 21.1818181818 0.846153846154 1.0 11.0,2,-1.0,1.0 1.0 70.9386326146 21.5454545455 0.846153846154 1.0 11.0
1.0 1.0 70.9386326146 21.5454545455 0.846153846154 1.0 11.0,0,1.0,1.0 1.0 64.4911156084 20.9090909091 0.846153846154 1.5 11.0
1.0 1.0 64.4911156084 20.9090909091 0.846153846154 1.5 11.0,4,-1.0,1.0 1.0 59.1158034614 14.9 0.769230769231 1.5 10.0
1.0 1.0 59.1158034614 14.9 0.769230769231 1.5 10.0,4,-1.0,1.0 1.0 63.5019802528 15.3333333333 0.692307692308 1.5 9.0
1.0 1.0 63.5019802528 15.3333333333 0.692307692308 1.5 9.0,1,-1.0,1.0 1.0 63.5019802528 15.3333333333 0.692307692308 1.0 9.0
1.0 1.0 63.5019802528 15.3333333333 0.692307692308 1.0 9.0,0,1.0,1.0 1.0 57.1981937197 7.55555555556 0.692307692308 1.5 9.0
1.0 1.0 57.1981937197 7.55555555556 0.692307692308 1.5 9.0,4,-1.0,1.0 1.0 62.5625255175 15.5 0.615384615385 1.5 8.0
1.0 1.0 62.5625255175 15.5 0.615384615385 1.5 8.0,0,1.0,1.0 1.0 59.0367649139 7.5 0.615384615385 2.0 8.0
1.0 1.0 59.0367649139 7.5 0.615384615385 2.0 8.0,0,1.0,0.5 0.5 139.083676204 57.5 0.615384615385 2.5 8.0
0.5 0.5 139.083676204 57.5 0.615384615385 2.5 8.0,2,1.0,0.5 0.5 161.931697838 58.875 0.615384615385 2.5 8.0
0.5 0.5 161.931697838 58.875 0.615384615385 2.5 8.0,1,-1.0,1.0 1.0 62.5625255175 15.375 0.615384615385 2.0 8.0
1.0 1.0 62.5625255175 15.375 0.615384615385 2.0 8.0,2,-1.0,1.0 1.0 62.5625255175 15.25 0.615384615385 2.0 8.0
1.0 1.0 62.5625255175 15.25 0.615384615385 2.0 8.0,1,-1.0,1.0 1.0 59.0367649139 7.25 0.615384615385 1.5 8.0
1.0 1.0 59.0367649139 7.25 0.615384615385 1.5 8.0,1,-1.0,1.0 1.0 62.5625255175 15.875 0.615384615385 1.0 8.0
1.0 1.0 62.5625255175 15.875 0.615384615385 1.0 8.0,0,1.0,1.0 1.0 62.5625255175 15.0 0.615384615385 1.5 8.0
0.0 0.0 250.0 150.0 0.0 3.5 7.0,3,-1.0,0.0 0.0 250.0 150.0 0.0 3.5 8.0
0.0 0.0 250.0 150.0 0.0 3.5 8.0,4,-1.0,0.0 0.0 250.0 150.0 0.0 3.5 7.0
0.0 0.0 250.0 150.0 0.0 3.5 7.0,1,-1.0,0.0 0.0 250.0 150.0 0.0 3.0 7.0
0.0 0.0 250.0 150.0 0.0 3.0 7.0,1,1.0,0.5 0.5 72.2794866776 18.7142857143 0.538461538462 2.5 7.0
0.5 0.5 72.2794866776 18.7142857143 0.538461538462 2.5 7.0,1,-1.0,1.0 1.0 68.2002846046 15.4285714286 0.538461538462 2.0 7.0
1.0 1.0 68.2002846046 15.4285714286 0.538461538462 2.0 7.0,0,1.0,0.5 0.5 83.8891184864 37.8571428571 0.538461538462 2.5 7.0
0.5 0.5 83.8891184864 37.8571428571 0.538461538462 2.5 7.0,1,-1.0,1.0 1.0 68.2002846046 14.5714285714 0.538461538462 2.0 7.0
1.0 1.0 68.2002846046 14.5714285714 0.538461538462 2.0 7.0,3,1.0,1.0 1.0 64.2391088883 15.25 0.615384615385 2.0 8.0
1.0 1.0 64.2391088883 15.25 0.615384615385 2.0 8.0,1,-1.0,1.0 1.0 59.0367649139 7.75 0.615384615385 1.5 8.0
1.0 1.0 59.0367649139 7.75 0.615384615385 1.5 8.0,1,-1.0,1.0 1.0 59.0367649139 7.125 0.615384615385 1.0 8.0
1.0 1.0 59.0367649139 7.125 0.615384615385 1.0 8.0,4,-1.0,1.0 1.0 68.2002846046 14.4285714286 0.538461538462 1.0 7.0
1.0 1.0 68.2002846046 14.4285714286 0.538461538462 1.0 7.0,1,-1.0,1.0 1.0 63.8809332512 7.57142857143 0.538461538462 0.5 7.0
1.0 1.0 63.8809332512 7.57142857143 0.538461538462 0.5 7.0,3,1.0,1.0 1.0 59.0367649139 7.375 0.615384615385 0.5 8.0
1.0 1.0 59.0367649139 7.375 0.615384615385 0.5 8.0,3,1.0,1.0 1.0 80.8913183911 17.4444444444 0.692307692308 0.5 9.0
1.0 1.0 80.8913183911 17.4444444444 0.692307692308 0.5 9.0,1,-1.0,1.0 1.0 80.8913183911 17.0 0.692307692308 0.5 9.0
1.0 1.0 80.8913183911 17.6666666667 0.692307692308 1.0 9.0,2,-1.0,1.0 1.0 60.3292675294 16.0 0.692307692308 1.0 9.0
1.0 1.0 60.3292675294 16.0 0.692307692308 1.0 9.0,1,-1.0,1.0 1.0 60.3292675294 16.4444444444 0.692307692308 0.5 9.0
1.0 1.0 60.3292675294 16.4444444444 0.692307692308 0.5 9.0,3,1.0,1.0 1.0 61.9712449125 15.4 0.769230769231 0.5 10.0
1.0 1.0 61.9712449125 15.4 0.769230769231 0.5 10.0,2,-1.0,1.0 1.0 61.9712449125 15.7 0.769230769231 0.5 10.0
1.0 1.0 61.9712449125 15.7 0.769230769231 0.5 10.0,2,-1.0,1.0 1.0 61.9712449125 15.7 0.769230769231 0.5 10.0
1.0 1.0 61.9712449125 15.7 0.769230769231 0.5 10.0,4,-1.0,1.0 1.0 57.1981937197 7.55555555556 0.692307692308 0.5 9.0
1.0 1.0 57.1981937197 7.55555555556 0.692307692308 0.5 9.0,4,-1.0,1.0 1.0 62.5625255175 16.0 0.615384615385 0.5 8.0
1.0 1.0 62.5625255175 16.0 0.615384615385 0.5 8.0,4,-1.0,1.0 1.0 68.2002846046 14.5714285714 0.538461538462 0.5 7.0
1.0 1.0 68.2002846046 14.5714285714 0.538461538462 0.5 7.0,2,-1.0,1.0 1.0 78.1477905924 14.5714285714 0.538461538462 0.5 7.0
1.0 1.0 78.1477905924 14.5714285714 0.538461538462 0.5 7.0,3,1.0,1.0 1.0 64.2391088883 16.0 0.615384615385 0.5 8.0
1.0 1.0 64.2391088883 16.0 0.615384615385 0.5 8.0,0,1.0,1.0 1.0 64.2391088883 15.75 0.615384615385 1.0 8.0
1.0 1.0 64.2391088883 15.75 0.615384615385 1.0 8.0,4,-1.0,1.0 1.0 68.2002846046 14.8571428571 0.538461538462 1.0 7.0
1.0 1.0 68.2002846046 14.8571428571 0.538461538462 1.0 7.0,0,1.0,1.0 1.0 68.2002846046 14.8571428571 0.538461538462 1.5 7.0
1.0 1.0 68.2002846046 14.8571428571 0.538461538462 1.5 7.0,0,1.0,1.0 1.0 68.2002846046 14.0 0.538461538462 2.0 7.0
1.0 1.0 68.2002846046 14.0 0.538461538462 2.0 7.0,4,-1.0,1.0 1.0 75.4046237152 15.0 0.461538461538 2.0 6.0
0.0 0.0 250.0 150.0 0.0 3.5 3.0,0,-1.0,0.0 0.0 250.0 150.0 0.0 4.0 3.0
0.0 0.0 250.0 150.0 0.0 4.0 3.0,3,-1.0,0.0 0.0 250.0 150.0 0.0 4.0 4.0
0.0 0.0 250.0 150.0 0.0 4.0 4.0,1,-1.0,0.0 0.0 250.0 150.0 0.0 3.5 4.0
0.0 0.0 250.0 150.0 0.0 3.5 4.0,2,-1.0,0.0 0.0 250.0 150.0 0.0 3.5 4.0
0.0 0.0 250.0 150.0 0.0 3.5 4.0,0,-1.0,0.0 0.0 250.0 150.0 0.0 4.0 4.0
0.0 0.0 250.0 150.0 0.0 4.0 4.0,2,-1.0,0.0 0.0 250.0 150.0 0.0 4.0 4.0
0.0 0.0 250.0 150.0 0.0 4.0 4.0,0,-1.0,0.0 0.0 250.0 150.0 0.0 4.0 4.0
0.0 0.0 250.0 150.0 0.0 4.0 4.0,0,-1.0,0.0 0.0 250.0 150.0 0.0 4.0 4.0
0.0 0.0 250.0 150.0 0.0 4.0 4.0,0,-1.0,0.0 0.0 250.0 150.0 0.0 4.0 4.0
0.0 0.0 250.0 150.0 0.0 4.0 4.0,1,-1.0,0.0 0.0 250.0 150.0 0.0 3.5 4.0
0.0 0.0 250.0 150.0 0.0 3.5 4.0,4,-1.0,0.0 0.0 250.0 150.0 0.0 3.5 3.0
0.0 0.0 250.0 150.0 0.0 3.5 3.0,3,-1.0,0.0 0.0 250.0 150.0 0.0 3.5 4.0
0.0 0.0 250.0 150.0 0.0 3.5 4.0,2,-1.0,0.0 0.0 250.0 150.0 0.0 3.5 4.0
0.0 0.0 250.0 150.0 0.0 3.5 4.0,4,-1.0,0.0 0.0 250.0 150.0 0.0 3.5 3.0
0.0 0.0 250.0 150.0 0.0 3.5 3.0,3,-1.0,0.0 0.0 250.0 150.0 0.0 3.5 4.0
0.0 0.0 250.0 150.0 0.0 4.0 5.0,2,-1.0,0.0 0.0 250.0 150.0 0.0 4.0 5.0
0.0 0.0 250.0 150.0 0.0 4.0 5.0,0,-1.0,0.0 0.0 250.0 150.0 0.0 4.0 5.0
0.0 0.0 250.0 150.0 0.0 4.0 5.0,1,-1.0,0.0 0.0 250.0 150.0 0.0 3.5 5.0
0.0 0.0 250.0 150.0 0.0 3.5 5.0,3,-1.0,0.0 0.0 250.0 150.0 0.0 3.5 6.0
0.0 0.0 250.0 150.0 0.0 3.5 6.0,1,-1.0,0.0 0.0 250.0 150.0 0.0 3.0 6.0
0.0 0.0 250.0 150.0 0.0 3.0 6.0,2,-1.0,0.0 0.0 250.0 150.0 0.0 3.0 6.0
0.0 0.0 250.0 150.0 0.0 3.0 6.0,3,-1.0,0.0 0.0 250.0 150.0 0.0 3.0 7.0
0.0 0.0 250.0 150.0 0.0 3.0 7.0,1,1.0,0.5 0.5 85.4755920424 39.5714285714 0.538461538462 2.5 7.0
0.5 0.5 85.4755920424 39.5714285714 0.538461538462 2.5 7.0,0,-1.0,0.0 0.0 250.0 150.0 0.0 3.0 7.0
0.0 0.0 250.0 150.0 0.0 3.0 7.0,0,-1.0,0.0 0.0 250.0 150.0 0.0 3.5 7.0
0.0 0.0 250.0 150.0 0.0 3.5 7.0,2,-1.0,0.0 0.0 250.0 150.0 0.0 3.5 7.0
0.0 0.0 250.0 150.0 0.0 3.5 7.0,1,-1.0,0.0 0.0 250.0 150.0 0.0 3.0 7.0
0.0 0.0 250.0 150.0 0.0 3.0 7.0,1,1.0,0.5 0.5 106.837252384 37.8571428571 0.538461538462 2.5 7.0
0.5 0.5 106.837252384 37.8571428571 0.538461538462 2.5 7.0,1,-1.0,1.0 1.0 78.1477905924 17.7142857143 0.538461538462 2.0 7.0
1.0 1.0 78.1477905924 17.7142857143 0.538461538462 2.0 7.0,0,1.0,0.5 0.5 102.63813633 29.8571428571 0.538461538462 2.5 7.0
0.5 0.5 100.193270932 69.7272727273 0.846153846154 2.5 11.0,2,1.0,0.5 0.5 73.8572562839 28.0 0.846153846154 2.5 11.0
0.5 0.5 73.8572562839 28.0 0.846153846154 2.5 11.0,4,-1.0,0.5 0.5 73.1869732656 30.3 0.769230769231 2.5 10.0
0.5 0.5 73.1869732656 30.3 0.769230769231 2.5 10.0,1,-1.0,1.0 1.0 66.0790576528 14.7 0.769230769231 2.0 10.0
1.0 1.0 66.0790576528 14.7 0.769230769231 2.0 10.0,3,1.0,1.0 1.0 70.9386326146 19.9090909091 0.846153846154 2.0 11.0
1.0 1.0 70.9386326146 19.9090909091 0.846153846154 2.0 11.0,3,1.0,1.0 1.0 68.0375332916 18.25 0.923076923077 2.0 12.0
1.0 1.0 68.0375332916 18.25 0.923076923077 2.0 12.0,3,1.0,1.0 1.0 69.7586835097 25.1538461538 1.0 2.0 13.0
1.0 1.0 69.7586835097 25.1538461538 1.0 2.0 13.0,1,-1.0,1.0 1.0 63.8389149499 24.6153846154 1.0 1.5 13.0
1.0 1.0 63.8389149499 24.6153846154 1.0 1.5 13.0,4,-1.0,1.0 1.0 68.0375332916 19.75 0.923076923077 1.5 12.0
1.0 1.0 68.0375332916 19.75 0.923076923077 1.5 12.0,3,1.0,1.0 1.0 70.8542314563 24.3076923077 1.0 1.5 13.0
1.0 1.0 70.8542314563 24.3076923077 1.0 1.5 13.0,3,-1.0,1.0 1.0 70.8542314563 24.0 1.0 1.5 13.0
1.0 1.0 70.8542314563 24.0 1.0 1.5 13.0,3,-1.0,1.0 1.0 70.8542314563 23.6923076923 1.0 1.5 13.0
1.0 1.0 70.8542314563 23.6923076923 1.0 1.5 13.0,1,-1.0,1.0 1.0 69.7586835097 24.4615384615 1.0 1.0 13.0
1.0 1.0 69.7586835097 24.4615384615 1.0 1.0 13.0,3,-1.0,1.0 1.0 64.4661384655 23.9230769231 1.0 1.0 13.0
1.0 1.0 64.4661384655 23.9230769231 1.0 1.0 13.0,2,-1.0,1.0 1.0 70.8542314563 24.4615384615 1.0 1.0 13.0
1.0 1.0 70.8542314563 24.4615384615 1.0 1.0 13.0,2,-1.0,1.0 1.0 69.7586835097 24.3846153846 1.0 1.0 13.0
0.0 0.0 250.0 150.0 0.0 3.5 12.0,2,-1.0,0.0 0.0 250.0 150.0 0.0 3.5 12.0
0.0 0.0 250.0 150.0 0.0 3.5 12.0,1,-1.0,0.0 0.0 250.0 150.0 0.0 3.0 12.0
0.0 0.0 250.0 150.0 0.0 3.0 12.0,1,1.0,0.5 0.5 90.5216869504 57.3333333333 0.923076923077 2.5 12.0
0.5 0.5 90.5216869504 57.3333333333 0.923076923077 2.5 12.0,3,1.0,0.5 0.5 131.15297945 68.6923076923 1.0 2.5 13.0
0.5 0.5 131.15297945 68.6923076923 1.0 2.5 13.0,3,1.0,0.5 0.5 100.918826088 59.8461538462 1.0 2.5 13.0
0.5 0.5 100.918826088 59.8461538462 1.0 2.5 13.0,3,-1.0,0.5 0.5 110.510692767 104.0 0.923076923077 2.5 13.0
0.5 0.5 110.510692767 104.0 0.923076923077 2.5 13.0,4,-1.0,0.5 0.5 99.4230791095 66.3333333333 0.923076923077 2.5 12.0
0.5 0.5 99.4230791095 66.3333333333 0.923076923077 2.5 12.0,1,-1.0,1.0 1.0 68.0375332916 19.1666666667 0.923076923077 2.0 12.0
1.0 1.0 68.0375332916 19.1666666667 0.923076923077 2.0 12.0,3,1.0,1.0 1.0 64.4661384655 24.2307692308 1.0 2.0 13.0
1.0 1.0 64.4661384655 24.2307692308 1.0 2.0 13.0,2,-1.0,1.0 1.0 69.7586835097 24.6153846154 1.0 2.0 13.0
1.0 1.0 69.7586835097 24.6153846154 1.0 2.0 13.0,3,-1.0,1.0 1.0 70.8542314563 24.0769230769 1.0 2.0 13.0
1.0 1.0 70.8542314563 24.0769230769 1.0 2.0 13.0,2,-1.0,1.0 1.0 64.4661384655 23.6923076923 1.0 2.0 13.0
1.0 1.0 64.4661384655 23.6923076923 1.0 2.0 13.0,3,-1.0,1.0 1.0 70.8542314563 23.8461538462 1.0 2.0 13.0
1.0 1.0 70.8542314563 23.8461538462 1.0 2.0 13.0,3,-1.0,1.0 1.0 70.8542314563 24.1538461538 1.0 2.0 13.0
1.0 1.0 70.8542314563 24.1538461538 1.0 2.0 13.0,0,1.0,0.5 0.5 66.9618002795 34.7692307692 1.0 2.5 13.0
1.0 1.0 70.8542314563 24.1538461538 1.0 1.0 13.0,3,-1.0,1.0 1.0 70.8542314563 23.4615384615 1.0 1.0 13.0
1.0 1.0 70.8542314563 23.4615384615 1.0 1.0 13.0,0,1.0,1.0 1.0 70.8542314563 23.8461538462 1.0 1.5 13.0
1.0 1.0 70.8542314563 23.8461538462 1.0 1.5 13.0,3,-1.0,1.0 1.0 70.8542314563 24.0769230769 1.0 1.5 13.0
1.0 1.0 70.8542314563 24.0769230769 1.0 1.5 13.0,3,-1.0,1.0 1.0 70.8542314563 23.9230769231 1.0 1.5 13.0
1.0 1.0 70.8542314563 23.9230769231 1.0 1.5 13.0,3,-1.0,1.0 1.0 70.8542314563 23.7692307692 1.0 1.5 13.0
1.0 1.0 70.8542314563 23.7692307692 1.0 1.5 13.0,2,-1.0,1.0 1.0 64.4661384655 23.0 1.0 1.5 13.0
1.0 1.0 64.4661384655 23.0 1.0 1.5 13.0,2,-1.0,1.0 1.0 70.8542314563 23.6923076923 1.0 1.5 13.0
1.0 1.0 70.8542314563 23.6923076923 1.0 1.5 13.0,3,-1.0,1.0 1.0 63.8389149499 23.1538461538 1.0 1.5 13.0
1.0 1.0 63.8389149499 23.1538461538 1.0 1.5 13.0,2,-1.0,1.0 1.0 70.8542314563 24.3846153846 1.0 1.5 13.0
1.0 1.0 70.8542314563 24.3846153846 1.0 1.5 13.0,0,1.0,1.0 1.0 69.7586835097 24.3076923077 1.0 2.0 13.0
1.0 1.0 69.7586835097 24.3076923077 1.0 2.0 13.0,1,-1.0,1.0 1.0 69.7586835097 24.6923076923 1.0 1.5 13.0
1.0 1.0 69.7586835097 24.6923076923 1.0 1.5 13.0,0,1.0,1.0 1.0 69.7586835097 24.4615384615 1.0 2.0 13.0
1.0 1.0 69.7586835097 24.4615384615 1.0 2.0 13.0,1,-1.0,1.0 1.0 70.8542314563 23.9230769231 1.0 1.5 13.0
1.0 1.0 70.8542314563 23.9230769231 1.0 1.5 13.0,0,1.0,1.0 1.0 70.8542314563 24.0769230769 1.0 2.0 13.0
1.0 1.0 70.8542314563 24.0769230769 1.0 2.0 13.0,4,-1.0,1.0 1.0 66.8506896828 20.25 0.923076923077 2.0 12.0
0.5 0.5 102.00681413 42.6363636364 0.846153846154 2.5 11.0,1,-1.0,1.0 1.0 60.9042529495 21.2727272727 0.846153846154 2.0 11.0
1.0 1.0 60.9042529495 21.2727272727 0.846153846154 2.0 11.0,3,1.0,1.0 1.0 74.6694372888 26.4166666667 0.923076923077 2.0 12.0
1.0 1.0 74.6694372888 26.4166666667 0.923076923077 2.0 12.0,2,-1.0,1.0 1.0 67.806369666 27.25 0.923076923077 2.0 12.0
1.0 1.0 67.806369666 27.25 0.923076923077 2.0 12.0,3,1.0,1.0 1.0 72.6300551234 30.3846153846 1.0 2.0 13.0
1.0 1.0 72.6300551234 30.3846153846 1.0 2.0 13.0,0,1.0,0.5 0.5 90.1643142373 70.6153846154 1.0 2.5 13.0
0.5 0.5 90.1643142373 70.6153846154 1.0 2.5 13.0,1,-1.0,1.0 1.0 69.8587309762 24.5384615385 1.0 2.0 13.0
1.0 1.0 69.8587309762 24.5384615385 1.0 2.0 13.0,0,1.0,0.5 0.5 89.4010572109 42.0769230769 1.0 2.5 13.0
0.5 0.5 89.4010572109 42.0769230769 1.0 2.5 13.0,0,-1.0,0.0 0.0 250.0 150.0 0.0 3.0 13.0
0.0 0.0 250.0 150.0 0.0 3.0 13.0,1,1.0,0.5 0.5 88.7655025801 127.230769231 1.0 2.5 13.0
0.5 0.5 88.7655025801 127.230769231 1.0 2.5 13.0,1,-1.0,1.0 1.0 70.8542314563 24.3076923077 1.0 2.0 13.0
1.0 1.0 70.8542314563 24.3076923077 1.0 2.0 13.0,2,-1.0,1.0 1.0 69.7586835097 24.7692307692 1.0 2.0 13.0
1.0 1.0 69.7586835097 24.7692307692 1.0 2.0 13.0,3,-1.0,1.0 1.0 70.8542314563 23.7692307692 1.0 2.0 13.0
1.0 1.0 70.8542314563 23.7692307692 1.0 2.0 13.0,0,1.0,0.5 0.5 88.4627832353 65.8461538462 1.0 2.5 13.0
0.5 0.5 88.4627832353 65.8461538462 1.0 2.5 13.0,2,-1.0,0.5 0.5 91.4050290681 93.3333333333 0.923076923077 2.5 13.0
0.5 0.5 91.4050290681 93.3333333333 0.923076923077 2.5 13.0,1,-1.0,1.0 1.0 70.8542314563 25.0 1.0 2.0 13.0
1.0 1.0 77.8272287556 16.8 0.769230769231 1.0 10.0,0,1.0,1.0 1.0 77.6216492369 16.8 0.769230769231 1.5 10.0
1.0 1.0 77.6216492369 16.8 0.769230769231 1.5 10.0,0,1.0,1.0 1.0 77.6216492369 16.4 0.769230769231 2.0 10.0
1.0 1.0 77.6216492369 16.4 0.769230769231 2.0 10.0,0,1.0,0.5 0.5 117.454636429 64.0 0.769230769231 2.5 10.0
0.5 0.5 117.454636429 64.0 0.769230769231 2.5 10.0,2,-1.0,0.5 0.5 135.599376068 56.9 0.769230769231 2.5 10.0
0.5 0.5 135.599376068 56.9 0.769230769231 2.5 10.0,4,-1.0,0.5 0.5 83.7602313908 42.2222222222 0.692307692308 2.5 9.0
0.5 0.5 83.7602313908 42.2222222222 0.692307692308 2.5 9.0,1,-1.0,1.0 1.0 57.1981937197 7.55555555556 0.692307692308 2.0 9.0
1.0 1.0 57.1981937197 7.55555555556 0.692307692308 2.0 9.0,3,1.0,1.0 1.0 75.727740683 16.3 0.769230769231 2.0 10.0
1.0 1.0 75.727740683 16.3 0.769230769231 2.0 10.0,3,1.0,1.0 1.0 61.3943711293 21.7272727273 0.846153846154 2.0 11.0
1.0 1.0 61.3943711293 21.7272727273 0.846153846154 2.0 11.0,0,1.0,0.5 0.5 110.151907118 60.8181818182 0.846153846154 2.5 11.0
0.5 0.5 110.151907118 60.8181818182 0.846153846154 2.5 11.0,4,-1.0,0.5 0.5 85.6883466622 37.8 0.769230769231 2.5 10.0
0.5 0.5 85.6883466622 37.8 0.769230769231 2.5 10.0,2,-1.0,0.5 0.5 68.8167205018 22.9 0.769230769231 2.5 10.0
0.5 0.5 68.8167205018 22.9 0.769230769231 2.5 10.0,2,-1.0,0.5 0.5 131.531421246 48.9 0.769230769231 2.5 10.0
0.5 0.5 131.531421246 48.9 0.769230769231 2.5 10.0,1,-1.0,1.0 1.0 59.1158034614 15.9 0.769230769231 2.0 10.0
1.0 1.0 59.1158034614 15.9 0.769230769231 2.0 10.0,0,1.0,0.5 0.5 124.006677196 40.1 0.769230769231 2.5 10.0
0.5 0.5 124.006677196 40.1 0.769230769231 2.5 10.0,3,1.0,0.5 0.5 111.632484741 44.7272727273 0.846153846154 2.5 11.0
1.0 1.0 70.8542314563 23.2307692308 1.0 0.5 13.0,0,1.0,1.0 1.0 63.8389149499 24.1538461538 1.0 1.0 13.0
1.0 1.0 63.8389149499 24.1538461538 1.0 1.0 13.0,0,1.0,1.0 1.0 70.8542314563 23.4615384615 1.0 1.5 13.0
1.0 1.0 70.8542314563 23.4615384615 1.0 1.5 13.0,2,-1.0,1.0 1.0 69.7586835097 23.9230769231 1.0 1.5 13.0
1.0 1.0 69.7586835097 23.9230769231 1.0 1.5 13.0,0,1.0,1.0 1.0 69.7586835097 24.4615384615 1.0 2.0 13.0
1.0 1.0 69.7586835097 24.4615384615 1.0 2.0 13.0,0,1.0,0.5 0.5 107.098844475 52.1538461538 1.0 2.5 13.0
0.5 0.5 107.098844475 52.1538461538 1.0 2.5 13.0,0,-1.0,0.0 0.0 250.0 150.0 0.0 3.0 13.0
0.0 0.0 250.0 150.0 0.0 3.0 13.0,1,1.0,0.5 0.5 99.3261055556 93.6923076923 1.0 2.5 13.0
0.5 0.5 99.3261055556 93.6923076923 1.0 2.5 13.0,1,-1.0,1.0 1.0 70.8542314563 23.8461538462 1.0 2.0 13.0
1.0 1.0 70.8542314563 23.8461538462 1.0 2.0 13.0,0,1.0,0.5 0.5 111.292902685 78.4545454545 0.846153846154 2.5 13.0
0.5 0.5 111.292902685 78.4545454545 0.846153846154 2.5 13.0,3,1.0,0.5 0.5 112.723182058 57.8333333333 0.923076923077 2.5 13.0
0.5 0.5 112.723182058 57.8333333333 0.923076923077 2.5 13.0,3,1.0,0.5 0.5 90.3654439742 99.9230769231 1.0 2.5 13.0
0.5 0.5 90.3654439742 99.9230769231 1.0 2.5 13.0,1,-1.0,1.0 1.0 71.0123695476 24.4615384615 1.0 2.0 13.0
1.0 1.0 71.0123695476 24.4615384615 1.0 2.0 13.0,0,1.0,0.5 0.5 90.4689887303 53.9230769231 1.0 2.5 13.0
0.5 0.5 90.4689887303 53.9230769231 1.0 2.5 13.0,1,-1.0,1.0 1.0 70.8542314563 23.9230769231 1.0 2.0 13.0
1.0 1.0 70.8542314563 23.9230769231 1.0 2.0 13.0,0,1.0,0.5 0.5 95.4166477095 97.6153846154 1.0 2.5 13.0
1.0 1.0 70.8542314563 23.6153846154 1.0 1.5 13.0,0,1.0,1.0 1.0 70.8542314563 23.8461538462 1.0 2.0 13.0
1.0 1.0 70.8542314563 23.8461538462 1.0 2.0 13.0,0,1.0,0.5 0.5 97.3927985276 63.0769230769 1.0 2.5 13.0
0.5 0.5 97.3927985276 63.0769230769 1.0 2.5 13.0,1,-1.0,1.0 1.0 70.8542314563 23.5384615385 1.0 2.0 13.0
1.0 1.0 70.8542314563 23.5384615385 1.0 2.0 13.0,0,1.0,0.5 0.5 107.301188233 99.4615384615 1.0 2.5 13.0
0.5 0.5 107.301188233 99.4615384615 1.0 2.5 13.0,4,-1.0,0.5 0.5 109.01413415 62.0 0.923076923077 2.5 12.0
0.5 0.5 109.01413415 62.0 0.923076923077 2.5 12.0,3,1.0,0.5 0.5 84.1045515479 53.7692307692 1.0 2.5 13.0
0.5 0.5 84.1045515479 53.7692307692 1.0 2.5 13.0,2,1.0,0.5 0.5 102.783781701 90.4615384615 1.0 2.5 13.0
0.5 0.5 102.783781701 90.4615384615 1.0 2.5 13.0,4,-1.0,0.5 0.5 108.137504702 51.9166666667 0.923076923077 2.5 12.0
0.5 0.5 108.137504702 51.9166666667 0.923076923077 2.5 12.0,3,1.0,0.5 0.5 111.387320109 93.0 1.0 2.5 13.0
0.5 0.5 111.387320109 93.0 1.0 2.5 13.0,3,1.0,0.5 0.5 115.858029644 105.307692308 1.0 2.5 13.0
0.5 0.5 115.858029644 105.307692308 1.0 2.5 13.0,4,-1.0,0.5 0.5 98.8048562451 75.9166666667 0.923076923077 2.5 12.0
0.5 0.5 98.8048562451 75.9166666667 0.923076923077 2.5 12.0,3,-1.0,0.5 0.5 94.6661902247 80.5833333333 0.923076923077 2.5 13.0
0.5 0.5 94.6661902247 80.5833333333 0.923076923077 2.5 13.0,1,-1.0,1.0 1.0 79.3631333515 22.4615384615 1.0 2.0 13.0
1.0 1.0 79.3631333515 22.4615384615 1.0 2.0 13.0,0,1.0,0.5 0.5 87.1512376554 55.6923076923 1.0 2.5 13.0
0.5 0.5 87.1512376554 55.6923076923 1.0 2.5 13.0,3,1.0,0.5 0.5 85.5989024189 90.6153846154 1.0 2.5 13.0
1.0 1.0 64.4661384655 23.3846153846 1.0 1.5 13.0,0,1.0,1.0 1.0 69.7586835097 24.5384615385 1.0 2.0 13.0
1.0 1.0 69.7586835097 24.5384615385 1.0 2.0 13.0,0,1.0,0.5 0.5 85.9339137512 75.7692307692 1.0 2.5 13.0
0.5 0.5 85.9339137512 75.7692307692 1.0 2.5 13.0,3,-1.0,0.5 0.5 120.269926921 63.6666666667 0.923076923077 2.5 13.0
0.5 0.5 120.269926921 63.6666666667 0.923076923077 2.5 13.0,3,1.0,0.5 0.5 116.481526736 82.0 1.0 2.5 13.0
0.5 0.5 116.481526736 82.0 1.0 2.5 13.0,3,-1.0,0.5 0.5 98.2486479916 72.75 0.923076923077 2.5 13.0
0.5 0.5 98.2486479916 72.75 0.923076923077 2.5 13.0,3,1.0,0.5 0.5 91.2775133113 81.0 1.0 2.5 13.0
0.5 0.5 91.2775133113 81.0 1.0 2.5 13.0,3,1.0,0.5 0.5 94.6836496523 59.6153846154 1.0 2.5 13.0
0.5 0.5 94.6836496523 59.6153846154 1.0 2.5 13.0,0,-1.0,0.0 0.0 250.0 150.0 0.0 3.0 13.0
0.0 0.0 250.0 150.0 0.0 3.0 13.0,1,1.0,0.5 0.5 97.0833645298 116.538461538 1.0 2.5 13.0
0.5 0.5 97.0833645298 116.538461538 1.0 2.5 13.0,3,1.0,0.5 0.5 84.2960913412 60.0769230769 1.0 2.5 13.0
0.5 0.5 84.2960913412 60.0769230769 1.0 2.5 13.0,3,-1.0,0.5 0.5 123.655835718 132.833333333 0.923076923077 2.5 13.0
0.5 0.5 123.655835718 132.833333333 0.923076923077 2.5 13.0,3,1.0,0.5 0.5 88.121281118 105.769230769 1.0 2.5 13.0
0.5 0.5 88.121281118 105.769230769 1.0 2.5 13.0,3,1.0,0.5 0.5 97.7239547719 69.3846153846 1.0 2.5 13.0
0.5 0.5 97.7239547719 69.3846153846 1.0 2.5 13.0,3,-1.0,0.5 0.5 81.3683473937 80.4545454545 0.846153846154 2.5 13.0
0.5 0.5 81.3683473937 80.4545454545 0.846153846154 2.5 13.0,4,1.0,0.5 0.5 94.832066339 75.5 0.923076923077 2.5 12.0
0.0 0.0 250.0 150.0 0.0 4.0 12.0,1,-1.0,0.0 0.0 250.0 150.0 0.0 3.5 12.0
0.0 0.0 250.0 150.0 0.0 3.5 12.0,1,-1.0,0.0 0.0 250.0 150.0 0.0 3.0 12.0
0.0 0.0 250.0 150.0 0.0 3.0 12.0,1,1.0,0.5 0.5 89.3570689581 48.0 0.923076923077 2.5 12.0
0.5 0.5 89.3570689581 48.0 0.923076923077 2.5 12.0,3,1.0,0.5 0.5 99.4934596671 81.3076923077 1.0 2.5 13.0
0.5 0.5 99.4934596671 81.3076923077 1.0 2.5 13.0,3,1.0,0.5 0.5 99.2257128188 61.0 1.0 2.5 13.0
0.5 0.5 99.2257128188 61.0 1.0 2.5 13.0,3,-1.0,0.5 0.5 110.275826869 121.833333333 0.923076923077 2.5 13.0
0.5 0.5 110.275826869 121.833333333 0.923076923077 2.5 13.0,3,1.0,0.5 0.5 114.296900688 59.0 1.0 2.5 13.0
0.5 0.5 114.296900688 59.0 1.0 2.5 13.0,3,-1.0,0.5 0.5 79.0900285592 67.8181818182 0.846153846154 2.5 13.0
0.5 0.5 79.0900285592 67.8181818182 0.846153846154 2.5 13.0,3,1.0,0.5 0.5 117.72739832 71.3333333333 0.923076923077 2.5 13.0
0.5 0.5 117.72739832 71.3333333333 0.923076923077 2.5 13.0,3,1.0,0.5 0.5 116.619673938 64.9230769231 1.0 2.5 13.0
0.5 0.5 116.619673938 64.9230769231 1.0 2.5 13.0,3,1.0,0.5 0.5 98.4143798558 96.3076923077 1.0 2.5 13.0
0.5 0.5 98.4143798558 96.3076923077 1.0 2.5 13.0,3,1.0,0.5 0.5 94.5758653962 83.6153846154 1.0 2.5 13.0
0.5 0.5 94.5758653962 83.6153846154 1.0 2.5 13.0,3,1.0,0.5 0.5 102.869699636 93.8461538462 1.0 2.5 13.0
0.5 0.5 102.869699636 93.8461538462 1.0 2.5 13.0,3,1.0,0.5 0.5 86.0860655852 68.7692307692 1.0 2.5 13.0
0.5 0.5 86.0860655852 68.7692307692 1.0 2.5 13.0,3,1.0,0.5 0.5 102.249847727 62.9230769231 1.0 2.5 13.0
1.0 1.0 68.0375332916 19.0833333333 0.923076923077 2.0 12.0,3,1.0,1.0 1.0 70.8542314563 23.3076923077 1.0 2.0 13.0
1.0 1.0 70.8542314563 23.3076923077 1.0 2.0 13.0,0,1.0,0.5 0.5 65.986982615 38.0 1.0 2.5 13.0
0.5 0.5 65.986982615 38.0 1.0 2.5 13.0,3,1.0,0.5 0.5 105.935356348 71.3846153846 1.0 2.5 13.0
0.5 0.5 105.935356348 71.3846153846 1.0 2.5 13.0,3,1.0,0.5 0.5 107.682285918 94.0769230769 1.0 2.5 13.0
0.5 0.5 107.682285918 94.0769230769 1.0 2.5 13.0,3,1.0,0.5 0.5 111.236600957 107.923076923 1.0 2.5 13.0
0.5 0.5 111.236600957 107.923076923 1.0 2.5 13.0,3,-1.0,0.5 0.5 104.975839987 77.1666666667 0.923076923077 2.5 13.0
0.5 0.5 104.975839987 77.1666666667 0.923076923077 2.5 13.0,3,-1.0,0.5 0.5 81.4435100656 52.6 0.769230769231 2.5 13.0
0.5 0.5 81.4435100656 52.6 0.769230769231 2.5 13.0,1,1.0,1.0 1.0 70.8542314563 23.0769230769 1.0 2.0 13.0
1.0 1.0 70.8542314563 23.0769230769 1.0 2.0 13.0,0,1.0,0.5 0.5 118.17319741 54.1538461538 1.0 2.5 13.0
0.5 0.5 118.17319741 54.1538461538 1.0 2.5 13.0,3,1.0,0.5 0.5 120.955167282 84.3846153846 1.0 2.5 13.0
0.5 0.5 120.955167282 84.3846153846 1.0 2.5 13.0,3,1.0,0.5 0.5 113.032547191 40.0 1.0 2.5 13.0
0.5 0.5 113.032547191 40.0 1.0 2.5 13.0,3,1.0,0.5 0.5 107.032388016 82.3846153846 1.0 2.5 13.0
0.5 0.5 107.032388016 82.3846153846 1.0 2.5 13.0,3,-1.0,0.5 0.5 70.4068478486 51.0833333333 0.923076923077 2.5 13.0
0.5 0.5 70.4068478486 51.0833333333 0.923076923077 2.5 13.0,3,1.0,0.5 0.5 72.5790503616 49.4615384615 1.0 2.5 13.0
0.5 0.5 72.5790503616 49.4615384615 1.0 2.5 13.0,3,1.0,0.5 0.5 118.466983741 69.6153846154 1.0 2.5 13.0
1.0 1.0 70.8542314563 24.6153846154 1.0 1.5 13.0,0,1.0,1.0 1.0 77.9038564955 24.5384615385 1.0 2.0 13.0
1.0 1.0 77.9038564955 24.5384615385 1.0 2.0 13.0,0,1.0,0.5 0.5 95.8551373708 61.0 1.0 2.5 13.0
0.5 0.5 95.8551373708 61.0 1.0 2.5 13.0,3,1.0,0.5 0.5 115.393993053 124.461538462 1.0 2.5 13.0
0.5 0.5 115.393993053 124.461538462 1.0 2.5 13.0,3,1.0,0.5 0.5 94.3441029168 111.769230769 1.0 2.5 13.0
0.5 0.5 94.3441029168 111.769230769 1.0 2.5 13.0,3,1.0,0.5 0.5 100.919534742 77.9230769231 1.0 2.5 13.0
0.5 0.5 100.919534742 77.9230769231 1.0 2.5 13.0,3,-1.0,0.5 0.5 111.376670221 101.181818182 0.846153846154 2.5 13.0
0.5 0.5 111.376670221 101.181818182 0.846153846154 2.5 13.0,3,1.0,0.5 0.5 104.034278809 63.5 0.923076923077 2.5 13.0
0.5 0.5 104.034278809 63.5 0.923076923077 2.5 13.0,3,1.0,0.5 0.5 82.5396148556 68.3076923077 1.0 2.5 13.0
0.5 0.5 82.5396148556 68.3076923077 1.0 2.5 13.0,3,1.0,0.5 0.5 108.198170707 73.3076923077 1.0 2.5 13.0
0.5 0.5 108.198170707 73.3076923077 1.0 2.5 13.0,3,1.0,0.5 0.5 100.073321777 83.0769230769 1.0 2.5 13.0
0.5 0.5 100.073321777 83.0769230769 1.0 2.5 13.0,3,1.0,0.5 0.5 99.5134237307 100.692307692 1.0 2.5 13.0
0.5 0.5 99.5134237307 100.692307692 1.0 2.5 13.0,3,1.0,0.5 0.5 97.5701594571 99.3076923077 1.0 2.5 13.0
0.5 0.5 97.5701594571 99.3076923077 1.0 2.5 13.0,3,1.0,0.5 0.5 94.7709316972 78.0 1.0 2.5 13.0
0.5 0.5 94.7709316972 78.0 1.0 2.5 13.0,3,1.0,0.5 0.5 106.552867362 88.4615384615 1.0 2.5 13.0
0.5 0.5 106.552867362 88.4615384615 1.0 2.5 13.0,3,1.0,0.5 0.5 107.691973211 55.7692307692 1.0 2.5 13.0
0.0 0.0 250.0 150.0 0.0 3.0 13.0,1,1.0,0.5 0.5 108.741419241 78.5384615385 1.0 2.5 13.0
0.5 0.5 108.741419241 78.5384615385 1.0 2.5 13.0,3,1.0,0.5 0.5 69.8617842741 24.3076923077 1.0 2.5 13.0
0.5 0.5 69.8617842741 24.3076923077 1.0 2.5 13.0,3,1.0,0.5 0.5 84.6428028733 69.2307692308 1.0 2.5 13.0
0.5 0.5 84.6428028733 69.2307692308 1.0 2.5 13.0,3,1.0,0.5 0.5 89.1875177858 97.8461538462 1.0 2.5 13.0
0.5 0.5 89.1875177858 97.8461538462 1.0 2.5 13.0,3,-1.0,0.5 0.5 93.990081654 140.090909091 0.846153846154 2.5 13.0
0.5 0.5 93.990081654 140.090909091 0.846153846154 2.5 13.0,3,1.0,0.5 0.5 112.346236408 106.583333333 0.923076923077 2.5 13.0
0.5 0.5 112.346236408 106.583333333 0.923076923077 2.5 13.0,3,-1.0,0.5 0.5 100.443492715 58.5 0.923076923077 2.5 13.0
0.5 0.5 100.443492715 58.5 0.923076923077 2.5 13.0,3,1.0,0.5 0.5 86.4496398318 76.3076923077 1.0 2.5 13.0
0.5 0.5 86.4496398318 76.3076923077 1.0 2.5 13.0,3,1.0,0.5 0.5 107.40155738 79.3076923077 1.0 2.5 13.0
0.5 0.5 107.40155738 79.3076923077 1.0 2.5 13.0,3,1.0,0.5 0.5 102.260318408 121.538461538 1.0 2.5 13.0
0.5 0.5 102.260318408 121.538461538 1.0 2.5 13.0,3,1.0,0.5 0.5 86.6029465589 64.6153846154 1.0 2.5 13.0
0.5 0.5 86.6029465589 64.6153846154 1.0 2.5 13.0,3,1.0,0.5 0.5 84.9904236783 49.2307692308 1.0 2.5 13.0
0.5 0.5 84.9904236783 49.2307692308 1.0 2.5 13.0,2,1.0,0.5 0.5 115.187859625 45.6153846154 1.0 2.5 13.0
0.5 0.5 115.187859625 45.6153846154 1.0 2.5 13.0,3,1.0,0.5 0.5 89.2417233237 133.538461538 1.0 2.5 13.0
0.5 0.5 89.2417233237 133.538461538 1.0 2.5 13.0,3,1.0,0.5 0.5 142.705859989 106.230769231 1.0 2.5 13.0
0.0 0.0 250.0 150.0 0.0 3.5 10.0,1,-1.0,0.0 0.0 250.0 150.0 0.0 3.0 10.0
0.0 0.0 250.0 150.0 0.0 3.0 10.0,1,1.0,0.5 0.5 105.980621626 33.3 0.769230769231 2.5 10.0
0.5 0.5 105.980621626 33.3 0.769230769231 2.5 10.0,3,1.0,0.5 0.5 122.082972161 83.4545454545 0.846153846154 2.5 11.0
0.5 0.5 122.082972161 83.4545454545 0.846153846154 2.5 11.0,3,1.0,0.5 0.5 104.425301906 77.0833333333 0.923076923077 2.5 12.0
0.5 0.5 104.425301906 77.0833333333 0.923076923077 2.5 12.0,3,1.0,0.5 0.5 83.1828454439 76.3076923077 1.0 2.5 13.0
0.5 0.5 83.1828454439 76.3076923077 1.0 2.5 13.0,3,1.0,0.5 0.5 110.89071093 76.7692307692 1.0 2.5 13.0
0.5 0.5 110.89071093 76.7692307692 1.0 2.5 13.0,3,1.0,0.5 0.5 128.757575653 99.6923076923 1.0 2.5 13.0
0.5 0.5 128.757575653 99.6923076923 1.0 2.5 13.0,3,1.0,0.5 0.5 69.6060863365 66.5384615385 1.0 2.5 13.0
0.5 0.5 69.6060863365 66.5384615385 1.0 2.5 13.0,3,-1.0,0.5 0.5 78.4210528527 117.5 0.923076923077 2.5 13.0
0.5 0.5 78.4210528527 117.5 0.923076923077 2.5 13.0,3,1.0,0.5 0.5 77.8620248564 53.0 1.0 2.5 13.0
0.5 0.5 77.8620248564 53.0 1.0 2.5 13.0,3,1.0,0.5 0.5 109.508194144 49.5384615385 1.0 2.5 13.0
0.5 0.5 109.508194144 49.5384615385 1.0 2.5 13.0,3,1.0,0.5 0.5 71.439607879 46.0769230769 1.0 2.5 13.0
0.5 0.5 71.439607879 46.0769230769 1.0 2.5 13.0,3,1.0,0.5 0.5 112.488712252 75.9230769231 1.0 2.5 13.0
0.5 0.5 112.488712252 75.9230769231 1.0 2.5 13.0,3,1.0,0.5 0.5 83.0632558303 87.6153846154 1.0 2.5 13.0
0.5 0.5 83.0632558303 87.6153846154 1.0 2.5 13.0,3,-1.0,0.5 0.5 104.32900748 97.25 0.923076923077 2.5 13.0
1.0 1.0 63.5379990356 25.25 0.923076923077 1.5 12.0,0,1.0,1.0 1.0 68.0375332916 19.4166666667 0.923076923077 2.0 12.0
1.0 1.0 68.0375332916 19.4166666667 0.923076923077 2.0 12.0,3,1.0,1.0 1.0 64.4661384655 24.2307692308 1.0 2.0 13.0
1.0 1.0 64.4661384655 24.2307692308 1.0 2.0 13.0,0,1.0,0.5 0.5 99.3577336032 67.3846153846 1.0 2.5 13.0
0.5 0.5 99.3577336032 67.3846153846 1.0 2.5 13.0,3,-1.0,0.5 0.5 100.390327213 106.4 0.769230769231 2.5 13.0
0.5 0.5 100.390327213 106.4 0.769230769231 2.5 13.0,3,1.0,0.5 0.5 82.9873831664 77.0769230769 1.0 2.5 13.0
0.5 0.5 82.9873831664 77.0769230769 1.0 2.5 13.0,3,1.0,0.5 0.5 92.8242598034 110.153846154 1.0 2.5 13.0
0.5 0.5 92.8242598034 110.153846154 1.0 2.5 13.0,3,1.0,0.5 0.5 78.3230097588 97.1538461538 1.0 2.5 13.0
0.5 0.5 78.3230097588 97.1538461538 1.0 2.5 13.0,3,1.0,0.5 0.5 114.342384063 69.6923076923 1.0 2.5 13.0
0.5 0.5 114.342384063 69.6923076923 1.0 2.5 13.0,3,1.0,0.5 0.5 102.036154849 62.0769230769 1.0 2.5 13.0
0.5 0.5 102.036154849 62.0769230769 1.0 2.5 13.0,3,1.0,0.5 0.5 82.8239007018 93.3076923077 1.0 2.5 13.0
0.5 0.5 82.8239007018 93.3076923077 1.0 2.5 13.0,3,1.0,0.5 0.5 94.4316163822 50.2307692308 1.0 2.5 13.0
0.5 0.5 94.4316163822 50.2307692308 1.0 2.5 13.0,3,1.0,0.5 0.5 92.8692209199 87.2307692308 1.0 2.5 13.0
0.5 0.5 92.8692209199 87.2307692308 1.0 2.5 13.0,3,1.0,0.5 0.5 98.0109924292 84.5384615385 1.0 2.5 13.0
0.5 0.5 98.0109924292 84.5384615385 1.0 2.5 13.0,3,1.0,0.5 0.5 73.976211566 37.6153846154 1.0 2.5 13.0
0.5 0.5 73.976211566 37.6153846154 1.0 2.5 13.0,3,-1.0,0.5 0.5 108.804836472 71.0 0.923076923077 2.5 13.0
1.0 1.0 70.8542314563 23.3846153846 1.0 1.0 13.0,0,1.0,1.0 1.0 63.8389149499 24.4615384615 1.0 1.5 13.0
1.0 1.0 63.8389149499 24.4615384615 1.0 1.5 13.0,0,1.0,1.0 1.0 64.4661384655 23.5384615385 1.0 2.0 13.0
1.0 1.0 64.4661384655 23.5384615385 1.0 2.0 13.0,0,1.0,0.5 0.5 100.986452228 60.0769230769 1.0 2.5 13.0
0.5 0.5 100.986452228 60.0769230769 1.0 2.5 13.0,3,1.0,0.5 0.5 85.6554695457 57.8461538462 1.0 2.5 13.0
0.5 0.5 85.6554695457 57.8461538462 1.0 2.5 13.0,3,1.0,0.5 0.5 94.2375206426 60.5384615385 1.0 2.5 13.0
0.5 0.5 94.2375206426 60.5384615385 1.0 2.5 13.0,2,1.0,0.5 0.5 103.885934026 74.1538461538 1.0 2.5 13.0
0.5 0.5 103.885934026 74.1538461538 1.0 2.5 13.0,3,1.0,0.5 0.5 100.360112795 102.0 1.0 2.5 13.0
0.5 0.5 100.360112795 102.0 1.0 2.5 13.0,3,1.0,0.5 0.5 79.4371592922 62.2307692308 1.0 2.5 13.0
0.5 0.5 79.4371592922 62.2307692308 1.0 2.5 13.0,3,1.0,0.5 0.5 112.530689843 125.923076923 1.0 2.5 13.0
0.5 0.5 112.530689843 125.923076923 1.0 2.5 13.0,3,1.0,0.5 0.5 90.2228782784 109.923076923 1.0 2.5 13.0
0.5 0.5 90.2228782784 109.923076923 1.0 2.5 13.0,3,1.0,0.5 0.5 88.9433725226 68.3846153846 1.0 2.5 13.0
0.5 0.5 88.9433725226 68.3846153846 1.0 2.5 13.0,3,-1.0,0.5 0.5 74.1028252136 109.0 0.846153846154 2.5 13.0
0.5 0.5 74.1028252136 109.0 0.846153846154 2.5 13.0,2,1.0,0.5 0.5 83.9187600638 63.0 0.923076923077 2.5 13.0
0.5 0.5 83.9187600638 63.0 0.923076923077 2.5 13.0,3,-1.0,0.5 0.5 94.987173043 114.090909091 0.846153846154 2.5 13.0
0.5 0.5 94.987173043 114.090909091 0.846153846154 2.5 13.0,3,1.0,0.5 0.5 87.0985812656 43.3846153846 1.0 2.5 13.0
0.5 0.5 97.2416573637 74.4615384615 1.0 2.5 13.0,3,-1.0,0.5 0.5 112.169757661 93.0 0.923076923077 2.5 13.0
0.5 0.5 112.169757661 93.0 0.923076923077 2.5 13.0,3,1.0,0.5 0.5 97.1855142809 71.4615384615 1.0 2.5 13.0
0.5 0.5 97.1855142809 71.4615384615 1.0 2.5 13.0,3,1.0,0.5 0.5 94.3426706482 54.8461538462 1.0 2.5 13.0
0.5 0.5 94.3426706482 54.8461538462 1.0 2.5 13.0,3,1.0,0.5 0.5 93.2916614989 84.4615384615 1.0 2.5 13.0
0.5 0.5 93.2916614989 84.4615384615 1.0 2.5 13.0,3,1.0,0.5 0.5 81.032685338 57.7692307692 1.0 2.5 13.0
0.5 0.5 81.032685338 57.7692307692 1.0 2.5 13.0,3,1.0,0.5 0.5 83.1268232941 102.0 1.0 2.5 13.0
0.5 0.5 83.1268232941 102.0 1.0 2.5 13.0,3,1.0,0.5 0.5 88.5336766176 45.7692307692 1.0 2.5 13.0
0.5 0.5 88.5336766176 45.7692307692 1.0 2.5 13.0,3,1.0,0.5 0.5 101.243361161 57.0 1.0 2.5 13.0
0.5 0.5 101.243361161 57.0 1.0 2.5 13.0,3,-1.0,0.5 0.5 116.590036041 61.9090909091 0.846153846154 2.5 13.0
0.5 0.5 116.590036041 61.9090909091 0.846153846154 2.5 13.0,3,-1.0,0.5 0.5 97.1875992671 74.3636363636 0.846153846154 2.5 13.0
0.5 0.5 97.1875992671 74.3636363636 0.846153846154 2.5 13.0,3,1.0,0.5 0.5 72.8037695931 59.0 0.923076923077 2.5 13.0
0.5 0.5 72.8037695931 59.0 0.923076923077 2.5 13.0,3,1.0,0.5 0.5 80.4951122971 58.4615384615 1.0 2.5 13.0
0.5 0.5 80.4951122971 58.4615384615 1.0 2.5 13.0,3,1.0,0.5 0.5 81.1629837221 67.3846153846 1.0 2.5 13.0
0.5 0.5 81.1629837221 67.3846153846 1.0 2.5 13.0,3,1.0,0.5 0.5 88.3365662358 87.0769230769 1.0 2.5 13.0
0.5 0.5 88.3365662358 87.0769230769 1.0 2.5 13.0,3,1.0,0.5 0.5 96.5569120341 135.769230769 1.0 2.5 13.0
0.0 0.0 250.0 150.0 0.0 4.0 12.0,3,-1.0,0.0 0.0 250.0 150.0 0.0 4.0 13.0
0.0 0.0 250.0 150.0 0.0 4.0 13.0,1,-1.0,0.0 0.0 250.0 150.0 0.0 3.5 13.0
0.0 0.0 250.0 150.0 0.0 3.5 13.0,1,-1.0,0.0 0.0 250.0 150.0 0.0 3.0 13.0
0.0 0.0 250.0 150.0 0.0 3.0 13.0,1,1.0,0.5 0.5 89.3721538667 85.8461538462 1.0 2.5 13.0
0.5 0.5 89.3721538667 85.8461538462 1.0 2.5 13.0,3,-1.0,0.5 0.5 103.817766304 59.4166666667 0.923076923077 2.5 13.0
0.5 0.5 103.817766304 59.4166666667 0.923076923077 2.5 13.0,3,1.0,0.5 0.5 116.246661094 86.9230769231 1.0 2.5 13.0
0.5 0.5 116.246661094 86.9230769231 1.0 2.5 13.0,3,1.0,0.5 0.5 90.5660116037 68.8461538462 1.0 2.5 13.0
0.5 0.5 90.5660116037 68.8461538462 1.0 2.5 13.0,3,1.0,0.5 0.5 101.516134597 75.4615384615 1.0 2.5 13.0
0.5 0.5 101.516134597 75.4615384615 1.0 2.5 13.0,3,1.0,0.5 0.5 99.9692568005 62.7692307692 1.0 2.5 13.0
0.5 0.5 99.9692568005 62.7692307692 1.0 2.5 13.0,3,1.0,0.5 0.5 94.7403112678 48.3076923077 1.0 2.5 13.0
0.5 0.5 94.7403112678 48.3076923077 1.0 2.5 13.0,3,-1.0,0.5 0.5 95.0636955979 106.916666667 0.923076923077 2.5 13.0
0.5 0.5 95.0636955979 106.916666667 0.923076923077 2.5 13.0,3,1.0,0.5 0.5 92.848587367 82.7692307692 1.0 2.5 13.0
0.5 0.5 92.848587367 82.7692307692 1.0 2.5 13.0,3,1.0,0.5 0.5 97.6752632076 95.4615384615 1.0 2.5 13.0
0.5 0.5 97.6752632076 95.4615384615 1.0 2.5 13.0,3,1.0,0.5 0.5 77.4739900881 72.0 1.0 2.5 13.0
0.5 0.5 77.4739900881 72.0 1.0 2.5 13.0,3,-1.0,0.5 0.5 102.538749439 119.636363636 0.846153846154 2.5 13.0
1.0 1.0 60.3292675294 15.0 0.692307692308 1.0 9.0,3,1.0,1.0 1.0 77.6216492369 16.2 0.769230769231 1.0 10.0
1.0 1.0 77.6216492369 16.2 0.769230769231 1.0 10.0,0,1.0,1.0 1.0 59.1158034614 15.3 0.769230769231 1.5 10.0
1.0 1.0 59.1158034614 15.3 0.769230769231 1.5 10.0,3,1.0,1.0 1.0 63.8884556581 21.7272727273 0.846153846154 1.5 11.0
1.0 1.0 63.8884556581 21.7272727273 0.846153846154 1.5 11.0,3,1.0,1.0 1.0 68.7592133664 23.9166666667 0.923076923077 1.5 12.0
1.0 1.0 68.7592133664 23.9166666667 0.923076923077 1.5 12.0,0,1.0,1.0 1.0 68.7592133664 23.0 0.923076923077 2.0 12.0
1.0 1.0 68.7592133664 23.0 0.923076923077 2.0 12.0,0,1.0,0.5 0.5 99.3411634118 43.25 0.923076923077 2.5 12.0
0.5 0.5 99.3411634118 43.25 0.923076923077 2.5 12.0,3,-1.0,0.5 0.5 84.1290402975 76.5 0.923076923077 2.5 13.0
0.5 0.5 84.1290402975 76.5 0.923076923077 2.5 13.0,3,1.0,0.5 0.5 88.6659515078 37.2307692308 1.0 2.5 13.0
0.5 0.5 88.6659515078 37.2307692308 1.0 2.5 13.0,3,-1.0,0.5 0.5 116.876777794 83.0 0.769230769231 2.5 13.0
0.5 0.5 116.876777794 83.0 0.769230769231 2.5 13.0,3,1.0,0.5 0.5 82.8812577179 78.3333333333 0.923076923077 2.5 13.0
0.5 0.5 82.8812577179 78.3333333333 0.923076923077 2.5 13.0,3,1.0,0.5 0.5 74.1029931676 64.8461538462 1.0 2.5 13.0
0.5 0.5 74.1029931676 64.8461538462 1.0 2.5 13.0,3,-1.0,0.5 0.5 100.890762299 103.666666667 0.923076923077 2.5 13.0
0.5 0.5 100.890762299 103.666666667 0.923076923077 2.5 13.0,3,-1.0,0.5 0.5 80.4626395577 80.1666666667 0.923076923077 2.5 13.0
0.5 0.5 80.4626395577 80.1666666667 0.923076923077 2.5 13.0,3,-1.0,0.5 0.5 133.47674364 131.25 0.923076923077 2.5 13.0
0.5 0.5 133.47674364 131.25 0.923076923077 2.5 13.0,3,1.0,0.5 0.5 138.841637506 108.769230769 1.0 2.5 13.0
1.0 1.0 70.8542314563 23.3846153846 1.0 1.0 13.0,0,1.0,1.0 1.0 70.8542314563 23.9230769231 1.0 1.5 13.0
1.0 1.0 70.8542314563 23.9230769231 1.0 1.5 13.0,0,1.0,1.0 1.0 63.8389149499 24.2307692308 1.0 2.0 13.0
1.0 1.0 63.8389149499 24.2307692308 1.0 2.0 13.0,0,1.0,0.5 0.5 106.104403443 76.1538461538 1.0 2.5 13.0
0.5 0.5 106.104403443 76.1538461538 1.0 2.5 13.0,3,1.0,0.5 0.5 89.0078720193 100.230769231 1.0 2.5 13.0
0.5 0.5 89.0078720193 100.230769231 1.0 2.5 13.0,3,1.0,0.5 0.5 101.976276625 79.6923076923 1.0 2.5 13.0
0.5 0.5 101.976276625 79.6923076923 1.0 2.5 13.0,3,1.0,0.5 0.5 69.148521512 86.0 1.0 2.5 13.0
0.5 0.5 69.148521512 86.0 1.0 2.5 13.0,3,1.0,0.5 0.5 83.3018947401 68.3076923077 1.0 2.5 13.0
0.5 0.5 83.3018947401 68.3076923077 1.0 2.5 13.0,3,1.0,0.5 0.5 93.6745147007 62.9230769231 1.0 2.5 13.0
0.5 0.5 93.6745147007 62.9230769231 1.0 2.5 13.0,3,-1.0,0.5 0.5 84.8767305815 117.416666667 0.923076923077 2.5 13.0
0.5 0.5 84.8767305815 117.416666667 0.923076923077 2.5 13.0,3,-1.0,0.5 0.5 95.4285443325 74.1818181818 0.846153846154 2.5 13.0
0.5 0.5 95.4285443325 74.1818181818 0.846153846154 2.5 13.0,3,1.0,0.5 0.5 95.6214054598 79.8461538462 1.0 2.5 13.0
0.5 0.5 95.6214054598 79.8461538462 1.0 2.5 13.0,3,1.0,0.5 0.5 68.1856564224 46.6923076923 1.0 2.5 13.0
0.5 0.5 68.1856564224 46.6923076923 1.0 2.5 13.0,3,-1.0,0.5 0.5 110.140961991 63.0 0.923076923077 2.5 13.0
0.5 0.5 110.140961991 63.0 0.923076923077 2.5 13.0,2,1.0,0.5 0.5 87.3408304344 50.2307692308 1.0 2.5 13.0
0.5 0.5 87.3408304344 50.2307692308 1.0 2.5 13.0,3,-1.0,0.5 0.5 101.301740858 65.0 0.923076923077 2.5 13.0
1.0 1.0 70.8542314563 23.5384615385 1.0 1.0 13.0,0,1.0,1.0 1.0 64.4661384655 23.7692307692 1.0 1.5 13.0
1.0 1.0 64.4661384655 23.7692307692 1.0 1.5 13.0,0,1.0,1.0 1.0 70.8542314563 23.9230769231 1.0 2.0 13.0
1.0 1.0 70.8542314563 23.9230769231 1.0 2.0 13.0,0,1.0,0.5 0.5 106.971443823 66.8461538462 1.0 2.5 13.0
0.5 0.5 106.971443823 66.8461538462 1.0 2.5 13.0,3,1.0,0.5 0.5 102.551717615 87.0769230769 1.0 2.5 13.0
0.5 0.5 102.551717615 87.0769230769 1.0 2.5 13.0,3,1.0,0.5 0.5 90.2504970229 93.3846153846 1.0 2.5 13.0
0.5 0.5 90.2504970229 93.3846153846 1.0 2.5 13.0,3,1.0,0.5 0.5 100.072159183 59.2307692308 1.0 2.5 13.0
0.5 0.5 100.072159183 59.2307692308 1.0 2.5 13.0,3,-1.0,0.5 0.5 89.3406812588 114.916666667 0.923076923077 2.5 13.0
0.5 0.5 89.3406812588 114.916666667 0.923076923077 2.5 13.0,3,-1.0,0.5 0.5 97.1133219669 101.0 0.923076923077 2.5 13.0
0.5 0.5 97.1133219669 101.0 0.923076923077 2.5 13.0,2,1.0,0.5 0.5 74.0787162011 53.6923076923 1.0 2.5 13.0
0.5 0.5 74.0787162011 53.6923076923 1.0 2.5 13.0,3,-1.0,0.5 0.5 111.770038667 106.333333333 0.923076923077 2.5 13.0
0.5 0.5 111.770038667 106.333333333 0.923076923077 2.5 13.0,3,1.0,0.5 0.5 85.8706709781 85.3076923077 1.0 2.5 13.0
0.5 0.5 85.8706709781 85.3076923077 1.0 2.5 13.0,3,-1.0,0.5 0.5 88.8826669629 48.0 0.846153846154 2.5 13.0
0.5 0.5 88.8826669629 48.0 0.846153846154 2.5 13.0,3,1.0,0.5 0.5 95.386403596 55.6923076923 1.0 2.5 13.0
0.5 0.5 95.386403596 55.6923076923 1.0 2.5 13.0,3,1.0,0.5 0.5 89.8664130373 43.6923076923 1.0 2.5 13.0
0.5 0.5 89.8664130373 43.6923076923 1.0 2.5 13.0,3,-1.0,0.5 0.5 128.493832145 76.8181818182 0.846153846154 2.5 13.0
1.0 1.0 70.8542314563 23.3846153846 1.0 1.5 13.0,0,1.0,1.0 1.0 69.7586835097 24.4615384615 1.0 2.0 13.0
1.0 1.0 69.7586835097 24.4615384615 1.0 2.0 13.0,0,1.0,0.5 0.5 89.1651020568 38.6923076923 1.0 2.5 13.0
0.5 0.5 89.1651020568 38.6923076923 1.0 2.5 13.0,3,1.0,0.5 0.5 102.678388551 63.2307692308 1.0 2.5 13.0
0.5 0.5 102.678388551 63.2307692308 1.0 2.5 13.0,3,1.0,0.5 0.5 82.5512015995 52.6923076923 1.0 2.5 13.0
0.5 0.5 82.5512015995 52.6923076923 1.0 2.5 13.0,3,1.0,0.5 0.5 98.2963039431 57.6153846154 1.0 2.5 13.0
0.5 0.5 98.2963039431 57.6153846154 1.0 2.5 13.0,3,1.0,0.5 0.5 89.2849309061 105.153846154 1.0 2.5 13.0
0.5 0.5 89.2849309061 105.153846154 1.0 2.5 13.0,3,1.0,0.5 0.5 101.516462981 66.9230769231 1.0 2.5 13.0
0.5 0.5 101.516462981 66.9230769231 1.0 2.5 13.0,3,1.0,0.5 0.5 92.6977665532 71.1538461538 1.0 2.5 13.0
0.5 0.5 92.6977665532 71.1538461538 1.0 2.5 13.0,3,1.0,0.5 0.5 84.5085658554 65.4615384615 1.0 2.5 13.0
0.5 0.5 84.5085658554 65.4615384615 1.0 2.5 13.0,3,-1.0,0.5 0.5 102.416527296 129.75 0.923076923077 2.5 13.0
0.5 0.5 102.416527296 129.75 0.923076923077 2.5 13.0,3,-1.0,0.5 0.5 115.262763888 74.4545454545 0.846153846154 2.5 13.0
0.5 0.5 115.262763888 74.4545454545 0.846153846154 2.5 13.0,3,1.0,0.5 0.5 100.563058729 60.0 1.0 2.5 13.0
0.5 0.5 100.563058729 60.0 1.0 2.5 13.0,3,1.0,0.5 0.5 97.6001946835 61.3846153846 1.0 2.5 13.0
0.5 0.5 97.6001946835 61.3846153846 1.0 2.5 13.0,3,1.0,0.5 0.5 108.321272521 70.3076923077 1.0 2.5 13.0
0.5 0.5 108.321272521 70.3076923077 1.0 2.5 13.0,3,1.0,0.5 0.5 106.608969452 65.3846153846 1.0 2.5 13.0
1.0 1.0 72.6300551234 30.5384615385 1.0 0.5 13.0,0,1.0,1.0 1.0 70.8542314563 24.0769230769 1.0 1.0 13.0
1.0 1.0 70.8542314563 24.0769230769 1.0 1.0 13.0,0,1.0,1.0 1.0 70.8542314563 24.0769230769 1.0 1.5 13.0
1.0 1.0 70.8542314563 24.0769230769 1.0 1.5 13.0,0,1.0,1.0 1.0 63.8389149499 24.6923076923 1.0 2.0 13.0
1.0 1.0 63.8389149499 24.6923076923 1.0 2.0 13.0,0,1.0,0.5 0.5 65.1937937885 43.6923076923 1.0 2.5 13.0
0.5 0.5 65.1937937885 43.6923076923 1.0 2.5 13.0,3,1.0,0.5 0.5 92.4269729425 81.9230769231 1.0 2.5 13.0
0.5 0.5 92.4269729425 81.9230769231 1.0 2.5 13.0,3,1.0,0.5 0.5 85.8359047709 38.7692307692 1.0 2.5 13.0
0.5 0.5 85.8359047709 38.7692307692 1.0 2.5 13.0,3,1.0,0.5 0.5 104.749557069 89.3076923077 1.0 2.5 13.0
0.5 0.5 104.749557069 89.3076923077 1.0 2.5 13.0,3,1.0,0.5 0.5 101.00357573 101.0 1.0 2.5 13.0
0.5 0.5 101.00357573 101.0 1.0 2.5 13.0,3,1.0,0.5 0.5 104.325657612 45.0 1.0 2.5 13.0
0.5 0.5 104.325657612 45.0 1.0 2.5 13.0,3,-1.0,0.5 0.5 112.684695998 108.333333333 0.923076923077 2.5 13.0
0.5 0.5 112.684695998 108.333333333 0.923076923077 2.5 13.0,3,1.0,0.5 0.5 102.00772854 65.8461538462 1.0 2.5 13.0
0.5 0.5 102.00772854 65.8461538462 1.0 2.5 13.0,3,1.0,0.5 0.5 80.8960005918 37.6153846154 1.0 2.5 13.0
0.5 0.5 80.8960005918 37.6153846154 1.0 2.5 13.0,3,1.0,0.5 0.5 89.5588654613 73.8461538462 1.0 2.5 13.0
0.5 0.5 89.5588654613 73.8461538462 1.0 2.5 13.0,3,1.0,0.5 0.5 86.3602281205 110.307692308 1.0 2.5 13.0
0.5 0.5 86.3602281205 110.307692308 1.0 2.5 13.0,3,1.0,0.5 0.5 100.984067499 43.0 1.0 2.5 13.0
1.0 1.0 77.6216492369 16.7 0.769230769231 1.5 10.0,0,1.0,1.0 1.0 77.6216492369 16.4 0.769230769231 2.0 10.0
1.0 1.0 77.6216492369 16.4 0.769230769231 2.0 10.0,3,1.0,1.0 1.0 61.8805027499 21.0909090909 0.846153846154 2.0 11.0
1.0 1.0 61.8805027499 21.0909090909 0.846153846154 2.0 11.0,3,1.0,1.0 1.0 67.7490032154 25.4166666667 0.923076923077 2.0 12.0
1.0 1.0 67.7490032154 25.4166666667 0.923076923077 2.0 12.0,0,1.0,0.5 0.5 85.9875027995 59.3333333333 0.923076923077 2.5 12.0
0.5 0.5 85.9875027995 59.3333333333 0.923076923077 2.5 12.0,3,1.0,0.5 0.5 89.0356089663 103.538461538 1.0 2.5 13.0
0.5 0.5 89.0356089663 103.538461538 1.0 2.5 13.0,3,-1.0,0.5 0.5 123.682649535 88.1818181818 0.846153846154 2.5 13.0
0.5 0.5 123.682649535 88.1818181818 0.846153846154 2.5 13.0,4,1.0,0.5 0.5 117.928105539 79.0833333333 0.923076923077 2.5 12.0
0.5 0.5 117.928105539 79.0833333333 0.923076923077 2.5 12.0,3,1.0,0.5 0.5 100.392639425 81.3846153846 1.0 2.5 13.0
0.5 0.5 100.392639425 81.3846153846 1.0 2.5 13.0,3,1.0,0.5 0.5 71.7036459426 49.9230769231 1.0 2.5 13.0
0.5 0.5 71.7036459426 49.9230769231 1.0 2.5 13.0,3,1.0,0.5 0.5 98.2783126425 66.9230769231 1.0 2.5 13.0
0.5 0.5 98.2783126425 66.9230769231 1.0 2.5 13.0,3,1.0,0.5 0.5 103.417852107 97.8461538462 1.0 2.5 13.0
0.5 0.5 103.417852107 97.8461538462 1.0 2.5 13.0,3,1.0,0.5 0.5 89.0366829379 71.0 1.0 2.5 13.0
0.5 0.5 89.0366829379 71.0 1.0 2.5 13.0,3,1.0,0.5 0.5 87.2269340256 52.5384615385 1.0 2.5 13.0
0.5 0.5 87.2269340256 52.5384615385 1.0 2.5 13.0,3,1.0,0.5 0.5 82.7653246161 60.9230769231 1.0 2.5 13.0
0.5 0.5 82.7653246161 60.9230769231 1.0 2.5 13.0,2,1.0,0.5 0.5 98.8417989576 88.6923076923 1.0 2.5 13.0
1.0 1.0 77.6216492369 16.6 0.769230769231 1.5 10.0,3,1.0,1.0 1.0 60.5537803129 21.7272727273 0.846153846154 1.5 11.0
1.0 1.0 60.5537803129 21.7272727273 0.846153846154 1.5 11.0,0,1.0,1.0 1.0 61.8805027499 20.8181818182 0.846153846154 2.0 11.0
1.0 1.0 61.8805027499 20.8181818182 0.846153846154 2.0 11.0,3,1.0,1.0 1.0 67.5723697576 25.8333333333 0.923076923077 2.0 12.0
1.0 1.0 67.5723697576 25.8333333333 0.923076923077 2.0 12.0,0,1.0,0.5 0.5 92.1540568639 65.6666666667 0.923076923077 2.5 12.0
0.5 0.5 92.1540568639 65.6666666667 0.923076923077 2.5 12.0,3,1.0,0.5 0.5 83.1482180842 45.6153846154 1.0 2.5 13.0
0.5 0.5 83.1482180842 45.6153846154 1.0 2.5 13.0,3,1.0,0.5 0.5 80.7623354557 70.1538461538 1.0 2.5 13.0
0.5 0.5 80.7623354557 70.1538461538 1.0 2.5 13.0,3,1.0,0.5 0.5 75.6782852255 49.1538461538 1.0 2.5 13.0
0.5 0.5 75.6782852255 49.1538461538 1.0 2.5 13.0,3,1.0,0.5 0.5 101.929727219 134.538461538 1.0 2.5 13.0
0.5 0.5 101.929727219 134.538461538 1.0 2.5 13.0,3,1.0,0.5 0.5 108.833802722 80.5384615385 1.0 2.5 13.0
0.5 0.5 108.833802722 80.5384615385 1.0 2.5 13.0,3,1.0,0.5 0.5 85.4304681537 71.1538461538 1.0 2.5 13.0
0.5 0.5 85.4304681537 71.1538461538 1.0 2.5 13.0,3,1.0,0.5 0.5 87.484648738 50.1538461538 1.0 2.5 13.0
0.5 0.5 87.484648738 50.1538461538 1.0 2.5 13.0,3,1.0,0.5 0.5 97.1536320925 82.7692307692 1.0 2.5 13.0
0.5 0.5 97.1536320925 82.7692307692 1.0 2.5 13.0,2,1.0,0.5 0.5 74.7780085024 59.2307692308 1.0 2.5 13.0
0.5 0.5 74.7780085024 59.2307692308 1.0 2.5 13.0,3,1.0,0.5 0.5 104.836046916 62.6923076923 1.0 2.5 13.0
0.5 0.5 104.836046916 62.6923076923 1.0 2.5 13.0,3,-1.0,0.5 0.5 85.9185914351 57.4166666667 0.923076923077 2.5 13.0
0.0 0.0 250.0 150.0 0.0 4.0 9.0,1,-1.0,0.0 0.0 250.0 150.0 0.0 3.5 9.0
0.0 0.0 250.0 150.0 0.0 3.5 9.0,1,-1.0,0.0 0.0 250.0 150.0 0.0 3.0 9.0
0.0 0.0 250.0 150.0 0.0 3.0 9.0,1,1.0,0.5 0.5 102.945992988 79.8888888889 0.692307692308 2.5 9.0
0.5 0.5 102.945992988 79.8888888889 0.692307692308 2.5 9.0,3,1.0,0.5 0.5 104.552191712 40.0 0.769230769231 2.5 10.0
0.5 0.5 104.552191712 40.0 0.769230769231 2.5 10.0,3,1.0,0.5 0.5 112.159033318 45.4545454545 0.846153846154 2.5 11.0
0.5 0.5 112.159033318 45.4545454545 0.846153846154 2.5 11.0,3,1.0,0.5 0.5 131.043913315 78.9166666667 0.923076923077 2.5 12.0
0.5 0.5 131.043913315 78.9166666667 0.923076923077 2.5 12.0,3,1.0,0.5 0.5 88.3770248205 53.6153846154 1.0 2.5 13.0
0.5 0.5 88.3770248205 53.6153846154 1.0 2.5 13.0,3,1.0,0.5 0.5 100.943696401 44.9230769231 1.0 2.5 13.0
0.5 0.5 100.943696401 44.9230769231 1.0 2.5 13.0,3,1.0,0.5 0.5 107.321428775 48.5384615385 1.0 2.5 13.0
0.5 0.5 107.321428775 48.5384615385 1.0 2.5 13.0,3,1.0,0.5 0.5 98.3915429459 64.8461538462 1.0 2.5 13.0
0.5 0.5 98.3915429459 64.8461538462 1.0 2.5 13.0,3,1.0,0.5 0.5 116.175917031 62.3846153846 1.0 2.5 13.0
0.5 0.5 116.175917031 62.3846153846 1.0 2.5 13.0,3,1.0,0.5 0.5 105.505058423 98.0769230769 1.0 2.5 13.0
0.5 0.5 105.505058423 98.0769230769 1.0 2.5 13.0,3,1.0,0.5 0.5 103.800401384 60.2307692308 1.0 2.5 13.0
0.5 0.5 103.800401384 60.2307692308 1.0 2.5 13.0,3,-1.0,0.5 0.5 88.2928392998 91.5833333333 0.923076923077 2.5 13.0
0.5 0.5 88.2928392998 91.5833333333 0.923076923077 2.5 13.0,3,1.0,0.5 0.5 107.531508024 137.384615385 1.0 2.5 13.0
0.0 0.0 250.0 150.0 0.0 3.0 13.0,1,1.0,0.5 0.5 68.7190385731 71.3333333333 0.923076923077 2.5 13.0
0.5 0.5 68.7190385731 71.3333333333 0.923076923077 2.5 13.0,3,-1.0,0.5 0.5 89.55685884 72.4166666667 0.923076923077 2.5 13.0
0.5 0.5 89.55685884 72.4166666667 0.923076923077 2.5 13.0,3,1.0,0.5 0.5 124.850609597 65.0 1.0 2.5 13.0
0.5 0.5 124.850609597 65.0 1.0 2.5 13.0,3,1.0,0.5 0.5 101.251577649 61.5384615385 1.0 2.5 13.0
0.5 0.5 101.251577649 61.5384615385 1.0 2.5 13.0,3,1.0,0.5 0.5 88.3662992252 61.6153846154 1.0 2.5 13.0
0.5 0.5 88.3662992252 61.6153846154 1.0 2.5 13.0,3,-1.0,0.5 0.5 88.8732862469 87.6363636364 0.846153846154 2.5 13.0
0.5 0.5 88.8732862469 87.6363636364 0.846153846154 2.5 13.0,3,1.0,0.5 0.5 93.074440432 108.083333333 0.923076923077 2.5 13.0
0.5 0.5 93.074440432 108.083333333 0.923076923077 2.5 13.0,3,1.0,0.5 0.5 96.0215429343 70.2307692308 1.0 2.5 13.0
0.5 0.5 96.0215429343 70.2307692308 1.0 2.5 13.0,3,1.0,0.5 0.5 83.6787984123 50.4615384615 1.0 2.5 13.0
0.5 0.5 83.6787984123 50.4615384615 1.0 2.5 13.0,1,-1.0,1.0 1.0 70.8542314563 23.7692307692 1.0 2.0 13.0
1.0 1.0 70.8542314563 23.7692307692 1.0 2.0 13.0,0,1.0,0.5 0.5 75.4373616117 106.692307692 1.0 2.5 13.0
0.5 0.5 75.4373616117 106.692307692 1.0 2.5 13.0,3,-1.0,0.5 0.5 99.6690750806 65.25 0.923076923077 2.5 13.0
0.5 0.5 99.6690750806 65.25 0.923076923077 2.5 13.0,3,1.0,0.5 0.5 149.254991177 89.1538461538 1.0 2.5 13.0
0.5 0.5 149.254991177 89.1538461538 1.0 2.5 13.0,3,1.0,0.5 0.5 77.0850454797 75.4615384615 1.0 2.5 13.0
0.5 0.5 77.0850454797 75.4615384615 1.0 2.5 13.0,3,1.0,0.5 0.5 71.3520698524 53.7692307692 1.0 2.5 13.0
1.0 1.0 74.1970933305 14.5454545455 0.846153846154 1.5 11.0,0,1.0,1.0 1.0 57.3735971709 13.5454545455 0.846153846154 2.0 11.0
1.0 1.0 57.3735971709 13.5454545455 0.846153846154 2.0 11.0,3,1.0,1.0 1.0 61.1744656688 20.5 0.923076923077 2.0 12.0
1.0 1.0 61.1744656688 20.5 0.923076923077 2.0 12.0,0,1.0,0.5 0.5 119.463918796 70.9166666667 0.923076923077 2.5 12.0
0.5 0.5 119.463918796 70.9166666667 0.923076923077 2.5 12.0,3,1.0,0.5 0.5 99.9046304172 44.9230769231 1.0 2.5 13.0
0.5 0.5 99.9046304172 44.9230769231 1.0 2.5 13.0,3,1.0,0.5 0.5 80.8222417779 56.6153846154 1.0 2.5 13.0
0.5 0.5 80.8222417779 56.6153846154 1.0 2.5 13.0,3,1.0,0.5 0.5 107.895760018 60.1538461538 1.0 2.5 13.0
0.5 0.5 107.895760018 60.1538461538 1.0 2.5 13.0,3,1.0,0.5 0.5 72.3956306862 56.8461538462 1.0 2.5 13.0
0.5 0.5 72.3956306862 56.8461538462 1.0 2.5 13.0,3,1.0,0.5 0.5 92.9593826362 79.2307692308 1.0 2.5 13.0
0.5 0.5 92.9593826362 79.2307692308 1.0 2.5 13.0,3,1.0,0.5 0.5 94.6780543286 105.769230769 1.0 2.5 13.0
0.5 0.5 94.6780543286 105.769230769 1.0 2.5 13.0,3,1.0,0.5 0.5 72.1292020266 48.7692307692 1.0 2.5 13.0
0.5 0.5 72.1292020266 48.7692307692 1.0 2.5 13.0,3,1.0,0.5 0.5 90.8239063226 38.9230769231 1.0 2.5 13.0
0.5 0.5 90.8239063226 38.9230769231 1.0 2.5 13.0,3,1.0,0.5 0.5 84.9490640159 108.769230769 1.0 2.5 13.0
0.5 0.5 84.9490640159 108.769230769 1.0 2.5 13.0,3,-1.0,0.5 0.5 80.0140244186 96.5 0.923076923077 2.5 13.0
0.5 0.5 80.0140244186 96.5 0.923076923077 2.5 13.0,3,1.0,0.5 0.5 86.3208692251 51.0 1.0 2.5 13.0
0.5 0.5 86.3208692251 51.0 1.0 2.5 13.0,3,1.0,0.5 0.5 116.506970454 121.846153846 1.0 2.5 13.0
1.0 1.0 70.8542314563 23.8461538462 1.0 0.5 13.0,0,1.0,1.0 1.0 70.8542314563 22.5384615385 1.0 1.0 13.0
1.0 1.0 70.8542314563 22.5384615385 1.0 1.0 13.0,0,1.0,1.0 1.0 64.4661384655 23.8461538462 1.0 1.5 13.0
1.0 1.0 64.4661384655 23.8461538462 1.0 1.5 13.0,0,1.0,1.0 1.0 66.5082975876 23.5384615385 1.0 2.0 13.0
1.0 1.0 66.5082975876 23.5384615385 1.0 2.0 13.0,0,1.0,0.5 0.5 87.4067247174 43.2307692308 1.0 2.5 13.0
0.5 0.5 87.4067247174 43.2307692308 1.0 2.5 13.0,3,1.0,0.5 0.5 81.6310242568 65.1538461538 1.0 2.5 13.0
0.5 0.5 81.6310242568 65.1538461538 1.0 2.5 13.0,2,1.0,0.5 0.5 98.4317741812 103.384615385 1.0 2.5 13.0
0.5 0.5 98.4317741812 103.384615385 1.0 2.5 13.0,3,1.0,0.5 0.5 89.1587870248 46.4615384615 1.0 2.5 13.0
0.5 0.5 89.1587870248 46.4615384615 1.0 2.5 13.0,3,1.0,0.5 0.5 103.153609488 136.615384615 1.0 2.5 13.0
0.5 0.5 103.153609488 136.615384615 1.0 2.5 13.0,3,1.0,0.5 0.5 95.7216219841 38.5384615385 1.0 2.5 13.0
0.5 0.5 95.7216219841 38.5384615385 1.0 2.5 13.0,3,1.0,0.5 0.5 87.3046217031 112.076923077 1.0 2.5 13.0
0.5 0.5 87.3046217031 112.076923077 1.0 2.5 13.0,3,1.0,0.5 0.5 115.034104023 117.230769231 1.0 2.5 13.0
0.5 0.5 115.034104023 117.230769231 1.0 2.5 13.0,3,1.0,0.5 0.5 108.670789618 112.076923077 1.0 2.5 13.0
0.5 0.5 108.670789618 112.076923077 1.0 2.5 13.0,3,-1.0,0.5 0.5 95.2101918081 92.5454545455 0.846153846154 2.5 13.0
0.5 0.5 95.2101918081 92.5454545455 0.846153846154 2.5 13.0,3,1.0,0.5 0.5 94.2223966453 86.6923076923 1.0 2.5 13.0
0.5 0.5 94.2223966453 86.6923076923 1.0 2.5 13.0,3,-1.0,0.5 0.5 96.2760618268 57.0 0.923076923077 2.5 13.0
0.5 0.5 106.888222124 75.5 0.923076923077 2.5 13.0,3,1.0,0.5 0.5 93.3272191698 97.8461538462 1.0 2.5 13.0
0.5 0.5 93.3272191698 97.8461538462 1.0 2.5 13.0,3,1.0,0.5 0.5 109.702926694 75.6153846154 1.0 2.5 13.0
0.5 0.5 109.702926694 75.6153846154 1.0 2.5 13.0,3,1.0,0.5 0.5 109.766997173 79.3846153846 1.0 2.5 13.0
0.5 0.5 109.766997173 79.3846153846 1.0 2.5 13.0,3,1.0,0.5 0.5 86.1718926212 76.4615384615 1.0 2.5 13.0
0.5 0.5 86.1718926212 76.4615384615 1.0 2.5 13.0,2,1.0,0.5 0.5 73.1198312355 72.3846153846 1.0 2.5 13.0
0.5 0.5 73.1198312355 72.3846153846 1.0 2.5 13.0,3,1.0,0.5 0.5 124.356993536 82.0 1.0 2.5 13.0
0.5 0.5 124.356993536 82.0 1.0 2.5 13.0,3,1.0,0.5 0.5 90.8480097489 50.0769230769 1.0 2.5 13.0
0.5 0.5 90.8480097489 50.0769230769 1.0 2.5 13.0,3,1.0,0.5 0.5 91.5449556333 43.4615384615 1.0 2.5 13.0
0.5 0.5 91.5449556333 43.4615384615 1.0 2.5 13.0,3,1.0,0.5 0.5 92.0348481031 56.0769230769 1.0 2.5 13.0
0.5 0.5 92.0348481031 56.0769230769 1.0 2.5 13.0,3,1.0,0.5 0.5 111.285623337 50.5384615385 1.0 2.5 13.0
0.5 0.5 111.285623337 50.5384615385 1.0 2.5 13.0,3,1.0,0.5 0.5 90.19043097 98.1538461538 1.0 2.5 13.0
0.5 0.5 90.19043097 98.1538461538 1.0 2.5 13.0,3,1.0,0.5 0.5 73.4401686133 66.0769230769 1.0 2.5 13.0
0.5 0.5 73.4401686133 66.0769230769 1.0 2.5 13.0,3,1.0,0.5 0.5 101.316496144 68.0 1.0 2.5 13.0
0.5 0.5 101.316496144 68.0 1.0 2.5 13.0,3,1.0,0.5 0.5 99.2914226778 63.0 1.0 2.5 13.0
0.5 0.5 99.2914226778 63.0 1.0 2.5 13.0,2,1.0,0.5 0.5 88.1669707815 64.8461538462 1.0 2.5 13.0
1.0 1.0 60.3292675294 14.3333333333 0.692307692308 0.5 9.0,0,1.0,1.0 1.0 60.3292675294 14.5555555556 0.692307692308 1.0 9.0
1.0 1.0 60.3292675294 14.5555555556 0.692307692308 1.0 9.0,3,1.0,1.0 1.0 58.3238630006 15.7 0.769230769231 1.0 10.0
1.0 1.0 58.3238630006 15.7 0.769230769231 1.0 10.0,0,1.0,1.0 1.0 77.6216492369 16.3 0.769230769231 1.5 10.0
1.0 1.0 77.6216492369 16.3 0.769230769231 1.5 10.0,0,1.0,1.0 1.0 77.6216492369 16.3 0.769230769231 2.0 10.0
1.0 1.0 77.6216492369 16.3 0.769230769231 2.0 10.0,3,1.0,1.0 1.0 64.6084015315 20.8181818182 0.846153846154 2.0 11.0
1.0 1.0 64.6084015315 20.8181818182 0.846153846154 2.0 11.0,0,1.0,0.5 0.5 71.8731788409 43.7272727273 0.846153846154 2.5 11.0
0.5 0.5 71.8731788409 43.7272727273 0.846153846154 2.5 11.0,3,-1.0,0.5 0.5 117.582179389 100.545454545 0.846153846154 2.5 12.0
0.5 0.5 117.582179389 100.545454545 0.846153846154 2.5 12.0,3,1.0,0.5 0.5 84.4878256527 79.0 0.923076923077 2.5 13.0
0.5 0.5 84.4878256527 79.0 0.923076923077 2.5 13.0,3,-1.0,0.5 0.5 75.1889083171 72.9166666667 0.923076923077 2.5 13.0
0.5 0.5 75.1889083171 72.9166666667 0.923076923077 2.5 13.0,3,-1.0,0.5 0.5 135.066978568 84.6666666667 0.923076923077 2.5 13.0
0.5 0.5 135.066978568 84.6666666667 0.923076923077 2.5 13.0,3,1.0,0.5 0.5 86.1440212601 44.0 1.0 2.5 13.0
0.5 0.5 86.1440212601 44.0 1.0 2.5 13.0,3,1.0,0.5 0.5 106.199267007 82.1538461538 1.0 2.5 13.0
0.5 0.5 106.199267007 82.1538461538 1.0 2.5 13.0,3,-1.0,0.5 0.5 116.675490816 94.4545454545 0.846153846154 2.5 13.0
0.5 0.5 116.675490816 94.4545454545 0.846153846154 2.5 13.0,3,1.0,0.5 0.5 84.8995524223 89.2307692308 1.0 2.5 13.0
0.5 0.5 84.8995524223 89.2307692308 1.0 2.5 13.0,3,1.0,0.5 0.5 100.423137622 118.769230769 1.0 2.5 13.0
0.0 0.0 250.0 150.0 0.0 4.0 13.0,1,-1.0,0.0 0.0 250.0 150.0 0.0 3.5 13.0
0.0 0.0 250.0 150.0 0.0 3.5 13.0,1,-1.0,0.0 0.0 250.0 150.0 0.0 3.0 13.0
0.0 0.0 250.0 150.0 0.0 3.0 13.0,1,1.0,0.5 0.5 99.1394725366 117.166666667 0.923076923077 2.5 13.0
0.5 0.5 99.1394725366 117.166666667 0.923076923077 2.5 13.0,3,1.0,0.5 0.5 104.891635049 98.6153846154 1.0 2.5 13.0
0.5 0.5 104.891635049 98.6153846154 1.0 2.5 13.0,3,1.0,0.5 0.5 87.3087615049 43.1538461538 1.0 2.5 13.0
0.5 0.5 87.3087615049 43.1538461538 1.0 2.5 13.0,3,-1.0,0.5 0.5 87.7990231757 93.4166666667 0.923076923077 2.5 13.0
0.5 0.5 87.7990231757 93.4166666667 0.923076923077 2.5 13.0,2,-1.0,0.5 0.5 104.969910919 77.0 0.923076923077 2.5 13.0
0.5 0.5 104.969910919 77.0 0.923076923077 2.5 13.0,3,1.0,0.5 0.5 122.913072757 61.7692307692 1.0 2.5 13.0
0.5 0.5 122.913072757 61.7692307692 1.0 2.5 13.0,3,1.0,0.5 0.5 86.6235533956 103.846153846 1.0 2.5 13.0
0.5 0.5 86.6235533956 103.846153846 1.0 2.5 13.0,3,-1.0,0.5 0.5 75.1013432425 40.8333333333 0.923076923077 2.5 13.0
0.5 0.5 75.1013432425 40.8333333333 0.923076923077 2.5 13.0,3,1.0,0.5 0.5 83.3900989582 69.2307692308 1.0 2.5 13.0
0.5 0.5 83.3900989582 69.2307692308 1.0 2.5 13.0,3,1.0,0.5 0.5 78.1299045215 44.3846153846 1.0 2.5 13.0
0.5 0.5 78.1299045215 44.3846153846 1.0 2.5 13.0,3,-1.0,0.5 0.5 92.8470086995 110.916666667 0.923076923077 2.5 13.0
0.5 0.5 92.8470086995 110.916666667 0.923076923077 2.5 13.0,3,-1.0,0.5 0.5 75.5552055351 103.583333333 0.923076923077 2.5 13.0
0.5 0.5 75.5552055351 103.583333333 0.923076923077 2.5 13.0,3,1.0,0.5 0.5 100.340590693 87.1538461538 1.0 2.5 13.0
1.0 1.0 74.1970933305 14.6363636364 0.846153846154 1.0 11.0,0,1.0,1.0 1.0 56.6536512975 14.0909090909 0.846153846154 1.5 11.0
1.0 1.0 56.6536512975 14.0909090909 0.846153846154 1.5 11.0,0,1.0,1.0 1.0 57.3735971709 13.4545454545 0.846153846154 2.0 11.0
1.0 1.0 57.3735971709 13.4545454545 0.846153846154 2.0 11.0,0,1.0,0.5 0.5 84.3675138187 35.6363636364 0.846153846154 2.5 11.0
0.5 0.5 84.3675138187 35.6363636364 0.846153846154 2.5 11.0,3,1.0,0.5 0.5 86.880467795 56.6666666667 0.923076923077 2.5 12.0
0.5 0.5 86.880467795 56.6666666667 0.923076923077 2.5 12.0,3,1.0,0.5 0.5 83.2937939668 43.6153846154 1.0 2.5 13.0
0.5 0.5 83.2937939668 43.6153846154 1.0 2.5 13.0,3,1.0,0.5 0.5 92.3020971493 98.1538461538 1.0 2.5 13.0
0.5 0.5 92.3020971493 98.1538461538 1.0 2.5 13.0,3,1.0,0.5 0.5 99.4100566868 84.6923076923 1.0 2.5 13.0
0.5 0.5 99.4100566868 84.6923076923 1.0 2.5 13.0,3,1.0,0.5 0.5 127.914437482 103.0 1.0 2.5 13.0
0.5 0.5 127.914437482 103.0 1.0 2.5 13.0,3,1.0,0.5 0.5 87.0586661292 108.461538462 1.0 2.5 13.0
0.5 0.5 87.0586661292 108.461538462 1.0 2.5 13.0,3,1.0,0.5 0.5 121.853749261 68.4615384615 1.0 2.5 13.0
0.5 0.5 121.853749261 68.4615384615 1.0 2.5 13.0,3,-1.0,0.5 0.5 86.8685030652 91.6363636364 0.846153846154 2.5 13.0
0.5 0.5 86.8685030652 91.6363636364 0.846153846154 2.5 13.0,3,1.0,0.5 0.5 116.887730432 58.5833333333 0.923076923077 2.5 13.0
0.5 0.5 116.887730432 58.5833333333 0.923076923077 2.5 13.0,2,1.0,0.5 0.5 94.1076459925 118.538461538 1.0 2.5 13.0
0.5 0.5 94.1076459925 118.538461538 1.0 2.5 13.0,3,1.0,0.5 0.5 99.6253895129 103.538461538 1.0 2.5 13.0
0.5 0.5 99.6253895129 103.538461538 1.0 2.5 13.0,3,-1.0,0.5 0.5 84.3329957825 110.416666667 0.923076923077 2.5 13.0
0.0 0.0 250.0 150.0 0.0 3.0 13.0,1,1.0,0.5 0.5 82.771064314 124.0 0.923076923077 2.5 13.0
0.5 0.5 82.771064314 124.0 0.923076923077 2.5 13.0,2,1.0,0.5 0.5 139.567474494 61.6923076923 1.0 2.5 13.0
0.5 0.5 139.567474494 61.6923076923 1.0 2.5 13.0,3,-1.0,0.5 0.5 116.111546918 62.3636363636 0.846153846154 2.5 13.0
0.5 0.5 116.111546918 62.3636363636 0.846153846154 2.5 13.0,3,-1.0,0.5 0.5 102.454376327 98.3636363636 0.846153846154 2.5 13.0
0.5 0.5 102.454376327 98.3636363636 0.846153846154 2.5 13.0,2,1.0,0.5 0.5 84.1529673994 53.8461538462 1.0 2.5 13.0
0.5 0.5 84.1529673994 53.8461538462 1.0 2.5 13.0,3,1.0,0.5 0.5 93.7335126359 63.4615384615 1.0 2.5 13.0
0.5 0.5 93.7335126359 63.4615384615 1.0 2.5 13.0,3,-1.0,0.5 0.5 120.942757003 101.8 0.769230769231 2.5 13.0
0.5 0.5 120.942757003 101.8 0.769230769231 2.5 13.0,3,1.0,0.5 0.5 76.1431171347 56.1538461538 1.0 2.5 13.0
0.5 0.5 76.1431171347 56.1538461538 1.0 2.5 13.0,2,-1.0,0.5 0.5 92.335769168 70.25 0.923076923077 2.5 13.0
0.5 0.5 92.335769168 70.25 0.923076923077 2.5 13.0,2,1.0,0.5 0.5 101.654604104 83.6153846154 1.0 2.5 13.0
0.5 0.5 101.654604104 83.6153846154 1.0 2.5 13.0,3,1.0,0.5 0.5 106.213704991 106.769230769 1.0 2.5 13.0
0.5 0.5 106.213704991 106.769230769 1.0 2.5 13.0,3,1.0,0.5 0.5 112.968116412 85.3846153846 1.0 2.5 13.0
0.5 0.5 112.968116412 85.3846153846 1.0 2.5 13.0,2,1.0,0.5 0.5 99.5609614355 115.692307692 1.0 2.5 13.0
0.5 0.5 99.5609614355 115.692307692 1.0 2.5 13.0,3,-1.0,0.5 0.5 109.161351963 111.181818182 0.846153846154 2.5 13.0
0.5 0.5 109.161351963 111.181818182 0.846153846154 2.5 13.0,3,1.0,0.5 0.5 77.8995768573 74.8461538462 1.0 2.5 13.0
0.5 0.5 82.0403794954 104.307692308 1.0 2.5 13.0,3,-1.0,0.5 0.5 120.948881305 165.6 0.769230769231 2.5 13.0
0.5 0.5 120.948881305 165.6 0.769230769231 2.5 13.0,3,1.0,0.5 0.5 91.8393667539 43.0 1.0 2.5 13.0
0.5 0.5 91.8393667539 43.0 1.0 2.5 13.0,3,1.0,0.5 0.5 109.001162212 115.769230769 1.0 2.5 13.0
0.5 0.5 109.001162212 115.769230769 1.0 2.5 13.0,2,1.0,0.5 0.5 117.427843037 90.9230769231 1.0 2.5 13.0
0.5 0.5 117.427843037 90.9230769231 1.0 2.5 13.0,3,1.0,0.5 0.5 90.3592610571 94.0769230769 1.0 2.5 13.0
0.5 0.5 90.3592610571 94.0769230769 1.0 2.5 13.0,3,-1.0,0.5 0.5 86.0637960689 77.4545454545 0.846153846154 2.5 13.0
0.5 0.5 86.0637960689 77.4545454545 0.846153846154 2.5 13.0,3,1.0,0.5 0.5 100.856942877 73.0 1.0 2.5 13.0
0.5 0.5 100.856942877 73.0 1.0 2.5 13.0,3,1.0,0.5 0.5 96.7567767342 56.7692307692 1.0 2.5 13.0
0.5 0.5 96.7567767342 56.7692307692 1.0 2.5 13.0,3,-1.0,0.5 0.5 111.286168276 88.0 0.923076923077 2.5 13.0
0.5 0.5 111.286168276 88.0 0.923076923077 2.5 13.0,3,-1.0,0.5 0.5 90.2830004561 75.0 0.923076923077 2.5 13.0
0.5 0.5 90.2830004561 75.0 0.923076923077 2.5 13.0,3,1.0,0.5 0.5 81.7657592728 74.1538461538 1.0 2.5 13.0
0.5 0.5 81.7657592728 74.1538461538 1.0 2.5 13.0,3,1.0,0.5 0.5 94.7073298277 77.1538461538 1.0 2.5 13.0
0.5 0.5 94.7073298277 77.1538461538 1.0 2.5 13.0,3,1.0,0.5 0.5 84.3990615199 61.7692307692 1.0 2.5 13.0
0.5 0.5 84.3990615199 61.7692307692 1.0 2.5 13.0,3,1.0,0.5 0.5 68.591914337 59.8461538462 1.0 2.5 13.0
0.5 0.5 68.591914337 59.8461538462 1.0 2.5 13.0,3,-1.0,0.5 0.5 101.0722732 77.75 0.923076923077 2.5 13.0
1.0 1.0 75.5159411266 16.9 0.769230769231 0.5 10.0,0,1.0,1.0 1.0 75.727740683 17.4 0.769230769231 1.0 10.0
1.0 1.0 75.727740683 17.4 0.769230769231 1.0 10.0,0,1.0,1.0 1.0 77.6216492369 16.4 0.769230769231 1.5 10.0
1.0 1.0 77.6216492369 16.4 0.769230769231 1.5 10.0,3,1.0,1.0 1.0 60.5537803129 22.5454545455 0.846153846154 1.5 11.0
1.0 1.0 60.5537803129 22.5454545455 0.846153846154 1.5 11.0,0,1.0,1.0 1.0 61.8805027499 20.9090909091 0.846153846154 2.0 11.0
1.0 1.0 61.8805027499 20.9090909091 0.846153846154 2.0 11.0,0,1.0,0.5 0.5 85.6940048819 57.7272727273 0.846153846154 2.5 11.0
0.5 0.5 85.6940048819 57.7272727273 0.846153846154 2.5 11.0,3,1.0,0.5 0.5 93.6460007625 68.5 0.923076923077 2.5 12.0
0.5 0.5 93.6460007625 68.5 0.923076923077 2.5 12.0,3,-1.0,0.5 0.5 97.2840736 118.333333333 0.923076923077 2.5 13.0
0.5 0.5 97.2840736 118.333333333 0.923076923077 2.5 13.0,3,1.0,0.5 0.5 104.851451609 69.0 1.0 2.5 13.0
0.5 0.5 104.851451609 69.0 1.0 2.5 13.0,3,-1.0,0.5 0.5 90.0137132853 65.1666666667 0.923076923077 2.5 13.0
0.5 0.5 90.0137132853 65.1666666667 0.923076923077 2.5 13.0,2,1.0,0.5 0.5 100.191718064 72.2307692308 1.0 2.5 13.0
0.5 0.5 100.191718064 72.2307692308 1.0 2.5 13.0,3,-1.0,0.5 0.5 82.7994432804 111.727272727 0.846153846154 2.5 13.0
0.5 0.5 82.7994432804 111.727272727 0.846153846154 2.5 13.0,3,1.0,0.5 0.5 102.138730701 63.6153846154 1.0 2.5 13.0
0.5 0.5 102.138730701 63.6153846154 1.0 2.5 13.0,3,1.0,0.5 0.5 82.40915822 55.1538461538 1.0 2.5 13.0
0.5 0.5 82.40915822 55.1538461538 1.0 2.5 13.0,3,1.0,0.5 0.5 95.2443811991 80.4615384615 1.0 2.5 13.0
0.5 0.5 95.2443811991 80.4615384615 1.0 2.5 13.0,2,1.0,0.5 0.5 120.901732184 91.0 1.0 2.5 13.0
0.5 0.5 93.063956477 49.8333333333 0.923076923077 2.5 12.0,3,1.0,0.5 0.5 99.9360747144 81.7692307692 1.0 2.5 13.0
0.5 0.5 99.9360747144 81.7692307692 1.0 2.5 13.0,3,-1.0,0.5 0.5 88.4374982137 84.1666666667 0.923076923077 2.5 13.0
0.5 0.5 88.4374982137 84.1666666667 0.923076923077 2.5 13.0,3,1.0,0.5 0.5 92.1472929938 63.5384615385 1.0 2.5 13.0
0.5 0.5 92.1472929938 63.5384615385 1.0 2.5 13.0,3,1.0,0.5 0.5 114.866536212 84.0769230769 1.0 2.5 13.0
0.5 0.5 114.866536212 84.0769230769 1.0 2.5 13.0,3,1.0,0.5 0.5 96.815608835 131.692307692 1.0 2.5 13.0
0.5 0.5 96.815608835 131.692307692 1.0 2.5 13.0,3,1.0,0.5 0.5 75.3356276623 42.8461538462 1.0 2.5 13.0
0.5 0.5 75.3356276623 42.8461538462 1.0 2.5 13.0,3,1.0,0.5 0.5 97.0400313262 37.6923076923 1.0 2.5 13.0
0.5 0.5 97.0400313262 37.6923076923 1.0 2.5 13.0,3,1.0,0.5 0.5 87.6592623358 45.2307692308 1.0 2.5 13.0
0.5 0.5 87.6592623358 45.2307692308 1.0 2.5 13.0,3,1.0,0.5 0.5 110.426461529 94.0 1.0 2.5 13.0
0.5 0.5 110.426461529 94.0 1.0 2.5 13.0,3,1.0,0.5 0.5 89.4811202365 42.6153846154 1.0 2.5 13.0
0.5 0.5 89.4811202365 42.6153846154 1.0 2.5 13.0,3,1.0,0.5 0.5 98.6514303581 61.8461538462 1.0 2.5 13.0
0.5 0.5 98.6514303581 61.8461538462 1.0 2.5 13.0,3,1.0,0.5 0.5 108.300641723 44.0 1.0 2.5 13.0
0.5 0.5 108.300641723 44.0 1.0 2.5 13.0,3,1.0,0.5 0.5 89.1554067295 86.7692307692 1.0 2.5 13.0
0.5 0.5 89.1554067295 86.7692307692 1.0 2.5 13.0,3,1.0,0.5 0.5 93.8258923766 67.7692307692 1.0 2.5 13.0
0.5 0.5 93.8258923766 67.7692307692 1.0 2.5 13.0,2,-1.0,0.5 0.5 124.143492042 100.916666667 0.923076923077 2.5 13.0
1.0 1.0 70.8542314563 24.1538461538 1.0 2.0 13.0,0,1.0,0.5 0.5 98.4467456829 74.6153846154 1.0 2.5 13.0
0.5 0.5 98.4467456829 74.6153846154 1.0 2.5 13.0,3,1.0,0.5 0.5 97.22738917 60.7692307692 1.0 2.5 13.0
0.5 0.5 97.22738917 60.7692307692 1.0 2.5 13.0,3,1.0,0.5 0.5 98.223547043 88.2307692308 1.0 2.5 13.0
0.5 0.5 98.223547043 88.2307692308 1.0 2.5 13.0,3,1.0,0.5 0.5 98.1184227928 84.0 1.0 2.5 13.0
0.5 0.5 98.1184227928 84.0 1.0 2.5 13.0,2,1.0,0.5 0.5 111.836284199 115.461538462 1.0 2.5 13.0
0.5 0.5 111.836284199 115.461538462 1.0 2.5 13.0,3,1.0,0.5 0.5 91.4528435012 76.6923076923 1.0 2.5 13.0
0.5 0.5 91.4528435012 76.6923076923 1.0 2.5 13.0,3,-1.0,0.5 0.5 100.029877831 94.3636363636 0.846153846154 2.5 13.0
0.5 0.5 100.029877831 94.3636363636 0.846153846154 2.5 13.0,2,1.0,0.5 0.5 121.515849716 99.5384615385 1.0 2.5 13.0
0.5 0.5 121.515849716 99.5384615385 1.0 2.5 13.0,3,-1.0,0.5 0.5 104.173341131 45.0 0.923076923077 2.5 13.0
0.5 0.5 104.173341131 45.0 0.923076923077 2.5 13.0,3,1.0,0.5 0.5 93.4099459885 66.6153846154 1.0 2.5 13.0
0.5 0.5 93.4099459885 66.6153846154 1.0 2.5 13.0,2,1.0,0.5 0.5 77.3226993373 92.2307692308 1.0 2.5 13.0
0.5 0.5 77.3226993373 92.2307692308 1.0 2.5 13.0,3,1.0,0.5 0.5 99.2786677838 70.0 1.0 2.5 13.0
0.5 0.5 99.2786677838 70.0 1.0 2.5 13.0,3,1.0,0.5 0.5 69.9301701787 70.4615384615 1.0 2.5 13.0
0.5 0.5 69.9301701787 70.4615384615 1.0 2.5 13.0,3,1.0,0.5 0.5 90.2901529384 52.7692307692 1.0 2.5 13.0
0.5 0.5 90.2901529384 52.7692307692 1.0 2.5 13.0,3,1.0,0.5 0.5 104.126343602 74.6923076923 1.0 2.5 13.0
0.0 0.0 250.0 150.0 0.0 4.0 13.0,1,-1.0,0.0 0.0 250.0 150.0 0.0 3.5 13.0
0.0 0.0 250.0 150.0 0.0 3.5 13.0,1,-1.0,0.0 0.0 250.0 150.0 0.0 3.0 13.0
0.0 0.0 250.0 150.0 0.0 3.0 13.0,1,1.0,0.5 0.5 89.9295140392 72.1538461538 1.0 2.5 13.0
0.5 0.5 89.9295140392 72.1538461538 1.0 2.5 13.0,3,1.0,0.5 0.5 97.6605341506 91.8461538462 1.0 2.5 13.0
0.5 0.5 97.6605341506 91.8461538462 1.0 2.5 13.0,3,-1.0,0.5 0.5 95.2911820228 86.25 0.923076923077 2.5 13.0
0.5 0.5 95.2911820228 86.25 0.923076923077 2.5 13.0,2,1.0,0.5 0.5 116.799684675 56.4615384615 1.0 2.5 13.0
0.5 0.5 116.799684675 56.4615384615 1.0 2.5 13.0,3,1.0,0.5 0.5 89.4327074583 95.7692307692 1.0 2.5 13.0
0.5 0.5 89.4327074583 95.7692307692 1.0 2.5 13.0,3,1.0,0.5 0.5 77.3460901307 83.0769230769 1.0 2.5 13.0
0.5 0.5 77.3460901307 83.0769230769 1.0 2.5 13.0,3,1.0,0.5 0.5 121.144311174 94.4615384615 1.0 2.5 13.0
0.5 0.5 121.144311174 94.4615384615 1.0 2.5 13.0,3,1.0,0.5 0.5 112.417397286 111.307692308 1.0 2.5 13.0
0.5 0.5 112.417397286 111.307692308 1.0 2.5 13.0,3,1.0,0.5 0.5 89.2522469498 70.3076923077 1.0 2.5 13.0
0.5 0.5 89.2522469498 70.3076923077 1.0 2.5 13.0,2,1.0,0.5 0.5 116.803589694 98.8461538462 1.0 2.5 13.0
0.5 0.5 116.803589694 98.8461538462 1.0 2.5 13.0,3,1.0,0.5 0.5 112.339954499 75.0769230769 1.0 2.5 13.0
0.5 0.5 112.339954499 75.0769230769 1.0 2.5 13.0,3,1.0,0.5 0.5 110.418779661 100.384615385 1.0 2.5 13.0
0.5 0.5 110.418779661 100.384615385 1.0 2.5 13.0,2,1.0,0.5 0.5 77.5495378476 113.846153846 1.0 2.5 13.0
0.0 0.0 250.0 150.0 0.0 4.0 13.0,1,-1.0,0.0 0.0 250.0 150.0 0.0 3.5 13.0
0.0 0.0 250.0 150.0 0.0 3.5 13.0,1,-1.0,0.0 0.0 250.0 150.0 0.0 3.0 13.0
0.0 0.0 250.0 150.0 0.0 3.0 13.0,1,1.0,0.5 0.5 98.1575052272 71.8461538462 1.0 2.5 13.0
0.5 0.5 98.1575052272 71.8461538462 1.0 2.5 13.0,3,-1.0,0.5 0.5 86.0422066266 83.8333333333 0.923076923077 2.5 13.0
0.5 0.5 86.0422066266 83.8333333333 0.923076923077 2.5 13.0,3,1.0,0.5 0.5 104.928410093 105.076923077 1.0 2.5 13.0
0.5 0.5 104.928410093 105.076923077 1.0 2.5 13.0,3,-1.0,0.5 0.5 95.8770562159 81.5833333333 0.923076923077 2.5 13.0
0.5 0.5 95.8770562159 81.5833333333 0.923076923077 2.5 13.0,2,1.0,0.5 0.5 69.2870906837 55.5384615385 1.0 2.5 13.0
0.5 0.5 69.2870906837 55.5384615385 1.0 2.5 13.0,2,-1.0,0.5 0.5 133.379134146 98.7272727273 0.846153846154 2.5 13.0
0.5 0.5 133.379134146 98.7272727273 0.846153846154 2.5 13.0,3,1.0,0.5 0.5 86.9954391668 31.0769230769 1.0 2.5 13.0
0.5 0.5 86.9954391668 31.0769230769 1.0 2.5 13.0,3,1.0,0.5 0.5 86.9468302742 83.2307692308 1.0 2.5 13.0
0.5 0.5 86.9468302742 83.2307692308 1.0 2.5 13.0,3,1.0,0.5 0.5 76.8173391922 39.6923076923 1.0 2.5 13.0
0.5 0.5 76.8173391922 39.6923076923 1.0 2.5 13.0,3,-1.0,0.5 0.5 118.057725579 76.75 0.923076923077 2.5 13.0
0.5 0.5 118.057725579 76.75 0.923076923077 2.5 13.0,3,-1.0,0.5 0.5 79.9141045244 92.3333333333 0.923076923077 2.5 13.0
0.5 0.5 79.9141045244 92.3333333333 0.923076923077 2.5 13.0,3,1.0,0.5 0.5 111.101804296 96.0 1.0 2.5 13.0
0.5 0.5 111.101804296 96.0 1.0 2.5 13.0,3,1.0,0.5 0.5 85.9625140491 84.8461538462 1.0 2.5 13.0
0.0 0.0 250.0 150.0 0.0 3.5 11.0,1,-1.0,0.0 0.0 250.0 150.0 0.0 3.0 11.0
0.0 0.0 250.0 150.0 0.0 3.0 11.0,1,1.0,0.5 0.5 110.751345849 81.6363636364 0.846153846154 2.5 11.0
0.5 0.5 110.751345849 81.6363636364 0.846153846154 2.5 11.0,3,1.0,0.5 0.5 96.1941554881 126.333333333 0.923076923077 2.5 12.0
0.5 0.5 96.1941554881 126.333333333 0.923076923077 2.5 12.0,3,1.0,0.5 0.5 81.4180340446 94.7692307692 1.0 2.5 13.0
0.5 0.5 81.4180340446 94.7692307692 1.0 2.5 13.0,3,1.0,0.5 0.5 112.483902144 96.8461538462 1.0 2.5 13.0
0.5 0.5 112.483902144 96.8461538462 1.0 2.5 13.0,3,1.0,0.5 0.5 112.133224166 105.615384615 1.0 2.5 13.0
0.5 0.5 112.133224166 105.615384615 1.0 2.5 13.0,3,1.0,0.5 0.5 82.8744515687 71.6153846154 1.0 2.5 13.0
0.5 0.5 82.8744515687 71.6153846154 1.0 2.5 13.0,3,1.0,0.5 0.5 79.7241973696 47.0769230769 1.0 2.5 13.0
0.5 0.5 79.7241973696 47.0769230769 1.0 2.5 13.0,3,1.0,0.5 0.5 88.1055377824 61.1538461538 1.0 2.5 13.0
0.5 0.5 88.1055377824 61.1538461538 1.0 2.5 13.0,3,-1.0,0.5 0.5 133.949263601 100.916666667 0.923076923077 2.5 13.0
0.5 0.5 133.949263601 100.916666667 0.923076923077 2.5 13.0,3,1.0,0.5 0.5 75.339344694 82.8461538462 1.0 2.5 13.0
0.5 0.5 75.339344694 82.8461538462 1.0 2.5 13.0,3,1.0,0.5 0.5 111.855694954 59.3076923077 1.0 2.5 13.0
0.5 0.5 111.855694954 59.3076923077 1.0 2.5 13.0,3,1.0,0.5 0.5 112.312080019 108.153846154 1.0 2.5 13.0
0.5 0.5 112.312080019 108.153846154 1.0 2.5 13.0,3,1.0,0.5 0.5 85.081474004 59.3846153846 1.0 2.5 13.0
0.5 0.5 85.081474004 59.3846153846 1.0 2.5 13.0,3,-1.0,0.5 0.5 97.9897618546 67.7 0.769230769231 2.5 13.0
1.0 1.0 69.7586835097 24.8461538462 1.0 2.0 13.0,0,1.0,0.5 0.5 108.108379215 81.25 0.923076923077 2.5 13.0
0.5 0.5 108.108379215 81.25 0.923076923077 2.5 13.0,3,1.0,0.5 0.5 103.337573431 118.153846154 1.0 2.5 13.0
0.5 0.5 103.337573431 118.153846154 1.0 2.5 13.0,3,1.0,0.5 0.5 98.1225865211 71.3846153846 1.0 2.5 13.0
0.5 0.5 98.1225865211 71.3846153846 1.0 2.5 13.0,3,1.0,0.5 0.5 115.978086264 116.230769231 1.0 2.5 13.0
0.5 0.5 115.978086264 116.230769231 1.0 2.5 13.0,2,1.0,0.5 0.5 75.3836188553 83.1538461538 1.0 2.5 13.0
0.5 0.5 75.3836188553 83.1538461538 1.0 2.5 13.0,3,1.0,0.5 0.5 93.6754580252 92.3846153846 1.0 2.5 13.0
0.5 0.5 93.6754580252 92.3846153846 1.0 2.5 13.0,3,1.0,0.5 0.5 101.504412366 92.7692307692 1.0 2.5 13.0
0.5 0.5 101.504412366 92.7692307692 1.0 2.5 13.0,3,-1.0,0.5 0.5 118.632095253 107.0 0.923076923077 2.5 13.0
0.5 0.5 118.632095253 107.0 0.923076923077 2.5 13.0,3,1.0,0.5 0.5 88.2130639984 72.1538461538 1.0 2.5 13.0
0.5 0.5 88.2130639984 72.1538461538 1.0 2.5 13.0,3,1.0,0.5 0.5 92.6910431005 37.8461538462 1.0 2.5 13.0
0.5 0.5 92.6910431005 37.8461538462 1.0 2.5 13.0,3,1.0,0.5 0.5 93.6067932558 81.6153846154 1.0 2.5 13.0
0.5 0.5 93.6067932558 81.6153846154 1.0 2.5 13.0,3,1.0,0.5 0.5 80.2949940493 102.0 1.0 2.5 13.0
0.5 0.5 80.2949940493 102.0 1.0 2.5 13.0,3,1.0,0.5 0.5 97.6578269498 79.7692307692 1.0 2.5 13.0
0.5 0.5 97.6578269498 79.7692307692 1.0 2.5 13.0,3,1.0,0.5 0.5 101.125506723 61.0769230769 1.0 2.5 13.0
0.5 0.5 101.125506723 61.0769230769 1.0 2.5 13.0,3,-1.0,0.5 0.5 114.783174334 123.416666667 0.923076923077 2.5 13.0
0.5 0.5 81.6684951638 67.4615384615 1.0 2.5 13.0,3,1.0,0.5 0.5 98.611952216 61.9230769231 1.0 2.5 13.0
0.5 0.5 98.611952216 61.9230769231 1.0 2.5 13.0,3,-1.0,0.5 0.5 124.356377677 116.916666667 0.923076923077 2.5 13.0
0.5 0.5 124.356377677 116.916666667 0.923076923077 2.5 13.0,3,-1.0,0.5 0.5 91.2436004721 45.4166666667 0.923076923077 2.5 13.0
0.5 0.5 91.2436004721 45.4166666667 0.923076923077 2.5 13.0,3,1.0,0.5 0.5 78.7496008525 102.230769231 1.0 2.5 13.0
0.5 0.5 78.7496008525 102.230769231 1.0 2.5 13.0,3,1.0,0.5 0.5 79.227340191 88.2307692308 1.0 2.5 13.0
0.5 0.5 79.227340191 88.2307692308 1.0 2.5 13.0,3,-1.0,0.5 0.5 89.6795036277 108.333333333 0.923076923077 2.5 13.0
0.5 0.5 89.6795036277 108.333333333 0.923076923077 2.5 13.0,3,-1.0,0.5 0.5 82.6384812615 61.5454545455 0.846153846154 2.5 13.0
0.5 0.5 82.6384812615 61.5454545455 0.846153846154 2.5 13.0,3,1.0,0.5 0.5 90.5703488245 89.5384615385 1.0 2.5 13.0
0.5 0.5 90.5703488245 89.5384615385 1.0 2.5 13.0,3,-1.0,0.5 0.5 105.360003606 98.0 0.846153846154 2.5 13.0
0.5 0.5 105.360003606 98.0 0.846153846154 2.5 13.0,2,1.0,0.5 0.5 107.851143724 107.846153846 1.0 2.5 13.0
0.5 0.5 107.851143724 107.846153846 1.0 2.5 13.0,3,1.0,0.5 0.5 85.3437704055 82.0769230769 1.0 2.5 13.0
0.5 0.5 85.3437704055 82.0769230769 1.0 2.5 13.0,2,-1.0,0.5 0.5 109.814522676 95.25 0.923076923077 2.5 13.0
0.5 0.5 109.814522676 95.25 0.923076923077 2.5 13.0,3,1.0,0.5 0.5 95.9226238748 73.0769230769 1.0 2.5 13.0
0.5 0.5 95.9226238748 73.0769230769 1.0 2.5 13.0,3,1.0,0.5 0.5 117.163209346 56.6153846154 1.0 2.5 13.0
0.5 0.5 117.163209346 56.6153846154 1.0 2.5 13.0,3,1.0,0.5 0.5 115.254803475 71.1538461538 1.0 2.5 13.0
0.0 0.0 250.0 150.0 0.0 4.0 13.0,1,-1.0,0.0 0.0 250.0 150.0 0.0 3.5 13.0
0.0 0.0 250.0 150.0 0.0 3.5 13.0,1,-1.0,0.0 0.0 250.0 150.0 0.0 3.0 13.0
0.0 0.0 250.0 150.0 0.0 3.0 13.0,1,1.0,0.5 0.5 88.0650636572 89.7692307692 1.0 2.5 13.0
0.5 0.5 88.0650636572 89.7692307692 1.0 2.5 13.0,3,1.0,0.5 0.5 128.085193654 65.0769230769 1.0 2.5 13.0
0.5 0.5 128.085193654 65.0769230769 1.0 2.5 13.0,3,1.0,0.5 0.5 98.1995251395 77.0 1.0 2.5 13.0
0.5 0.5 98.1995251395 77.0 1.0 2.5 13.0,3,1.0,0.5 0.5 120.507210183 56.4615384615 1.0 2.5 13.0
0.5 0.5 120.507210183 56.4615384615 1.0 2.5 13.0,2,-1.0,0.5 0.5 118.235191361 118.916666667 0.923076923077 2.5 13.0
0.5 0.5 118.235191361 118.916666667 0.923076923077 2.5 13.0,3,1.0,0.5 0.5 98.9008331137 73.4615384615 1.0 2.5 13.0
0.5 0.5 98.9008331137 73.4615384615 1.0 2.5 13.0,2,1.0,0.5 0.5 93.4562968058 89.6153846154 1.0 2.5 13.0
0.5 0.5 93.4562968058 89.6153846154 1.0 2.5 13.0,3,-1.0,0.5 0.5 107.556441347 114.909090909 0.846153846154 2.5 13.0
0.5 0.5 107.556441347 114.909090909 0.846153846154 2.5 13.0,3,1.0,0.5 0.5 114.174366341 87.9230769231 1.0 2.5 13.0
0.5 0.5 114.174366341 87.9230769231 1.0 2.5 13.0,3,-1.0,0.5 0.5 101.023256315 123.666666667 0.923076923077 2.5 13.0
0.5 0.5 101.023256315 123.666666667 0.923076923077 2.5 13.0,2,1.0,0.5 0.5 113.044467994 115.461538462 1.0 2.5 13.0
0.5 0.5 113.044467994 115.461538462 1.0 2.5 13.0,3,1.0,0.5 0.5 72.3148276511 76.6923076923 1.0 2.5 13.0
0.5 0.5 72.3148276511 76.6923076923 1.0 2.5 13.0,2,1.0,0.5 0.5 88.2675486015 59.1538461538 1.0 2.5 13.0
1.0 1.0 60.3292675294 14.4444444444 0.692307692308 0.5 9.0,0,1.0,1.0 1.0 60.3292675294 16.1111111111 0.692307692308 1.0 9.0
1.0 1.0 60.3292675294 16.1111111111 0.692307692308 1.0 9.0,3,1.0,1.0 1.0 59.1158034614 15.5 0.769230769231 1.0 10.0
1.0 1.0 59.1158034614 15.5 0.769230769231 1.0 10.0,0,1.0,1.0 1.0 75.727740683 17.0 0.769230769231 1.5 10.0
1.0 1.0 75.727740683 17.0 0.769230769231 1.5 10.0,0,1.0,1.0 1.0 75.727740683 16.6 0.769230769231 2.0 10.0
1.0 1.0 75.727740683 16.6 0.769230769231 2.0 10.0,3,1.0,1.0 1.0 64.6084015315 21.2727272727 0.846153846154 2.0 11.0
1.0 1.0 64.6084015315 21.2727272727 0.846153846154 2.0 11.0,3,1.0,1.0 1.0 68.7592133664 25.3333333333 0.923076923077 2.0 12.0
1.0 1.0 68.7592133664 25.3333333333 0.923076923077 2.0 12.0,0,1.0,0.5 0.5 119.817942366 80.4166666667 0.923076923077 2.5 12.0
0.5 0.5 119.817942366 80.4166666667 0.923076923077 2.5 12.0,3,1.0,0.5 0.5 117.023858944 55.1538461538 1.0 2.5 13.0
0.5 0.5 117.023858944 55.1538461538 1.0 2.5 13.0,3,1.0,0.5 0.5 96.6894961093 86.3076923077 1.0 2.5 13.0
0.5 0.5 96.6894961093 86.3076923077 1.0 2.5 13.0,3,-1.0,0.5 0.5 117.058323545 53.75 0.923076923077 2.5 13.0
0.5 0.5 117.058323545 53.75 0.923076923077 2.5 13.0,3,1.0,0.5 0.5 86.9590870825 58.3076923077 1.0 2.5 13.0
0.5 0.5 86.9590870825 58.3076923077 1.0 2.5 13.0,3,-1.0,0.5 0.5 117.675451019 77.0833333333 0.923076923077 2.5 13.0
0.5 0.5 117.675451019 77.0833333333 0.923076923077 2.5 13.0,3,1.0,0.5 0.5 97.7228669401 102.846153846 1.0 2.5 13.0
0.5 0.5 97.7228669401 102.846153846 1.0 2.5 13.0,3,1.0,0.5 0.5 101.260907545 55.0 1.0 2.5 13.0
0.5 0.5 101.260907545 55.0 1.0 2.5 13.0,3,1.0,0.5 0.5 138.837925865 106.076923077 1.0 2.5 13.0
1.0 1.0 64.4661384655 22.2307692308 1.0 1.5 13.0,0,1.0,1.0 1.0 69.7586835097 24.6153846154 1.0 2.0 13.0
1.0 1.0 69.7586835097 24.6153846154 1.0 2.0 13.0,0,1.0,0.5 0.5 89.7441475202 93.5384615385 1.0 2.5 13.0
0.5 0.5 89.7441475202 93.5384615385 1.0 2.5 13.0,3,1.0,0.5 0.5 105.495235954 62.5384615385 1.0 2.5 13.0
0.5 0.5 105.495235954 62.5384615385 1.0 2.5 13.0,2,1.0,0.5 0.5 98.6941458816 92.2307692308 1.0 2.5 13.0
0.5 0.5 98.6941458816 92.2307692308 1.0 2.5 13.0,3,1.0,0.5 0.5 102.862580502 95.4615384615 1.0 2.5 13.0
0.5 0.5 102.862580502 95.4615384615 1.0 2.5 13.0,3,1.0,0.5 0.5 89.9010382332 99.3076923077 1.0 2.5 13.0
0.5 0.5 89.9010382332 99.3076923077 1.0 2.5 13.0,3,1.0,0.5 0.5 104.378892731 38.3846153846 1.0 2.5 13.0
