1.0 1.0 191.108395977 44.3333333333 1.0 0.5 6.0,2,1.0,1.0 1.0 191.108395977 44.3333333333 1.0 0.5 6.0
1.0 1.0 191.108395977 44.3333333333 1.0 0.5 6.0,2,1.0,1.0 1.0 191.108395977 43.6666666667 1.0 0.5 6.0
1.0 1.0 191.108395977 43.6666666667 1.0 0.5 6.0,2,1.0,1.0 1.0 160.094683941 40.3333333333 1.0 0.5 6.0
1.0 1.0 160.094683941 40.3333333333 1.0 0.5 6.0,3,1.0,1.0 1.0 160.085879925 41.0 1.0 0.5 6.0
1.0 1.0 160.085879925 41.0 1.0 0.5 6.0,4,-1.0,1.0 1.0 211.749495606 59.4 0.833333333333 0.5 5.0
1.0 1.0 211.749495606 59.4 0.833333333333 0.5 5.0,2,-1.0,1.0 1.0 211.749495606 60.0 0.833333333333 0.5 5.0
1.0 1.0 211.749495606 60.0 0.833333333333 0.5 5.0,3,1.0,1.0 1.0 160.085879925 41.5 1.0 0.5 6.0
1.0 1.0 160.085879925 41.5 1.0 0.5 6.0,2,1.0,1.0 1.0 160.094683941 40.5 1.0 0.5 6.0
1.0 1.0 160.094683941 40.5 1.0 0.5 6.0,2,1.0,1.0 1.0 160.085879925 41.3333333333 1.0 0.5 6.0
1.0 1.0 160.085879925 41.3333333333 1.0 0.5 6.0,1,1.0,1.0 1.0 160.122928544 41.5 1.0 0.5 6.0
1.0 1.0 160.122928544 41.5 1.0 0.5 6.0,1,1.0,1.0 1.0 160.085879925 40.8333333333 1.0 0.5 6.0
1.0 1.0 160.085879925 40.8333333333 1.0 0.5 6.0,4,-1.0,1.0 1.0 211.749495606 58.6 0.833333333333 0.5 5.0
1.0 1.0 211.749495606 58.6 0.833333333333 0.5 5.0,4,-1.0,1.0 1.0 229.247509934 55.25 0.666666666667 0.5 4.0
1.0 1.0 229.247509934 55.25 0.666666666667 0.5 4.0,4,-1.0,1.0 1.0 132.144437176 41.0 0.5 0.5 3.0
1.0 1.0 132.144437176 41.0 0.5 0.5 3.0,1,-1.0,1.0 1.0 132.144437176 39.6666666667 0.5 0.5 3.0
1.0 1.0 189.561512571 38.0 0.166666666667 0.5 1.0,0,1.0,1.0 1.0 189.561512571 37.0 0.166666666667 1.0 1.0
1.0 1.0 189.561512571 37.0 0.166666666667 1.0 1.0,2,-1.0,1.0 1.0 189.561512571 37.0 0.166666666667 1.0 1.0
1.0 1.0 189.561512571 37.0 0.166666666667 1.0 1.0,0,1.0,1.0 1.0 189.561512571 41.0 0.166666666667 1.5 1.0
1.0 1.0 189.561512571 41.0 0.166666666667 1.5 1.0,3,1.0,1.0 1.0 210.24375318 45.0 0.333333333333 1.5 2.0
1.0 1.0 210.24375318 45.0 0.333333333333 1.5 2.0,3,1.0,1.0 1.0 198.054789744 48.0 0.5 1.5 3.0
1.0 1.0 198.054789744 48.0 0.5 1.5 3.0,1,-1.0,1.0 1.0 198.054789744 46.3333333333 0.5 1.0 3.0
1.0 1.0 198.054789744 46.3333333333 0.5 1.0 3.0,4,-1.0,1.0 1.0 210.24375318 44.0 0.333333333333 1.0 2.0
1.0 1.0 210.24375318 44.0 0.333333333333 1.0 2.0,4,-1.0,1.0 1.0 189.561512571 36.0 0.166666666667 1.0 1.0
1.0 1.0 189.561512571 36.0 0.166666666667 1.0 1.0,3,1.0,1.0 1.0 210.24375318 41.5 0.333333333333 1.0 2.0
1.0 1.0 210.24375318 41.5 0.333333333333 1.0 2.0,3,1.0,1.0 1.0 198.054789744 48.3333333333 0.5 1.0 3.0
1.0 1.0 198.054789744 48.3333333333 0.5 1.0 3.0,2,-1.0,1.0 1.0 198.054789744 46.6666666667 0.5 1.0 3.0
1.0 1.0 198.054789744 46.6666666667 0.5 1.0 3.0,2,-1.0,1.0 1.0 198.054789744 48.0 0.5 1.0 3.0
1.0 1.0 198.054789744 48.0 0.5 1.0 3.0,4,-1.0,1.0 1.0 210.24375318 49.5 0.333333333333 1.0 2.0
1.0 1.0 210.24375318 49.5 0.333333333333 1.0 2.0,2,-1.0,1.0 1.0 210.24375318 41.5 0.333333333333 1.0 2.0
1.0 1.0 210.24375318 41.5 0.333333333333 1.0 2.0,2,-1.0,1.0 1.0 210.24375318 42.0 0.333333333333 1.0 2.0
1.0 1.0 211.749495606 58.4 0.833333333333 1.0 5.0,2,1.0,1.0 1.0 211.749495606 57.0 0.833333333333 1.0 5.0
1.0 1.0 211.749495606 57.0 0.833333333333 1.0 5.0,0,1.0,1.0 1.0 211.791287263 60.6 0.833333333333 1.5 5.0
1.0 1.0 211.791287263 60.6 0.833333333333 1.5 5.0,4,-1.0,1.0 1.0 229.247509934 54.25 0.666666666667 1.5 4.0
1.0 1.0 229.247509934 54.25 0.666666666667 1.5 4.0,4,-1.0,1.0 1.0 183.972352282 47.0 0.5 1.5 3.0
1.0 1.0 183.972352282 47.0 0.5 1.5 3.0,1,-1.0,1.0 1.0 183.972352282 48.6666666667 0.5 1.0 3.0
1.0 1.0 183.972352282 48.6666666667 0.5 1.0 3.0,0,1.0,1.0 1.0 183.972352282 48.6666666667 0.5 1.5 3.0
1.0 1.0 183.972352282 48.6666666667 0.5 1.5 3.0,4,-1.0,1.0 1.0 215.996855014 42.5 0.333333333333 1.5 2.0
1.0 1.0 215.996855014 42.5 0.333333333333 1.5 2.0,0,1.0,1.0 1.0 250.408090189 42.5 0.333333333333 2.0 2.0
1.0 1.0 250.408090189 42.5 0.333333333333 2.0 2.0,0,1.0,0.5 0.5 151.800942403 58.0 0.333333333333 2.5 2.0
0.5 0.5 151.800942403 58.0 0.333333333333 2.5 2.0,2,-1.0,0.5 0.5 138.127985306 49.0 0.333333333333 2.5 2.0
0.5 0.5 138.127985306 49.0 0.333333333333 2.5 2.0,1,-1.0,1.0 1.0 215.996855014 42.5 0.333333333333 2.0 2.0
1.0 1.0 215.996855014 42.5 0.333333333333 2.0 2.0,2,-1.0,1.0 1.0 215.996855014 44.5 0.333333333333 2.0 2.0
1.0 1.0 215.996855014 44.5 0.333333333333 2.0 2.0,1,-1.0,1.0 1.0 215.996855014 47.5 0.333333333333 1.5 2.0
1.0 1.0 215.996855014 47.5 0.333333333333 1.5 2.0,1,-1.0,1.0 1.0 215.996855014 47.0 0.333333333333 1.0 2.0
1.0 1.0 215.996855014 47.0 0.333333333333 1.0 2.0,0,1.0,1.0 1.0 215.996855014 44.5 0.333333333333 1.5 2.0
0.0 0.0 250.0 150.0 0.0 3.5 1.0,3,-1.0,0.0 0.0 250.0 150.0 0.0 3.5 2.0
0.0 0.0 250.0 150.0 0.0 3.5 2.0,4,-1.0,0.0 0.0 250.0 150.0 0.0 3.5 1.0
0.0 0.0 250.0 150.0 0.0 3.5 1.0,1,-1.0,0.0 0.0 250.0 150.0 0.0 3.0 1.0
0.0 0.0 250.0 150.0 0.0 3.0 1.0,1,1.0,0.5 0.5 306.874138528 63.0 0.166666666667 2.5 1.0
0.5 0.5 306.874138528 63.0 0.166666666667 2.5 1.0,1,-1.0,1.0 1.0 189.561512571 37.0 0.166666666667 2.0 1.0
1.0 1.0 189.561512571 37.0 0.166666666667 2.0 1.0,0,1.0,0.5 0.5 306.874138528 51.0 0.166666666667 2.5 1.0
0.5 0.5 306.874138528 51.0 0.166666666667 2.5 1.0,1,-1.0,1.0 1.0 189.561512571 37.0 0.166666666667 2.0 1.0
1.0 1.0 189.561512571 37.0 0.166666666667 2.0 1.0,3,1.0,1.0 1.0 210.24375318 47.5 0.333333333333 2.0 2.0
1.0 1.0 210.24375318 47.5 0.333333333333 2.0 2.0,1,-1.0,1.0 1.0 210.24375318 49.5 0.333333333333 1.5 2.0
1.0 1.0 210.24375318 49.5 0.333333333333 1.5 2.0,1,-1.0,1.0 1.0 210.24375318 45.0 0.333333333333 1.0 2.0
1.0 1.0 210.24375318 45.0 0.333333333333 1.0 2.0,4,-1.0,1.0 1.0 189.561512571 36.0 0.166666666667 1.0 1.0
1.0 1.0 189.561512571 36.0 0.166666666667 1.0 1.0,1,-1.0,1.0 1.0 189.561512571 41.0 0.166666666667 0.5 1.0
1.0 1.0 189.561512571 41.0 0.166666666667 0.5 1.0,3,1.0,1.0 1.0 210.24375318 43.0 0.333333333333 0.5 2.0
1.0 1.0 210.24375318 43.0 0.333333333333 0.5 2.0,3,1.0,1.0 1.0 198.054789744 47.6666666667 0.5 0.5 3.0
1.0 1.0 198.054789744 47.6666666667 0.5 0.5 3.0,1,-1.0,1.0 1.0 198.072397774 49.0 0.5 0.5 3.0
1.0 1.0 198.054789744 44.6666666667 0.5 1.0 3.0,2,-1.0,1.0 1.0 198.054789744 48.3333333333 0.5 1.0 3.0
1.0 1.0 198.054789744 48.3333333333 0.5 1.0 3.0,1,-1.0,1.0 1.0 198.054789744 44.3333333333 0.5 0.5 3.0
1.0 1.0 198.054789744 44.3333333333 0.5 0.5 3.0,3,1.0,1.0 1.0 229.208476384 58.5 0.666666666667 0.5 4.0
1.0 1.0 229.208476384 58.5 0.666666666667 0.5 4.0,2,-1.0,1.0 1.0 229.184260589 58.75 0.666666666667 0.5 4.0
1.0 1.0 229.184260589 58.75 0.666666666667 0.5 4.0,2,-1.0,1.0 1.0 229.184260589 59.0 0.666666666667 0.5 4.0
1.0 1.0 229.184260589 59.0 0.666666666667 0.5 4.0,4,-1.0,1.0 1.0 132.177902409 44.3333333333 0.5 0.5 3.0
1.0 1.0 132.177902409 44.3333333333 0.5 0.5 3.0,4,-1.0,1.0 1.0 215.996855014 47.0 0.333333333333 0.5 2.0
1.0 1.0 215.996855014 47.0 0.333333333333 0.5 2.0,4,-1.0,1.0 1.0 189.561512571 38.0 0.166666666667 0.5 1.0
1.0 1.0 189.561512571 38.0 0.166666666667 0.5 1.0,2,-1.0,1.0 1.0 120.73904222 38.0 0.166666666667 0.5 1.0
1.0 1.0 120.73904222 38.0 0.166666666667 0.5 1.0,3,1.0,1.0 1.0 210.24375318 42.5 0.333333333333 0.5 2.0
1.0 1.0 210.24375318 42.5 0.333333333333 0.5 2.0,0,1.0,1.0 1.0 210.24375318 43.0 0.333333333333 1.0 2.0
1.0 1.0 210.24375318 43.0 0.333333333333 1.0 2.0,4,-1.0,1.0 1.0 189.561512571 38.0 0.166666666667 1.0 1.0
1.0 1.0 189.561512571 38.0 0.166666666667 1.0 1.0,0,1.0,1.0 1.0 189.561512571 37.0 0.166666666667 1.5 1.0
1.0 1.0 189.561512571 37.0 0.166666666667 1.5 1.0,0,1.0,1.0 1.0 189.561512571 36.0 0.166666666667 2.0 1.0
1.0 1.0 189.561512571 36.0 0.166666666667 2.0 1.0,4,-1.0,1.0 1.0 189.561512571 39.0 0.166666666667 2.0 1.0
0.0 0.0 250.0 150.0 0.0 3.5 1.0,0,-1.0,0.0 0.0 250.0 150.0 0.0 4.0 1.0
0.0 0.0 250.0 150.0 0.0 4.0 1.0,3,-1.0,0.0 0.0 250.0 150.0 0.0 4.0 2.0
0.0 0.0 250.0 150.0 0.0 4.0 2.0,1,-1.0,0.0 0.0 250.0 150.0 0.0 3.5 2.0
0.0 0.0 250.0 150.0 0.0 3.5 2.0,2,-1.0,0.0 0.0 250.0 150.0 0.0 3.5 2.0
0.0 0.0 250.0 150.0 0.0 3.5 2.0,0,-1.0,0.0 0.0 250.0 150.0 0.0 4.0 2.0
0.0 0.0 250.0 150.0 0.0 4.0 2.0,2,-1.0,0.0 0.0 250.0 150.0 0.0 4.0 2.0
0.0 0.0 250.0 150.0 0.0 4.0 2.0,0,-1.0,0.0 0.0 250.0 150.0 0.0 4.0 2.0
0.0 0.0 250.0 150.0 0.0 4.0 2.0,0,-1.0,0.0 0.0 250.0 150.0 0.0 4.0 2.0
0.0 0.0 250.0 150.0 0.0 4.0 2.0,0,-1.0,0.0 0.0 250.0 150.0 0.0 4.0 2.0
0.0 0.0 250.0 150.0 0.0 4.0 2.0,1,-1.0,0.0 0.0 250.0 150.0 0.0 3.5 2.0
0.0 0.0 250.0 150.0 0.0 3.5 2.0,4,-1.0,0.0 0.0 250.0 150.0 0.0 3.5 1.0
0.0 0.0 250.0 150.0 0.0 3.5 1.0,3,-1.0,0.0 0.0 250.0 150.0 0.0 3.5 2.0
0.0 0.0 250.0 150.0 0.0 3.5 2.0,2,-1.0,0.0 0.0 250.0 150.0 0.0 3.5 2.0
0.0 0.0 250.0 150.0 0.0 3.5 2.0,4,-1.0,0.0 0.0 250.0 150.0 0.0 3.5 1.0
0.0 0.0 250.0 150.0 0.0 3.5 1.0,3,-1.0,0.0 0.0 250.0 150.0 0.0 3.5 2.0
0.0 0.0 250.0 150.0 0.0 4.0 3.0,2,-1.0,0.0 0.0 250.0 150.0 0.0 4.0 3.0
0.0 0.0 250.0 150.0 0.0 4.0 3.0,0,-1.0,0.0 0.0 250.0 150.0 0.0 4.0 3.0
0.0 0.0 250.0 150.0 0.0 4.0 3.0,1,-1.0,0.0 0.0 250.0 150.0 0.0 3.5 3.0
0.0 0.0 250.0 150.0 0.0 3.5 3.0,3,-1.0,0.0 0.0 250.0 150.0 0.0 3.5 4.0
0.0 0.0 250.0 150.0 0.0 3.5 4.0,1,-1.0,0.0 0.0 250.0 150.0 0.0 3.0 4.0
0.0 0.0 250.0 150.0 0.0 3.0 4.0,2,-1.0,0.0 0.0 250.0 150.0 0.0 3.0 4.0
0.0 0.0 250.0 150.0 0.0 3.0 4.0,3,-1.0,0.0 0.0 250.0 150.0 0.0 3.0 5.0
0.0 0.0 250.0 150.0 0.0 3.0 5.0,1,1.0,0.5 0.5 172.07896523 58.2 0.833333333333 2.5 5.0
0.5 0.5 172.07896523 58.2 0.833333333333 2.5 5.0,0,-1.0,0.0 0.0 250.0 150.0 0.0 3.0 5.0
0.0 0.0 250.0 150.0 0.0 3.0 5.0,0,-1.0,0.0 0.0 250.0 150.0 0.0 3.5 5.0
0.0 0.0 250.0 150.0 0.0 3.5 5.0,2,-1.0,0.0 0.0 250.0 150.0 0.0 3.5 5.0
0.0 0.0 250.0 150.0 0.0 3.5 5.0,1,-1.0,0.0 0.0 250.0 150.0 0.0 3.0 5.0
0.0 0.0 250.0 150.0 0.0 3.0 5.0,1,1.0,0.5 0.5 135.006103231 67.4 0.833333333333 2.5 5.0
0.5 0.5 135.006103231 67.4 0.833333333333 2.5 5.0,1,-1.0,1.0 1.0 211.791287263 57.6 0.833333333333 2.0 5.0
1.0 1.0 211.791287263 57.6 0.833333333333 2.0 5.0,0,1.0,0.5 0.5 202.285668382 64.2 0.833333333333 2.5 5.0
0.5 0.5 189.333913591 64.0 1.0 2.5 6.0,2,1.0,0.5 0.5 197.058057095 64.1666666667 1.0 2.5 6.0
0.5 0.5 197.058057095 64.1666666667 1.0 2.5 6.0,4,-1.0,0.5 0.5 217.4767341 64.6 0.833333333333 2.5 5.0
0.5 0.5 217.4767341 64.6 0.833333333333 2.5 5.0,1,-1.0,1.0 1.0 211.749495606 62.8 0.833333333333 2.0 5.0
1.0 1.0 211.749495606 62.8 0.833333333333 2.0 5.0,3,1.0,1.0 1.0 160.085879925 43.3333333333 1.0 2.0 6.0
1.0 1.0 160.085879925 43.3333333333 1.0 2.0 6.0,3,-1.0,1.0 1.0 160.085879925 41.3333333333 1.0 2.0 6.0
1.0 1.0 160.085879925 41.3333333333 1.0 2.0 6.0,3,-1.0,1.0 1.0 160.085879925 40.0 1.0 2.0 6.0
1.0 1.0 160.085879925 40.0 1.0 2.0 6.0,1,-1.0,1.0 1.0 173.728136466 43.8333333333 1.0 1.5 6.0
1.0 1.0 173.728136466 43.8333333333 1.0 1.5 6.0,4,-1.0,1.0 1.0 211.749495606 60.0 0.833333333333 1.5 5.0
1.0 1.0 211.749495606 60.0 0.833333333333 1.5 5.0,3,1.0,1.0 1.0 160.085879925 42.6666666667 1.0 1.5 6.0
1.0 1.0 160.085879925 42.6666666667 1.0 1.5 6.0,3,-1.0,1.0 1.0 160.097852683 44.0 1.0 1.5 6.0
1.0 1.0 160.097852683 44.0 1.0 1.5 6.0,3,-1.0,1.0 1.0 160.122928544 44.0 1.0 1.5 6.0
1.0 1.0 160.122928544 44.0 1.0 1.5 6.0,1,-1.0,1.0 1.0 191.108395977 41.6666666667 1.0 1.0 6.0
1.0 1.0 191.108395977 41.6666666667 1.0 1.0 6.0,3,-1.0,1.0 1.0 173.728136466 42.3333333333 1.0 1.0 6.0
1.0 1.0 173.728136466 42.3333333333 1.0 1.0 6.0,2,-1.0,1.0 1.0 160.085879925 42.1666666667 1.0 1.0 6.0
1.0 1.0 160.085879925 42.1666666667 1.0 1.0 6.0,2,-1.0,1.0 1.0 191.145444596 42.0 1.0 1.0 6.0
0.0 0.0 250.0 150.0 0.0 3.5 5.0,2,-1.0,0.0 0.0 250.0 150.0 0.0 3.5 5.0
0.0 0.0 250.0 150.0 0.0 3.5 5.0,1,-1.0,0.0 0.0 250.0 150.0 0.0 3.0 5.0
0.0 0.0 250.0 150.0 0.0 3.0 5.0,1,1.0,0.5 0.5 217.278712759 66.2 0.833333333333 2.5 5.0
0.5 0.5 217.278712759 66.2 0.833333333333 2.5 5.0,3,1.0,0.5 0.5 153.423678897 59.3333333333 1.0 2.5 6.0
0.5 0.5 153.423678897 59.3333333333 1.0 2.5 6.0,3,1.0,0.5 0.5 137.69716677 72.3333333333 1.0 2.5 6.0
0.5 0.5 137.69716677 72.3333333333 1.0 2.5 6.0,3,1.0,0.5 0.5 184.866835717 76.1666666667 1.0 2.5 6.0
0.5 0.5 184.866835717 76.1666666667 1.0 2.5 6.0,4,-1.0,0.5 0.5 171.117731329 61.0 0.833333333333 2.5 5.0
0.5 0.5 171.117731329 61.0 0.833333333333 2.5 5.0,1,-1.0,1.0 1.0 211.749495606 60.2 0.833333333333 2.0 5.0
1.0 1.0 211.749495606 60.2 0.833333333333 2.0 5.0,3,1.0,1.0 1.0 173.728136466 42.5 1.0 2.0 6.0
1.0 1.0 173.728136466 42.5 1.0 2.0 6.0,2,-1.0,1.0 1.0 160.085879925 40.1666666667 1.0 2.0 6.0
1.0 1.0 160.085879925 40.1666666667 1.0 2.0 6.0,3,-1.0,1.0 1.0 160.085879925 42.6666666667 1.0 2.0 6.0
1.0 1.0 160.085879925 42.6666666667 1.0 2.0 6.0,2,-1.0,1.0 1.0 173.728136466 42.0 1.0 2.0 6.0
1.0 1.0 173.728136466 42.0 1.0 2.0 6.0,3,-1.0,1.0 1.0 160.122928544 41.3333333333 1.0 2.0 6.0
1.0 1.0 160.122928544 41.3333333333 1.0 2.0 6.0,3,-1.0,1.0 1.0 160.085879925 42.8333333333 1.0 2.0 6.0
1.0 1.0 160.085879925 42.8333333333 1.0 2.0 6.0,0,1.0,0.5 0.5 199.661960779 59.6666666667 1.0 2.5 6.0
1.0 1.0 191.108395977 41.8333333333 1.0 1.0 6.0,3,-1.0,1.0 1.0 160.085879925 40.5 1.0 1.0 6.0
1.0 1.0 160.085879925 40.5 1.0 1.0 6.0,0,1.0,1.0 1.0 160.085879925 42.5 1.0 1.5 6.0
1.0 1.0 160.085879925 42.5 1.0 1.5 6.0,3,-1.0,1.0 1.0 160.085879925 41.0 1.0 1.5 6.0
1.0 1.0 160.085879925 41.0 1.0 1.5 6.0,3,-1.0,1.0 1.0 160.085879925 42.0 1.0 1.5 6.0
1.0 1.0 160.085879925 42.0 1.0 1.5 6.0,3,-1.0,1.0 1.0 160.122928544 43.1666666667 1.0 1.5 6.0
1.0 1.0 160.122928544 43.1666666667 1.0 1.5 6.0,2,-1.0,1.0 1.0 173.728136466 41.5 1.0 1.5 6.0
1.0 1.0 173.728136466 41.5 1.0 1.5 6.0,2,-1.0,1.0 1.0 160.085879925 40.5 1.0 1.5 6.0
1.0 1.0 160.085879925 40.5 1.0 1.5 6.0,3,-1.0,1.0 1.0 204.750652518 46.1666666667 1.0 1.5 6.0
1.0 1.0 204.750652518 46.1666666667 1.0 1.5 6.0,2,-1.0,1.0 1.0 160.085879925 40.6666666667 1.0 1.5 6.0
1.0 1.0 160.085879925 40.6666666667 1.0 1.5 6.0,0,1.0,1.0 1.0 160.085879925 42.5 1.0 2.0 6.0
1.0 1.0 160.085879925 42.5 1.0 2.0 6.0,1,-1.0,1.0 1.0 160.085879925 41.0 1.0 1.5 6.0
1.0 1.0 160.085879925 41.0 1.0 1.5 6.0,0,1.0,1.0 1.0 160.122928544 42.0 1.0 2.0 6.0
1.0 1.0 160.122928544 42.0 1.0 2.0 6.0,1,-1.0,1.0 1.0 160.085879925 41.5 1.0 1.5 6.0
1.0 1.0 160.085879925 41.5 1.0 1.5 6.0,0,1.0,1.0 1.0 160.085879925 42.0 1.0 2.0 6.0
1.0 1.0 160.085879925 42.0 1.0 2.0 6.0,4,-1.0,1.0 1.0 211.749495606 61.4 0.833333333333 2.0 5.0
0.5 0.5 199.951101008 60.0 0.666666666667 2.5 4.0,1,-1.0,1.0 1.0 229.247509934 56.5 0.666666666667 2.0 4.0
1.0 1.0 229.247509934 56.5 0.666666666667 2.0 4.0,3,1.0,1.0 1.0 211.791287263 60.0 0.833333333333 2.0 5.0
1.0 1.0 211.791287263 60.0 0.833333333333 2.0 5.0,2,-1.0,1.0 1.0 211.749495606 59.8 0.833333333333 2.0 5.0
1.0 1.0 211.749495606 59.8 0.833333333333 2.0 5.0,3,1.0,1.0 1.0 191.108395977 41.1666666667 1.0 2.0 6.0
1.0 1.0 191.108395977 41.1666666667 1.0 2.0 6.0,0,1.0,0.5 0.5 118.900886342 63.6666666667 1.0 2.5 6.0
0.5 0.5 118.900886342 63.6666666667 1.0 2.5 6.0,1,-1.0,1.0 1.0 191.108395977 41.6666666667 1.0 2.0 6.0
1.0 1.0 191.108395977 41.6666666667 1.0 2.0 6.0,0,1.0,0.5 0.5 176.78984126 59.6666666667 1.0 2.5 6.0
0.5 0.5 176.78984126 59.6666666667 1.0 2.5 6.0,0,-1.0,0.0 0.0 250.0 150.0 0.0 3.0 6.0
0.0 0.0 250.0 150.0 0.0 3.0 6.0,1,1.0,0.5 0.5 185.988777549 64.1666666667 1.0 2.5 6.0
0.5 0.5 185.988777549 64.1666666667 1.0 2.5 6.0,1,-1.0,1.0 1.0 160.085879925 41.3333333333 1.0 2.0 6.0
1.0 1.0 160.085879925 41.3333333333 1.0 2.0 6.0,2,-1.0,1.0 1.0 160.085879925 42.6666666667 1.0 2.0 6.0
1.0 1.0 160.085879925 42.6666666667 1.0 2.0 6.0,3,-1.0,1.0 1.0 160.085879925 41.3333333333 1.0 2.0 6.0
1.0 1.0 160.085879925 41.3333333333 1.0 2.0 6.0,0,1.0,0.5 0.5 179.742345819 61.0 1.0 2.5 6.0
0.5 0.5 179.742345819 61.0 1.0 2.5 6.0,2,1.0,0.5 0.5 158.681518183 62.3333333333 1.0 2.5 6.0
0.5 0.5 158.681518183 62.3333333333 1.0 2.5 6.0,1,-1.0,1.0 1.0 160.060804064 42.3333333333 1.0 2.0 6.0
1.0 1.0 132.144437176 40.6666666667 0.5 1.0 3.0,0,1.0,1.0 1.0 132.144437176 41.3333333333 0.5 1.5 3.0
1.0 1.0 132.144437176 41.3333333333 0.5 1.5 3.0,0,1.0,1.0 1.0 132.144437176 41.0 0.5 2.0 3.0
1.0 1.0 132.144437176 41.0 0.5 2.0 3.0,0,1.0,0.5 0.5 198.554735189 70.6666666667 0.5 2.5 3.0
0.5 0.5 198.554735189 70.6666666667 0.5 2.5 3.0,2,-1.0,0.5 0.5 132.122311686 58.3333333333 0.5 2.5 3.0
0.5 0.5 132.122311686 58.3333333333 0.5 2.5 3.0,4,-1.0,0.5 0.5 210.447360126 63.5 0.333333333333 2.5 2.0
0.5 0.5 210.447360126 63.5 0.333333333333 2.5 2.0,1,-1.0,1.0 1.0 210.24375318 46.0 0.333333333333 2.0 2.0
1.0 1.0 210.24375318 46.0 0.333333333333 2.0 2.0,3,1.0,1.0 1.0 198.054789744 47.0 0.5 2.0 3.0
1.0 1.0 198.054789744 47.0 0.5 2.0 3.0,3,1.0,1.0 1.0 229.026105097 60.0 0.666666666667 2.0 4.0
1.0 1.0 229.026105097 60.0 0.666666666667 2.0 4.0,0,1.0,0.5 0.5 150.276200253 61.5 0.666666666667 2.5 4.0
0.5 0.5 150.276200253 61.5 0.666666666667 2.5 4.0,4,-1.0,0.5 0.5 260.099821847 59.6666666667 0.5 2.5 3.0
0.5 0.5 260.099821847 59.6666666667 0.5 2.5 3.0,2,-1.0,0.5 0.5 122.000518932 60.3333333333 0.5 2.5 3.0
0.5 0.5 122.000518932 60.3333333333 0.5 2.5 3.0,2,-1.0,0.5 0.5 169.170038688 56.6666666667 0.5 2.5 3.0
0.5 0.5 169.170038688 56.6666666667 0.5 2.5 3.0,1,-1.0,1.0 1.0 198.054789744 48.6666666667 0.5 2.0 3.0
1.0 1.0 198.054789744 48.6666666667 0.5 2.0 3.0,0,1.0,0.5 0.5 210.748576954 58.0 0.5 2.5 3.0
0.5 0.5 210.748576954 58.0 0.5 2.5 3.0,3,1.0,0.5 0.5 160.167867523 59.75 0.666666666667 2.5 4.0
1.0 1.0 160.085879925 41.8333333333 1.0 0.5 6.0,0,1.0,1.0 1.0 173.728136466 40.8333333333 1.0 1.0 6.0
1.0 1.0 173.728136466 40.8333333333 1.0 1.0 6.0,0,1.0,1.0 1.0 160.085879925 40.3333333333 1.0 1.5 6.0
1.0 1.0 160.085879925 40.3333333333 1.0 1.5 6.0,2,-1.0,1.0 1.0 191.145444596 43.8333333333 1.0 1.5 6.0
1.0 1.0 191.145444596 43.8333333333 1.0 1.5 6.0,0,1.0,1.0 1.0 160.085879925 40.5 1.0 2.0 6.0
1.0 1.0 160.085879925 40.5 1.0 2.0 6.0,0,1.0,0.5 0.5 171.714322774 62.6666666667 1.0 2.5 6.0
0.5 0.5 171.714322774 62.6666666667 1.0 2.5 6.0,0,-1.0,0.0 0.0 250.0 150.0 0.0 3.0 6.0
0.0 0.0 250.0 150.0 0.0 3.0 6.0,1,1.0,0.5 0.5 235.830332558 65.1666666667 1.0 2.5 6.0
0.5 0.5 235.830332558 65.1666666667 1.0 2.5 6.0,1,-1.0,1.0 1.0 160.085879925 42.0 1.0 2.0 6.0
1.0 1.0 160.085879925 42.0 1.0 2.0 6.0,0,1.0,0.5 0.5 181.576617634 60.3333333333 1.0 2.5 6.0
0.5 0.5 181.576617634 60.3333333333 1.0 2.5 6.0,3,1.0,0.5 0.5 143.442792136 61.3333333333 1.0 2.5 6.0
0.5 0.5 143.442792136 61.3333333333 1.0 2.5 6.0,3,1.0,0.5 0.5 163.258182736 73.8333333333 1.0 2.5 6.0
0.5 0.5 163.258182736 73.8333333333 1.0 2.5 6.0,1,-1.0,1.0 1.0 160.094683941 41.5 1.0 2.0 6.0
1.0 1.0 160.094683941 41.5 1.0 2.0 6.0,0,1.0,0.5 0.5 191.603731972 67.1666666667 1.0 2.5 6.0
0.5 0.5 191.603731972 67.1666666667 1.0 2.5 6.0,1,-1.0,1.0 1.0 160.122928544 42.5 1.0 2.0 6.0
1.0 1.0 160.122928544 42.5 1.0 2.0 6.0,0,1.0,0.5 0.5 171.061118055 85.3333333333 1.0 2.5 6.0
1.0 1.0 160.085879925 40.5 1.0 1.5 6.0,0,1.0,1.0 1.0 160.085879925 42.3333333333 1.0 2.0 6.0
1.0 1.0 160.085879925 42.3333333333 1.0 2.0 6.0,0,1.0,0.5 0.5 205.486932968 63.1666666667 1.0 2.5 6.0
0.5 0.5 205.486932968 63.1666666667 1.0 2.5 6.0,1,-1.0,1.0 1.0 160.085879925 41.0 1.0 2.0 6.0
1.0 1.0 160.085879925 41.0 1.0 2.0 6.0,0,1.0,0.5 0.5 222.297492326 89.5 1.0 2.5 6.0
0.5 0.5 222.297492326 89.5 1.0 2.5 6.0,4,-1.0,0.5 0.5 148.958397519 61.6 0.833333333333 2.5 5.0
0.5 0.5 148.958397519 61.6 0.833333333333 2.5 5.0,3,1.0,0.5 0.5 193.113301061 63.0 1.0 2.5 6.0
0.5 0.5 193.113301061 63.0 1.0 2.5 6.0,2,1.0,0.5 0.5 203.922515148 65.6666666667 1.0 2.5 6.0
0.5 0.5 203.922515148 65.6666666667 1.0 2.5 6.0,4,-1.0,0.5 0.5 170.635680673 61.4 0.833333333333 2.5 5.0
0.5 0.5 170.635680673 61.4 0.833333333333 2.5 5.0,3,1.0,0.5 0.5 137.006038261 68.0 1.0 2.5 6.0
0.5 0.5 137.006038261 68.0 1.0 2.5 6.0,3,1.0,0.5 0.5 177.625068207 64.0 1.0 2.5 6.0
0.5 0.5 177.625068207 64.0 1.0 2.5 6.0,4,-1.0,0.5 0.5 211.940713881 65.4 0.833333333333 2.5 5.0
0.5 0.5 211.940713881 65.4 0.833333333333 2.5 5.0,3,1.0,0.5 0.5 141.931143229 65.8333333333 1.0 2.5 6.0
0.5 0.5 141.931143229 65.8333333333 1.0 2.5 6.0,1,-1.0,1.0 1.0 173.703060605 44.8333333333 1.0 2.0 6.0
1.0 1.0 173.703060605 44.8333333333 1.0 2.0 6.0,0,1.0,0.5 0.5 168.13912139 59.0 1.0 2.5 6.0
0.5 0.5 168.13912139 59.0 1.0 2.5 6.0,3,1.0,0.5 0.5 209.801446597 62.1666666667 1.0 2.5 6.0
1.0 1.0 204.790726138 42.3333333333 1.0 1.5 6.0,0,1.0,1.0 1.0 160.122928544 43.0 1.0 2.0 6.0
1.0 1.0 160.122928544 43.0 1.0 2.0 6.0,0,1.0,0.5 0.5 151.154325084 81.5 1.0 2.5 6.0
0.5 0.5 151.154325084 81.5 1.0 2.5 6.0,3,1.0,0.5 0.5 175.067874371 63.3333333333 1.0 2.5 6.0
0.5 0.5 175.067874371 63.3333333333 1.0 2.5 6.0,3,1.0,0.5 0.5 177.724757937 63.8333333333 1.0 2.5 6.0
0.5 0.5 177.724757937 63.8333333333 1.0 2.5 6.0,3,1.0,0.5 0.5 191.619813702 61.8333333333 1.0 2.5 6.0
0.5 0.5 191.619813702 61.8333333333 1.0 2.5 6.0,3,1.0,0.5 0.5 184.08328714 151.666666667 1.0 2.5 6.0
0.5 0.5 184.08328714 151.666666667 1.0 2.5 6.0,3,1.0,0.5 0.5 133.236801216 63.6666666667 1.0 2.5 6.0
0.5 0.5 133.236801216 63.6666666667 1.0 2.5 6.0,0,-1.0,0.0 0.0 250.0 150.0 0.0 3.0 6.0
0.0 0.0 250.0 150.0 0.0 3.0 6.0,1,1.0,0.5 0.5 181.822075731 67.0 1.0 2.5 6.0
0.5 0.5 181.822075731 67.0 1.0 2.5 6.0,3,1.0,0.5 0.5 165.166643063 61.6666666667 1.0 2.5 6.0
0.5 0.5 165.166643063 61.6666666667 1.0 2.5 6.0,3,1.0,0.5 0.5 176.732116435 59.0 1.0 2.5 6.0
0.5 0.5 176.732116435 59.0 1.0 2.5 6.0,3,1.0,0.5 0.5 151.070935189 60.1666666667 1.0 2.5 6.0
0.5 0.5 151.070935189 60.1666666667 1.0 2.5 6.0,3,1.0,0.5 0.5 174.466144363 99.8333333333 1.0 2.5 6.0
0.5 0.5 174.466144363 99.8333333333 1.0 2.5 6.0,3,1.0,0.5 0.5 229.331153371 65.3333333333 1.0 2.5 6.0
0.5 0.5 229.331153371 65.3333333333 1.0 2.5 6.0,4,-1.0,0.5 0.5 152.566197461 55.6 0.833333333333 2.5 5.0
0.0 0.0 250.0 150.0 0.0 4.0 5.0,1,-1.0,0.0 0.0 250.0 150.0 0.0 3.5 5.0
0.0 0.0 250.0 150.0 0.0 3.5 5.0,1,-1.0,0.0 0.0 250.0 150.0 0.0 3.0 5.0
0.0 0.0 250.0 150.0 0.0 3.0 5.0,1,1.0,0.5 0.5 177.754495851 69.0 0.833333333333 2.5 5.0
0.5 0.5 177.754495851 69.0 0.833333333333 2.5 5.0,3,1.0,0.5 0.5 147.033318424 60.0 1.0 2.5 6.0
0.5 0.5 147.033318424 60.0 1.0 2.5 6.0,3,1.0,0.5 0.5 168.16671706 61.1666666667 1.0 2.5 6.0
0.5 0.5 168.16671706 61.1666666667 1.0 2.5 6.0,3,1.0,0.5 0.5 143.280472479 63.1666666667 1.0 2.5 6.0
0.5 0.5 143.280472479 63.1666666667 1.0 2.5 6.0,3,1.0,0.5 0.5 128.865570884 76.3333333333 1.0 2.5 6.0
0.5 0.5 128.865570884 76.3333333333 1.0 2.5 6.0,3,1.0,0.5 0.5 184.417977512 59.8333333333 1.0 2.5 6.0
0.5 0.5 184.417977512 59.8333333333 1.0 2.5 6.0,3,1.0,0.5 0.5 209.844818636 63.8333333333 1.0 2.5 6.0
0.5 0.5 209.844818636 63.8333333333 1.0 2.5 6.0,3,1.0,0.5 0.5 161.132804208 62.1666666667 1.0 2.5 6.0
0.5 0.5 161.132804208 62.1666666667 1.0 2.5 6.0,3,1.0,0.5 0.5 204.790726138 61.3333333333 1.0 2.5 6.0
0.5 0.5 204.790726138 61.3333333333 1.0 2.5 6.0,3,1.0,0.5 0.5 191.32997125 62.0 1.0 2.5 6.0
0.5 0.5 191.32997125 62.0 1.0 2.5 6.0,3,1.0,0.5 0.5 157.852565935 83.5 1.0 2.5 6.0
0.5 0.5 157.852565935 83.5 1.0 2.5 6.0,3,1.0,0.5 0.5 191.240418801 62.0 1.0 2.5 6.0
0.5 0.5 191.240418801 62.0 1.0 2.5 6.0,3,1.0,0.5 0.5 184.199369219 63.5 1.0 2.5 6.0
1.0 1.0 211.749495606 59.8 0.833333333333 2.0 5.0,3,1.0,1.0 1.0 160.085879925 40.6666666667 1.0 2.0 6.0
1.0 1.0 160.085879925 40.6666666667 1.0 2.0 6.0,0,1.0,0.5 0.5 172.736234641 63.8333333333 1.0 2.5 6.0
0.5 0.5 172.736234641 63.8333333333 1.0 2.5 6.0,3,1.0,0.5 0.5 171.158244024 63.0 1.0 2.5 6.0
0.5 0.5 171.158244024 63.0 1.0 2.5 6.0,3,1.0,0.5 0.5 171.643424697 106.666666667 1.0 2.5 6.0
0.5 0.5 171.643424697 106.666666667 1.0 2.5 6.0,3,1.0,0.5 0.5 153.74242552 59.1666666667 1.0 2.5 6.0
0.5 0.5 153.74242552 59.1666666667 1.0 2.5 6.0,3,1.0,0.5 0.5 186.115905711 61.3333333333 1.0 2.5 6.0
0.5 0.5 186.115905711 61.3333333333 1.0 2.5 6.0,3,1.0,0.5 0.5 186.320552382 61.5 1.0 2.5 6.0
0.5 0.5 186.320552382 61.5 1.0 2.5 6.0,1,-1.0,1.0 1.0 160.085879925 40.5 1.0 2.0 6.0
1.0 1.0 160.085879925 40.5 1.0 2.0 6.0,0,1.0,0.5 0.5 171.707763575 58.6666666667 1.0 2.5 6.0
0.5 0.5 171.707763575 58.6666666667 1.0 2.5 6.0,3,1.0,0.5 0.5 151.161787468 61.5 1.0 2.5 6.0
0.5 0.5 151.161787468 61.5 1.0 2.5 6.0,3,1.0,0.5 0.5 176.134327927 60.6666666667 1.0 2.5 6.0
0.5 0.5 176.134327927 60.6666666667 1.0 2.5 6.0,3,1.0,0.5 0.5 177.905862232 62.0 1.0 2.5 6.0
0.5 0.5 177.905862232 62.0 1.0 2.5 6.0,3,1.0,0.5 0.5 137.191745845 92.1666666667 1.0 2.5 6.0
0.5 0.5 137.191745845 92.1666666667 1.0 2.5 6.0,3,1.0,0.5 0.5 162.137587232 61.6666666667 1.0 2.5 6.0
0.5 0.5 162.137587232 61.6666666667 1.0 2.5 6.0,3,1.0,0.5 0.5 123.13583379 86.1666666667 1.0 2.5 6.0
1.0 1.0 160.094683941 42.5 1.0 1.5 6.0,0,1.0,1.0 1.0 160.085879925 41.5 1.0 2.0 6.0
1.0 1.0 160.085879925 41.5 1.0 2.0 6.0,0,1.0,0.5 0.5 153.277887965 61.8333333333 1.0 2.5 6.0
0.5 0.5 153.277887965 61.8333333333 1.0 2.5 6.0,3,1.0,0.5 0.5 193.228147594 62.1666666667 1.0 2.5 6.0
0.5 0.5 193.228147594 62.1666666667 1.0 2.5 6.0,3,1.0,0.5 0.5 173.138313918 67.3333333333 1.0 2.5 6.0
0.5 0.5 173.138313918 67.3333333333 1.0 2.5 6.0,3,1.0,0.5 0.5 190.590258042 72.5 1.0 2.5 6.0
0.5 0.5 190.590258042 72.5 1.0 2.5 6.0,3,1.0,0.5 0.5 189.236641838 62.1666666667 1.0 2.5 6.0
0.5 0.5 189.236641838 62.1666666667 1.0 2.5 6.0,3,1.0,0.5 0.5 179.742989739 63.5 1.0 2.5 6.0
0.5 0.5 179.742989739 63.5 1.0 2.5 6.0,3,1.0,0.5 0.5 208.766732516 65.0 1.0 2.5 6.0
0.5 0.5 208.766732516 65.0 1.0 2.5 6.0,3,1.0,0.5 0.5 155.468154621 59.0 1.0 2.5 6.0
0.5 0.5 155.468154621 59.0 1.0 2.5 6.0,3,1.0,0.5 0.5 173.201992718 64.1666666667 1.0 2.5 6.0
0.5 0.5 173.201992718 64.1666666667 1.0 2.5 6.0,3,1.0,0.5 0.5 173.594194581 61.1666666667 1.0 2.5 6.0
0.5 0.5 173.594194581 61.1666666667 1.0 2.5 6.0,3,1.0,0.5 0.5 171.742118135 66.8333333333 1.0 2.5 6.0
0.5 0.5 171.742118135 66.8333333333 1.0 2.5 6.0,3,1.0,0.5 0.5 137.059219527 62.0 1.0 2.5 6.0
0.5 0.5 137.059219527 62.0 1.0 2.5 6.0,3,1.0,0.5 0.5 158.038216775 85.6666666667 1.0 2.5 6.0
0.5 0.5 158.038216775 85.6666666667 1.0 2.5 6.0,3,1.0,0.5 0.5 160.099929735 61.5 1.0 2.5 6.0
0.0 0.0 250.0 150.0 0.0 3.0 6.0,1,1.0,0.5 0.5 190.313879353 61.1666666667 1.0 2.5 6.0
0.5 0.5 190.313879353 61.1666666667 1.0 2.5 6.0,3,1.0,0.5 0.5 191.145169734 64.1666666667 1.0 2.5 6.0
0.5 0.5 191.145169734 64.1666666667 1.0 2.5 6.0,3,1.0,0.5 0.5 147.777560614 71.1666666667 1.0 2.5 6.0
0.5 0.5 147.777560614 71.1666666667 1.0 2.5 6.0,3,1.0,0.5 0.5 185.216383599 56.8333333333 1.0 2.5 6.0
0.5 0.5 185.216383599 56.8333333333 1.0 2.5 6.0,3,1.0,0.5 0.5 172.83390311 58.3333333333 1.0 2.5 6.0
0.5 0.5 172.83390311 58.3333333333 1.0 2.5 6.0,3,1.0,0.5 0.5 164.529691397 58.8333333333 1.0 2.5 6.0
0.5 0.5 164.529691397 58.8333333333 1.0 2.5 6.0,3,1.0,0.5 0.5 141.35714793 58.3333333333 1.0 2.5 6.0
0.5 0.5 141.35714793 58.3333333333 1.0 2.5 6.0,3,1.0,0.5 0.5 162.082696344 62.1666666667 1.0 2.5 6.0
0.5 0.5 162.082696344 62.1666666667 1.0 2.5 6.0,3,1.0,0.5 0.5 140.959174755 70.3333333333 1.0 2.5 6.0
0.5 0.5 140.959174755 70.3333333333 1.0 2.5 6.0,3,1.0,0.5 0.5 169.771346476 60.8333333333 1.0 2.5 6.0
0.5 0.5 169.771346476 60.8333333333 1.0 2.5 6.0,3,1.0,0.5 0.5 169.975141214 59.8333333333 1.0 2.5 6.0
0.5 0.5 169.975141214 59.8333333333 1.0 2.5 6.0,3,1.0,0.5 0.5 139.444539622 72.0 1.0 2.5 6.0
0.5 0.5 139.444539622 72.0 1.0 2.5 6.0,2,1.0,0.5 0.5 153.687103458 62.3333333333 1.0 2.5 6.0
0.5 0.5 153.687103458 62.3333333333 1.0 2.5 6.0,3,1.0,0.5 0.5 167.235082986 60.1666666667 1.0 2.5 6.0
0.5 0.5 167.235082986 60.1666666667 1.0 2.5 6.0,3,1.0,0.5 0.5 160.225215348 60.6666666667 1.0 2.5 6.0
0.0 0.0 250.0 150.0 0.0 3.5 3.0,1,-1.0,0.0 0.0 250.0 150.0 0.0 3.0 3.0
0.0 0.0 250.0 150.0 0.0 3.0 3.0,1,1.0,0.5 0.5 198.072397774 64.6666666667 0.5 2.5 3.0
0.5 0.5 198.072397774 64.6666666667 0.5 2.5 3.0,3,1.0,0.5 0.5 226.79455255 61.0 0.666666666667 2.5 4.0
0.5 0.5 226.79455255 61.0 0.666666666667 2.5 4.0,3,1.0,0.5 0.5 152.707772654 57.8 0.833333333333 2.5 5.0
0.5 0.5 152.707772654 57.8 0.833333333333 2.5 5.0,3,1.0,0.5 0.5 241.861457677 66.3333333333 1.0 2.5 6.0
0.5 0.5 241.861457677 66.3333333333 1.0 2.5 6.0,3,1.0,0.5 0.5 165.335750526 59.6666666667 1.0 2.5 6.0
0.5 0.5 165.335750526 59.6666666667 1.0 2.5 6.0,3,1.0,0.5 0.5 184.753613383 62.5 1.0 2.5 6.0
0.5 0.5 184.753613383 62.5 1.0 2.5 6.0,3,1.0,0.5 0.5 193.242931886 63.1666666667 1.0 2.5 6.0
0.5 0.5 193.242931886 63.1666666667 1.0 2.5 6.0,3,1.0,0.5 0.5 185.216383599 57.8333333333 1.0 2.5 6.0
0.5 0.5 185.216383599 57.8333333333 1.0 2.5 6.0,3,1.0,0.5 0.5 193.207598241 61.8333333333 1.0 2.5 6.0
0.5 0.5 193.207598241 61.8333333333 1.0 2.5 6.0,3,1.0,0.5 0.5 186.545577226 64.8333333333 1.0 2.5 6.0
0.5 0.5 186.545577226 64.8333333333 1.0 2.5 6.0,3,1.0,0.5 0.5 202.076138221 63.8333333333 1.0 2.5 6.0
0.5 0.5 202.076138221 63.8333333333 1.0 2.5 6.0,3,1.0,0.5 0.5 173.115573107 63.5 1.0 2.5 6.0
0.5 0.5 173.115573107 63.5 1.0 2.5 6.0,3,1.0,0.5 0.5 184.800500565 60.8333333333 1.0 2.5 6.0
0.5 0.5 184.800500565 60.8333333333 1.0 2.5 6.0,3,1.0,0.5 0.5 153.602354843 62.1666666667 1.0 2.5 6.0
1.0 1.0 225.669757524 58.4 0.833333333333 1.5 5.0,0,1.0,1.0 1.0 211.749495606 59.8 0.833333333333 2.0 5.0
1.0 1.0 211.749495606 59.8 0.833333333333 2.0 5.0,3,1.0,1.0 1.0 173.728136466 42.0 1.0 2.0 6.0
1.0 1.0 173.728136466 42.0 1.0 2.0 6.0,0,1.0,0.5 0.5 170.587218164 60.8333333333 1.0 2.5 6.0
0.5 0.5 170.587218164 60.8333333333 1.0 2.5 6.0,3,1.0,0.5 0.5 191.192147672 59.0 1.0 2.5 6.0
0.5 0.5 191.192147672 59.0 1.0 2.5 6.0,3,1.0,0.5 0.5 186.58465586 63.0 1.0 2.5 6.0
0.5 0.5 186.58465586 63.0 1.0 2.5 6.0,3,1.0,0.5 0.5 194.07302087 65.5 1.0 2.5 6.0
0.5 0.5 194.07302087 65.5 1.0 2.5 6.0,3,1.0,0.5 0.5 250.312781706 63.5 1.0 2.5 6.0
0.5 0.5 250.312781706 63.5 1.0 2.5 6.0,3,1.0,0.5 0.5 174.667590876 63.6666666667 1.0 2.5 6.0
0.5 0.5 174.667590876 63.6666666667 1.0 2.5 6.0,3,1.0,0.5 0.5 193.21690952 62.8333333333 1.0 2.5 6.0
0.5 0.5 193.21690952 62.8333333333 1.0 2.5 6.0,3,1.0,0.5 0.5 191.247325568 61.0 1.0 2.5 6.0
0.5 0.5 191.247325568 61.0 1.0 2.5 6.0,3,1.0,0.5 0.5 181.98271908 73.5 1.0 2.5 6.0
0.5 0.5 181.98271908 73.5 1.0 2.5 6.0,3,1.0,0.5 0.5 184.235968595 61.8333333333 1.0 2.5 6.0
0.5 0.5 184.235968595 61.8333333333 1.0 2.5 6.0,3,1.0,0.5 0.5 172.83390311 63.6666666667 1.0 2.5 6.0
0.5 0.5 172.83390311 63.6666666667 1.0 2.5 6.0,3,1.0,0.5 0.5 172.749193918 65.1666666667 1.0 2.5 6.0
0.5 0.5 172.749193918 65.1666666667 1.0 2.5 6.0,3,1.0,0.5 0.5 174.582881684 63.0 1.0 2.5 6.0
1.0 1.0 160.085879925 41.3333333333 1.0 1.0 6.0,0,1.0,1.0 1.0 173.728136466 41.3333333333 1.0 1.5 6.0
1.0 1.0 173.728136466 41.3333333333 1.0 1.5 6.0,0,1.0,1.0 1.0 173.728136466 43.5 1.0 2.0 6.0
1.0 1.0 173.728136466 43.5 1.0 2.0 6.0,0,1.0,0.5 0.5 160.929534168 60.3333333333 1.0 2.5 6.0
0.5 0.5 160.929534168 60.3333333333 1.0 2.5 6.0,3,1.0,0.5 0.5 200.109068176 74.5 1.0 2.5 6.0
0.5 0.5 200.109068176 74.5 1.0 2.5 6.0,3,1.0,0.5 0.5 158.502016833 66.0 1.0 2.5 6.0
0.5 0.5 158.502016833 66.0 1.0 2.5 6.0,2,1.0,0.5 0.5 179.59457916 66.8333333333 1.0 2.5 6.0
0.5 0.5 179.59457916 66.8333333333 1.0 2.5 6.0,3,1.0,0.5 0.5 184.803242196 62.1666666667 1.0 2.5 6.0
0.5 0.5 184.803242196 62.1666666667 1.0 2.5 6.0,3,1.0,0.5 0.5 236.707573784 63.6666666667 1.0 2.5 6.0
0.5 0.5 236.707573784 63.6666666667 1.0 2.5 6.0,3,1.0,0.5 0.5 191.50403838 78.1666666667 1.0 2.5 6.0
0.5 0.5 191.50403838 78.1666666667 1.0 2.5 6.0,3,1.0,0.5 0.5 168.13912139 61.1666666667 1.0 2.5 6.0
0.5 0.5 168.13912139 61.1666666667 1.0 2.5 6.0,3,1.0,0.5 0.5 204.16859857 59.5 1.0 2.5 6.0
0.5 0.5 204.16859857 59.5 1.0 2.5 6.0,3,1.0,0.5 0.5 166.057731491 62.5 1.0 2.5 6.0
0.5 0.5 166.057731491 62.5 1.0 2.5 6.0,2,1.0,0.5 0.5 217.110538514 85.3333333333 1.0 2.5 6.0
0.5 0.5 217.110538514 85.3333333333 1.0 2.5 6.0,3,1.0,0.5 0.5 186.154146465 63.8333333333 1.0 2.5 6.0
0.5 0.5 186.154146465 63.8333333333 1.0 2.5 6.0,3,1.0,0.5 0.5 179.707584046 67.6666666667 1.0 2.5 6.0
0.5 0.5 189.310149955 63.5 1.0 2.5 6.0,3,1.0,0.5 0.5 173.097096145 60.6666666667 1.0 2.5 6.0
0.5 0.5 173.097096145 60.6666666667 1.0 2.5 6.0,3,1.0,0.5 0.5 192.018146206 63.3333333333 1.0 2.5 6.0
0.5 0.5 192.018146206 63.3333333333 1.0 2.5 6.0,3,1.0,0.5 0.5 186.674846001 62.0 1.0 2.5 6.0
0.5 0.5 186.674846001 62.0 1.0 2.5 6.0,3,1.0,0.5 0.5 171.636708806 63.5 1.0 2.5 6.0
0.5 0.5 171.636708806 63.5 1.0 2.5 6.0,3,1.0,0.5 0.5 169.690176647 62.8333333333 1.0 2.5 6.0
0.5 0.5 169.690176647 62.8333333333 1.0 2.5 6.0,3,1.0,0.5 0.5 248.835685616 65.0 1.0 2.5 6.0
0.5 0.5 248.835685616 65.0 1.0 2.5 6.0,3,1.0,0.5 0.5 191.355912127 62.6666666667 1.0 2.5 6.0
0.5 0.5 191.355912127 62.6666666667 1.0 2.5 6.0,3,1.0,0.5 0.5 177.872058677 61.3333333333 1.0 2.5 6.0
0.5 0.5 177.872058677 61.3333333333 1.0 2.5 6.0,3,1.0,0.5 0.5 193.133701636 57.3333333333 1.0 2.5 6.0
0.5 0.5 193.133701636 57.3333333333 1.0 2.5 6.0,3,1.0,0.5 0.5 215.83997562 62.0 1.0 2.5 6.0
0.5 0.5 215.83997562 62.0 1.0 2.5 6.0,3,1.0,0.5 0.5 210.847101721 66.1666666667 1.0 2.5 6.0
0.5 0.5 210.847101721 66.1666666667 1.0 2.5 6.0,3,1.0,0.5 0.5 166.041327286 67.0 1.0 2.5 6.0
0.5 0.5 166.041327286 67.0 1.0 2.5 6.0,3,1.0,0.5 0.5 168.025687102 62.8333333333 1.0 2.5 6.0
0.5 0.5 168.025687102 62.8333333333 1.0 2.5 6.0,3,1.0,0.5 0.5 215.326802871 65.5 1.0 2.5 6.0
0.5 0.5 215.326802871 65.5 1.0 2.5 6.0,3,1.0,0.5 0.5 195.020376438 72.5 1.0 2.5 6.0
0.0 0.0 250.0 150.0 0.0 4.0 5.0,3,-1.0,0.0 0.0 250.0 150.0 0.0 4.0 6.0
0.0 0.0 250.0 150.0 0.0 4.0 6.0,1,-1.0,0.0 0.0 250.0 150.0 0.0 3.5 6.0
0.0 0.0 250.0 150.0 0.0 3.5 6.0,1,-1.0,0.0 0.0 250.0 150.0 0.0 3.0 6.0
0.0 0.0 250.0 150.0 0.0 3.0 6.0,1,1.0,0.5 0.5 174.704190253 60.6666666667 1.0 2.5 6.0
0.5 0.5 174.704190253 60.6666666667 1.0 2.5 6.0,3,1.0,0.5 0.5 191.365304895 63.8333333333 1.0 2.5 6.0
0.5 0.5 191.365304895 63.8333333333 1.0 2.5 6.0,3,1.0,0.5 0.5 210.675753772 65.6666666667 1.0 2.5 6.0
0.5 0.5 210.675753772 65.6666666667 1.0 2.5 6.0,3,1.0,0.5 0.5 189.836683582 63.0 1.0 2.5 6.0
0.5 0.5 189.836683582 63.0 1.0 2.5 6.0,3,1.0,0.5 0.5 187.160436413 86.8333333333 1.0 2.5 6.0
0.5 0.5 187.160436413 86.8333333333 1.0 2.5 6.0,3,1.0,0.5 0.5 188.113562939 65.3333333333 1.0 2.5 6.0
0.5 0.5 188.113562939 65.3333333333 1.0 2.5 6.0,3,1.0,0.5 0.5 139.60603357 57.0 1.0 2.5 6.0
0.5 0.5 139.60603357 57.0 1.0 2.5 6.0,3,1.0,0.5 0.5 191.322183429 64.1666666667 1.0 2.5 6.0
0.5 0.5 191.322183429 64.1666666667 1.0 2.5 6.0,3,1.0,0.5 0.5 179.652811314 62.1666666667 1.0 2.5 6.0
0.5 0.5 179.652811314 62.1666666667 1.0 2.5 6.0,3,1.0,0.5 0.5 210.734688128 64.6666666667 1.0 2.5 6.0
0.5 0.5 210.734688128 64.6666666667 1.0 2.5 6.0,3,1.0,0.5 0.5 217.157946029 62.3333333333 1.0 2.5 6.0
0.5 0.5 217.157946029 62.3333333333 1.0 2.5 6.0,3,1.0,0.5 0.5 153.095879048 58.3333333333 1.0 2.5 6.0
1.0 1.0 210.24375318 44.0 0.333333333333 1.0 2.0,3,1.0,1.0 1.0 198.054789744 49.3333333333 0.5 1.0 3.0
1.0 1.0 198.054789744 49.3333333333 0.5 1.0 3.0,0,1.0,1.0 1.0 198.054789744 49.6666666667 0.5 1.5 3.0
1.0 1.0 198.054789744 49.6666666667 0.5 1.5 3.0,3,1.0,1.0 1.0 229.026105097 60.75 0.666666666667 1.5 4.0
1.0 1.0 229.026105097 60.75 0.666666666667 1.5 4.0,3,1.0,1.0 1.0 188.459303514 41.8 0.833333333333 1.5 5.0
1.0 1.0 188.459303514 41.8 0.833333333333 1.5 5.0,0,1.0,1.0 1.0 188.421779988 41.0 0.833333333333 2.0 5.0
1.0 1.0 188.421779988 41.0 0.833333333333 2.0 5.0,0,1.0,0.5 0.5 140.420851225 55.6 0.833333333333 2.5 5.0
0.5 0.5 140.420851225 55.6 0.833333333333 2.5 5.0,3,1.0,0.5 0.5 195.99179413 62.3333333333 1.0 2.5 6.0
0.5 0.5 195.99179413 62.3333333333 1.0 2.5 6.0,3,1.0,0.5 0.5 151.527367274 59.8333333333 1.0 2.5 6.0
0.5 0.5 151.527367274 59.8333333333 1.0 2.5 6.0,3,1.0,0.5 0.5 160.262501153 61.0 1.0 2.5 6.0
0.5 0.5 160.262501153 61.0 1.0 2.5 6.0,3,1.0,0.5 0.5 181.6676615 62.0 1.0 2.5 6.0
0.5 0.5 181.6676615 62.0 1.0 2.5 6.0,3,1.0,0.5 0.5 179.781230493 61.0 1.0 2.5 6.0
0.5 0.5 179.781230493 61.0 1.0 2.5 6.0,3,1.0,0.5 0.5 210.796775396 63.3333333333 1.0 2.5 6.0
0.5 0.5 210.796775396 63.3333333333 1.0 2.5 6.0,3,1.0,0.5 0.5 205.757975909 64.1666666667 1.0 2.5 6.0
0.5 0.5 205.757975909 64.1666666667 1.0 2.5 6.0,3,1.0,0.5 0.5 161.392876089 65.8333333333 1.0 2.5 6.0
0.5 0.5 161.392876089 65.8333333333 1.0 2.5 6.0,3,1.0,0.5 0.5 179.641492383 63.0 1.0 2.5 6.0
1.0 1.0 160.085879925 40.6666666667 1.0 1.0 6.0,0,1.0,1.0 1.0 160.085879925 42.0 1.0 1.5 6.0
1.0 1.0 160.085879925 42.0 1.0 1.5 6.0,0,1.0,1.0 1.0 173.728136466 41.5 1.0 2.0 6.0
1.0 1.0 173.728136466 41.5 1.0 2.0 6.0,0,1.0,0.5 0.5 177.82502022 61.5 1.0 2.5 6.0
0.5 0.5 177.82502022 61.5 1.0 2.5 6.0,3,1.0,0.5 0.5 184.662837453 62.1666666667 1.0 2.5 6.0
0.5 0.5 184.662837453 62.1666666667 1.0 2.5 6.0,3,1.0,0.5 0.5 148.684123958 87.6666666667 1.0 2.5 6.0
0.5 0.5 148.684123958 87.6666666667 1.0 2.5 6.0,3,1.0,0.5 0.5 224.081613057 66.1666666667 1.0 2.5 6.0
0.5 0.5 224.081613057 66.1666666667 1.0 2.5 6.0,3,1.0,0.5 0.5 215.289754252 58.3333333333 1.0 2.5 6.0
0.5 0.5 215.289754252 58.3333333333 1.0 2.5 6.0,3,1.0,0.5 0.5 230.138885618 66.5 1.0 2.5 6.0
0.5 0.5 230.138885618 66.5 1.0 2.5 6.0,3,1.0,0.5 0.5 185.942901135 61.6666666667 1.0 2.5 6.0
0.5 0.5 185.942901135 61.6666666667 1.0 2.5 6.0,3,1.0,0.5 0.5 156.805314875 70.8333333333 1.0 2.5 6.0
0.5 0.5 156.805314875 70.8333333333 1.0 2.5 6.0,3,1.0,0.5 0.5 197.75436473 60.5 1.0 2.5 6.0
0.5 0.5 197.75436473 60.5 1.0 2.5 6.0,3,1.0,0.5 0.5 146.641850865 61.3333333333 1.0 2.5 6.0
0.5 0.5 146.641850865 61.3333333333 1.0 2.5 6.0,3,1.0,0.5 0.5 199.589825492 64.1666666667 1.0 2.5 6.0
0.5 0.5 199.589825492 64.1666666667 1.0 2.5 6.0,2,1.0,0.5 0.5 155.21579648 61.8333333333 1.0 2.5 6.0
0.5 0.5 155.21579648 61.8333333333 1.0 2.5 6.0,3,1.0,0.5 0.5 166.643758002 61.8333333333 1.0 2.5 6.0
1.0 1.0 191.108395977 43.0 1.0 1.0 6.0,0,1.0,1.0 1.0 204.750652518 43.1666666667 1.0 1.5 6.0
1.0 1.0 204.750652518 43.1666666667 1.0 1.5 6.0,0,1.0,1.0 1.0 160.085879925 42.0 1.0 2.0 6.0
1.0 1.0 160.085879925 42.0 1.0 2.0 6.0,0,1.0,0.5 0.5 177.79315681 64.6666666667 1.0 2.5 6.0
0.5 0.5 177.79315681 64.6666666667 1.0 2.5 6.0,3,1.0,0.5 0.5 215.802927001 64.1666666667 1.0 2.5 6.0
0.5 0.5 215.802927001 64.1666666667 1.0 2.5 6.0,3,1.0,0.5 0.5 146.43466306 63.6666666667 1.0 2.5 6.0
0.5 0.5 146.43466306 63.6666666667 1.0 2.5 6.0,3,1.0,0.5 0.5 210.914242808 68.8333333333 1.0 2.5 6.0
0.5 0.5 210.914242808 68.8333333333 1.0 2.5 6.0,3,1.0,0.5 0.5 217.139585881 85.0 1.0 2.5 6.0
0.5 0.5 217.139585881 85.0 1.0 2.5 6.0,3,1.0,0.5 0.5 158.256364299 62.0 1.0 2.5 6.0
0.5 0.5 158.256364299 62.0 1.0 2.5 6.0,2,1.0,0.5 0.5 172.664296228 61.8333333333 1.0 2.5 6.0
0.5 0.5 172.664296228 61.8333333333 1.0 2.5 6.0,3,1.0,0.5 0.5 186.705817066 63.0 1.0 2.5 6.0
0.5 0.5 186.705817066 63.0 1.0 2.5 6.0,3,1.0,0.5 0.5 171.141419195 64.6666666667 1.0 2.5 6.0
0.5 0.5 171.141419195 64.6666666667 1.0 2.5 6.0,3,1.0,0.5 0.5 212.721447156 65.3333333333 1.0 2.5 6.0
0.5 0.5 212.721447156 65.3333333333 1.0 2.5 6.0,3,1.0,0.5 0.5 209.376554864 64.6666666667 1.0 2.5 6.0
0.5 0.5 209.376554864 64.6666666667 1.0 2.5 6.0,3,1.0,0.5 0.5 196.368126816 63.0 1.0 2.5 6.0
0.5 0.5 196.368126816 63.0 1.0 2.5 6.0,3,1.0,0.5 0.5 178.260147464 63.1666666667 1.0 2.5 6.0
1.0 1.0 160.085879925 40.5 1.0 1.5 6.0,0,1.0,1.0 1.0 160.085879925 41.0 1.0 2.0 6.0
1.0 1.0 160.085879925 41.0 1.0 2.0 6.0,0,1.0,0.5 0.5 160.549682226 62.0 1.0 2.5 6.0
0.5 0.5 160.549682226 62.0 1.0 2.5 6.0,3,1.0,0.5 0.5 158.15047881 59.3333333333 1.0 2.5 6.0
0.5 0.5 158.15047881 59.3333333333 1.0 2.5 6.0,3,1.0,0.5 0.5 202.796375613 59.6666666667 1.0 2.5 6.0
0.5 0.5 202.796375613 59.6666666667 1.0 2.5 6.0,3,1.0,0.5 0.5 162.096890417 59.1666666667 1.0 2.5 6.0
0.5 0.5 162.096890417 59.1666666667 1.0 2.5 6.0,3,1.0,0.5 0.5 217.030330161 67.5 1.0 2.5 6.0
0.5 0.5 217.030330161 67.5 1.0 2.5 6.0,3,1.0,0.5 0.5 172.583057324 61.8333333333 1.0 2.5 6.0
0.5 0.5 172.583057324 61.8333333333 1.0 2.5 6.0,3,1.0,0.5 0.5 179.600675345 62.1666666667 1.0 2.5 6.0
0.5 0.5 179.600675345 62.1666666667 1.0 2.5 6.0,3,1.0,0.5 0.5 222.416348921 61.5 1.0 2.5 6.0
0.5 0.5 222.416348921 61.5 1.0 2.5 6.0,3,1.0,0.5 0.5 173.786472648 63.8333333333 1.0 2.5 6.0
0.5 0.5 173.786472648 63.8333333333 1.0 2.5 6.0,3,1.0,0.5 0.5 179.731244401 62.0 1.0 2.5 6.0
0.5 0.5 179.731244401 62.0 1.0 2.5 6.0,3,1.0,0.5 0.5 144.694371021 82.6666666667 1.0 2.5 6.0
0.5 0.5 144.694371021 82.6666666667 1.0 2.5 6.0,3,1.0,0.5 0.5 177.699284718 62.5 1.0 2.5 6.0
0.5 0.5 177.699284718 62.5 1.0 2.5 6.0,3,1.0,0.5 0.5 186.304408518 62.0 1.0 2.5 6.0
0.5 0.5 186.304408518 62.0 1.0 2.5 6.0,3,1.0,0.5 0.5 143.740719912 62.5 1.0 2.5 6.0
1.0 1.0 160.085879925 41.3333333333 1.0 0.5 6.0,0,1.0,1.0 1.0 160.085879925 42.6666666667 1.0 1.0 6.0
1.0 1.0 160.085879925 42.6666666667 1.0 1.0 6.0,0,1.0,1.0 1.0 160.085879925 41.8333333333 1.0 1.5 6.0
1.0 1.0 160.085879925 41.8333333333 1.0 1.5 6.0,0,1.0,1.0 1.0 173.728136466 44.1666666667 1.0 2.0 6.0
1.0 1.0 173.728136466 44.1666666667 1.0 2.0 6.0,0,1.0,0.5 0.5 184.698355282 60.8333333333 1.0 2.5 6.0
0.5 0.5 184.698355282 60.8333333333 1.0 2.5 6.0,3,1.0,0.5 0.5 207.593512371 59.8333333333 1.0 2.5 6.0
0.5 0.5 207.593512371 59.8333333333 1.0 2.5 6.0,3,1.0,0.5 0.5 177.757355342 62.3333333333 1.0 2.5 6.0
0.5 0.5 177.757355342 62.3333333333 1.0 2.5 6.0,3,1.0,0.5 0.5 196.129241816 63.8333333333 1.0 2.5 6.0
0.5 0.5 196.129241816 63.8333333333 1.0 2.5 6.0,3,1.0,0.5 0.5 185.873506729 64.0 1.0 2.5 6.0
0.5 0.5 185.873506729 64.0 1.0 2.5 6.0,3,1.0,0.5 0.5 167.229232159 64.1666666667 1.0 2.5 6.0
0.5 0.5 167.229232159 64.1666666667 1.0 2.5 6.0,3,1.0,0.5 0.5 158.341502123 64.5 1.0 2.5 6.0
0.5 0.5 158.341502123 64.5 1.0 2.5 6.0,3,1.0,0.5 0.5 157.709220191 138.0 1.0 2.5 6.0
0.5 0.5 157.709220191 138.0 1.0 2.5 6.0,3,1.0,0.5 0.5 212.747469522 64.3333333333 1.0 2.5 6.0
0.5 0.5 212.747469522 64.3333333333 1.0 2.5 6.0,3,1.0,0.5 0.5 186.120531466 65.6666666667 1.0 2.5 6.0
0.5 0.5 186.120531466 65.6666666667 1.0 2.5 6.0,3,1.0,0.5 0.5 179.790234201 62.3333333333 1.0 2.5 6.0
0.5 0.5 179.790234201 62.3333333333 1.0 2.5 6.0,3,1.0,0.5 0.5 165.175327827 82.3333333333 1.0 2.5 6.0
1.0 1.0 132.144437176 41.3333333333 0.5 1.5 3.0,0,1.0,1.0 1.0 132.144437176 41.3333333333 0.5 2.0 3.0
1.0 1.0 132.144437176 41.3333333333 0.5 2.0 3.0,3,1.0,1.0 1.0 229.184260589 57.5 0.666666666667 2.0 4.0
1.0 1.0 229.184260589 57.5 0.666666666667 2.0 4.0,3,1.0,1.0 1.0 188.421779988 43.0 0.833333333333 2.0 5.0
1.0 1.0 188.421779988 43.0 0.833333333333 2.0 5.0,0,1.0,0.5 0.5 192.232170313 62.8 0.833333333333 2.5 5.0
0.5 0.5 192.232170313 62.8 0.833333333333 2.5 5.0,3,1.0,0.5 0.5 210.672183837 64.1666666667 1.0 2.5 6.0
0.5 0.5 210.672183837 64.1666666667 1.0 2.5 6.0,3,1.0,0.5 0.5 184.568540274 64.0 1.0 2.5 6.0
0.5 0.5 184.568540274 64.0 1.0 2.5 6.0,4,-1.0,0.5 0.5 152.12183679 56.8 0.833333333333 2.5 5.0
0.5 0.5 152.12183679 56.8 0.833333333333 2.5 5.0,3,1.0,0.5 0.5 187.941815295 75.6666666667 1.0 2.5 6.0
0.5 0.5 187.941815295 75.6666666667 1.0 2.5 6.0,3,1.0,0.5 0.5 204.64560481 67.1666666667 1.0 2.5 6.0
0.5 0.5 204.64560481 67.1666666667 1.0 2.5 6.0,3,1.0,0.5 0.5 173.410453691 70.0 1.0 2.5 6.0
0.5 0.5 173.410453691 70.0 1.0 2.5 6.0,3,1.0,0.5 0.5 153.709092706 60.6666666667 1.0 2.5 6.0
0.5 0.5 153.709092706 60.6666666667 1.0 2.5 6.0,3,1.0,0.5 0.5 170.028200187 61.1666666667 1.0 2.5 6.0
0.5 0.5 170.028200187 61.1666666667 1.0 2.5 6.0,3,1.0,0.5 0.5 200.949765222 66.0 1.0 2.5 6.0
0.5 0.5 200.949765222 66.0 1.0 2.5 6.0,3,1.0,0.5 0.5 193.172641249 60.8333333333 1.0 2.5 6.0
0.5 0.5 193.172641249 60.8333333333 1.0 2.5 6.0,2,1.0,0.5 0.5 168.226507417 69.5 1.0 2.5 6.0
1.0 1.0 132.144437176 41.3333333333 0.5 1.5 3.0,3,1.0,1.0 1.0 229.184260589 58.5 0.666666666667 1.5 4.0
1.0 1.0 229.184260589 58.5 0.666666666667 1.5 4.0,0,1.0,1.0 1.0 229.208476384 59.25 0.666666666667 2.0 4.0
1.0 1.0 229.208476384 59.25 0.666666666667 2.0 4.0,3,1.0,1.0 1.0 188.459303514 42.4 0.833333333333 2.0 5.0
1.0 1.0 188.459303514 42.4 0.833333333333 2.0 5.0,0,1.0,0.5 0.5 178.919960324 61.4 0.833333333333 2.5 5.0
0.5 0.5 178.919960324 61.4 0.833333333333 2.5 5.0,3,1.0,0.5 0.5 160.623980226 62.3333333333 1.0 2.5 6.0
0.5 0.5 160.623980226 62.3333333333 1.0 2.5 6.0,3,1.0,0.5 0.5 202.897491253 63.1666666667 1.0 2.5 6.0
0.5 0.5 202.897491253 63.1666666667 1.0 2.5 6.0,3,1.0,0.5 0.5 151.798212239 58.8333333333 1.0 2.5 6.0
0.5 0.5 151.798212239 58.8333333333 1.0 2.5 6.0,3,1.0,0.5 0.5 183.295384569 59.3333333333 1.0 2.5 6.0
0.5 0.5 183.295384569 59.3333333333 1.0 2.5 6.0,3,1.0,0.5 0.5 166.102964877 64.8333333333 1.0 2.5 6.0
0.5 0.5 166.102964877 64.8333333333 1.0 2.5 6.0,3,1.0,0.5 0.5 179.51738226 67.3333333333 1.0 2.5 6.0
0.5 0.5 179.51738226 67.3333333333 1.0 2.5 6.0,3,1.0,0.5 0.5 160.131468248 62.8333333333 1.0 2.5 6.0
0.5 0.5 160.131468248 62.8333333333 1.0 2.5 6.0,3,1.0,0.5 0.5 151.859261077 59.5 1.0 2.5 6.0
0.5 0.5 151.859261077 59.5 1.0 2.5 6.0,2,1.0,0.5 0.5 135.03147642 61.3333333333 1.0 2.5 6.0
0.5 0.5 135.03147642 61.3333333333 1.0 2.5 6.0,3,1.0,0.5 0.5 184.813153262 63.1666666667 1.0 2.5 6.0
0.5 0.5 184.813153262 63.1666666667 1.0 2.5 6.0,3,1.0,0.5 0.5 191.747827948 62.5 1.0 2.5 6.0
0.0 0.0 250.0 150.0 0.0 4.0 2.0,1,-1.0,0.0 0.0 250.0 150.0 0.0 3.5 2.0
0.0 0.0 250.0 150.0 0.0 3.5 2.0,1,-1.0,0.0 0.0 250.0 150.0 0.0 3.0 2.0
0.0 0.0 250.0 150.0 0.0 3.0 2.0,1,1.0,0.5 0.5 231.289342275 63.5 0.333333333333 2.5 2.0
0.5 0.5 231.289342275 63.5 0.333333333333 2.5 2.0,3,1.0,0.5 0.5 220.899092036 63.6666666667 0.5 2.5 3.0
0.5 0.5 220.899092036 63.6666666667 0.5 2.5 3.0,3,1.0,0.5 0.5 143.557896166 61.5 0.666666666667 2.5 4.0
0.5 0.5 143.557896166 61.5 0.666666666667 2.5 4.0,3,1.0,0.5 0.5 152.584154411 61.0 0.833333333333 2.5 5.0
0.5 0.5 152.584154411 61.0 0.833333333333 2.5 5.0,3,1.0,0.5 0.5 133.125046234 61.3333333333 1.0 2.5 6.0
0.5 0.5 133.125046234 61.3333333333 1.0 2.5 6.0,3,1.0,0.5 0.5 184.01443972 61.6666666667 1.0 2.5 6.0
0.5 0.5 184.01443972 61.6666666667 1.0 2.5 6.0,3,1.0,0.5 0.5 160.13173256 59.3333333333 1.0 2.5 6.0
0.5 0.5 160.13173256 59.3333333333 1.0 2.5 6.0,3,1.0,0.5 0.5 158.208252934 60.8333333333 1.0 2.5 6.0
0.5 0.5 158.208252934 60.8333333333 1.0 2.5 6.0,3,1.0,0.5 0.5 169.842513877 60.6666666667 1.0 2.5 6.0
0.5 0.5 169.842513877 60.6666666667 1.0 2.5 6.0,3,1.0,0.5 0.5 196.790660987 61.3333333333 1.0 2.5 6.0
0.5 0.5 196.790660987 61.3333333333 1.0 2.5 6.0,3,1.0,0.5 0.5 170.81276959 60.3333333333 1.0 2.5 6.0
0.5 0.5 170.81276959 60.3333333333 1.0 2.5 6.0,3,1.0,0.5 0.5 229.445183542 63.1666666667 1.0 2.5 6.0
0.5 0.5 229.445183542 63.1666666667 1.0 2.5 6.0,3,1.0,0.5 0.5 148.408421358 59.8333333333 1.0 2.5 6.0
0.0 0.0 250.0 150.0 0.0 3.0 6.0,1,1.0,0.5 0.5 210.799746195 65.8333333333 1.0 2.5 6.0
0.5 0.5 210.799746195 65.8333333333 1.0 2.5 6.0,3,1.0,0.5 0.5 184.300642105 63.8333333333 1.0 2.5 6.0
0.5 0.5 184.300642105 63.8333333333 1.0 2.5 6.0,3,1.0,0.5 0.5 151.859261077 62.3333333333 1.0 2.5 6.0
0.5 0.5 151.859261077 62.3333333333 1.0 2.5 6.0,3,1.0,0.5 0.5 212.636737964 66.1666666667 1.0 2.5 6.0
0.5 0.5 212.636737964 66.1666666667 1.0 2.5 6.0,3,1.0,0.5 0.5 168.198816026 66.1666666667 1.0 2.5 6.0
0.5 0.5 168.198816026 66.1666666667 1.0 2.5 6.0,3,1.0,0.5 0.5 146.767302775 60.1666666667 1.0 2.5 6.0
0.5 0.5 146.767302775 60.1666666667 1.0 2.5 6.0,3,1.0,0.5 0.5 154.930831913 60.8333333333 1.0 2.5 6.0
0.5 0.5 154.930831913 60.8333333333 1.0 2.5 6.0,3,1.0,0.5 0.5 140.042386704 58.5 1.0 2.5 6.0
0.5 0.5 140.042386704 58.5 1.0 2.5 6.0,3,1.0,0.5 0.5 186.019443951 63.8333333333 1.0 2.5 6.0
0.5 0.5 186.019443951 63.8333333333 1.0 2.5 6.0,1,-1.0,1.0 1.0 191.108395977 43.1666666667 1.0 2.0 6.0
1.0 1.0 191.108395977 43.1666666667 1.0 2.0 6.0,0,1.0,0.5 0.5 235.766540515 63.0 1.0 2.5 6.0
0.5 0.5 235.766540515 63.0 1.0 2.5 6.0,3,1.0,0.5 0.5 207.607807539 63.0 1.0 2.5 6.0
0.5 0.5 207.607807539 63.0 1.0 2.5 6.0,3,1.0,0.5 0.5 186.267809142 63.3333333333 1.0 2.5 6.0
0.5 0.5 186.267809142 63.3333333333 1.0 2.5 6.0,3,1.0,0.5 0.5 199.182261962 61.8333333333 1.0 2.5 6.0
0.5 0.5 199.182261962 61.8333333333 1.0 2.5 6.0,3,1.0,0.5 0.5 146.580217176 62.0 1.0 2.5 6.0
1.0 1.0 182.590376081 55.25 0.666666666667 1.5 4.0,0,1.0,1.0 1.0 229.247509934 55.0 0.666666666667 2.0 4.0
1.0 1.0 229.247509934 55.0 0.666666666667 2.0 4.0,3,1.0,1.0 1.0 211.791287263 59.2 0.833333333333 2.0 5.0
1.0 1.0 211.791287263 59.2 0.833333333333 2.0 5.0,0,1.0,0.5 0.5 148.961687477 59.6 0.833333333333 2.5 5.0
0.5 0.5 148.961687477 59.6 0.833333333333 2.5 5.0,3,1.0,0.5 0.5 164.903182092 59.8333333333 1.0 2.5 6.0
0.5 0.5 164.903182092 59.8333333333 1.0 2.5 6.0,3,1.0,0.5 0.5 204.201852046 65.8333333333 1.0 2.5 6.0
0.5 0.5 204.201852046 65.8333333333 1.0 2.5 6.0,3,1.0,0.5 0.5 194.084766209 64.5 1.0 2.5 6.0
0.5 0.5 194.084766209 64.5 1.0 2.5 6.0,3,1.0,0.5 0.5 171.700148001 62.3333333333 1.0 2.5 6.0
0.5 0.5 171.700148001 62.3333333333 1.0 2.5 6.0,3,1.0,0.5 0.5 206.10847882 65.6666666667 1.0 2.5 6.0
0.5 0.5 206.10847882 65.6666666667 1.0 2.5 6.0,3,1.0,0.5 0.5 208.700350286 63.8333333333 1.0 2.5 6.0
0.5 0.5 208.700350286 63.8333333333 1.0 2.5 6.0,3,1.0,0.5 0.5 201.062542064 68.0 1.0 2.5 6.0
0.5 0.5 201.062542064 68.0 1.0 2.5 6.0,3,1.0,0.5 0.5 191.183295978 63.1666666667 1.0 2.5 6.0
0.5 0.5 191.183295978 63.1666666667 1.0 2.5 6.0,3,1.0,0.5 0.5 177.478112193 62.1666666667 1.0 2.5 6.0
0.5 0.5 177.478112193 62.1666666667 1.0 2.5 6.0,3,1.0,0.5 0.5 210.476405135 68.6666666667 1.0 2.5 6.0
0.5 0.5 210.476405135 68.6666666667 1.0 2.5 6.0,3,1.0,0.5 0.5 184.514185922 64.0 1.0 2.5 6.0
0.5 0.5 184.514185922 64.0 1.0 2.5 6.0,3,1.0,0.5 0.5 202.796375613 62.8333333333 1.0 2.5 6.0
1.0 1.0 160.085879925 40.5 1.0 0.5 6.0,0,1.0,1.0 1.0 160.122928544 43.0 1.0 1.0 6.0
1.0 1.0 160.122928544 43.0 1.0 1.0 6.0,0,1.0,1.0 1.0 173.728136466 40.8333333333 1.0 1.5 6.0
1.0 1.0 173.728136466 40.8333333333 1.0 1.5 6.0,0,1.0,1.0 1.0 160.085879925 39.8333333333 1.0 2.0 6.0
1.0 1.0 160.085879925 39.8333333333 1.0 2.0 6.0,0,1.0,0.5 0.5 173.200922296 67.5 1.0 2.5 6.0
0.5 0.5 173.200922296 67.5 1.0 2.5 6.0,3,1.0,0.5 0.5 146.787301955 60.8333333333 1.0 2.5 6.0
0.5 0.5 146.787301955 60.8333333333 1.0 2.5 6.0,2,1.0,0.5 0.5 141.35714793 58.5 1.0 2.5 6.0
0.5 0.5 141.35714793 58.5 1.0 2.5 6.0,3,1.0,0.5 0.5 182.810573224 64.1666666667 1.0 2.5 6.0
0.5 0.5 182.810573224 64.1666666667 1.0 2.5 6.0,3,1.0,0.5 0.5 230.637740714 64.1666666667 1.0 2.5 6.0
0.5 0.5 230.637740714 64.1666666667 1.0 2.5 6.0,3,1.0,0.5 0.5 151.530785753 63.1666666667 1.0 2.5 6.0
0.5 0.5 151.530785753 63.1666666667 1.0 2.5 6.0,3,1.0,0.5 0.5 191.173058936 60.6666666667 1.0 2.5 6.0
0.5 0.5 191.173058936 60.6666666667 1.0 2.5 6.0,3,1.0,0.5 0.5 189.278134071 72.5 1.0 2.5 6.0
0.5 0.5 189.278134071 72.5 1.0 2.5 6.0,3,1.0,0.5 0.5 179.792975832 60.5 1.0 2.5 6.0
0.5 0.5 179.792975832 60.5 1.0 2.5 6.0,3,1.0,0.5 0.5 169.20379054 64.1666666667 1.0 2.5 6.0
0.5 0.5 169.20379054 64.1666666667 1.0 2.5 6.0,3,1.0,0.5 0.5 135.035215439 60.8333333333 1.0 2.5 6.0
0.5 0.5 135.035215439 60.8333333333 1.0 2.5 6.0,3,1.0,0.5 0.5 153.242780005 59.1666666667 1.0 2.5 6.0
0.5 0.5 199.640795737 62.3333333333 1.0 2.5 6.0,3,1.0,0.5 0.5 212.894933569 68.0 1.0 2.5 6.0
0.5 0.5 212.894933569 68.0 1.0 2.5 6.0,3,1.0,0.5 0.5 140.14907438 59.8333333333 1.0 2.5 6.0
0.5 0.5 140.14907438 59.8333333333 1.0 2.5 6.0,3,1.0,0.5 0.5 177.546134671 61.5 1.0 2.5 6.0
0.5 0.5 177.546134671 61.5 1.0 2.5 6.0,3,1.0,0.5 0.5 135.142351728 63.5 1.0 2.5 6.0
0.5 0.5 135.142351728 63.5 1.0 2.5 6.0,2,1.0,0.5 0.5 186.154146465 60.3333333333 1.0 2.5 6.0
0.5 0.5 186.154146465 60.3333333333 1.0 2.5 6.0,3,1.0,0.5 0.5 184.112108189 62.3333333333 1.0 2.5 6.0
0.5 0.5 184.112108189 62.3333333333 1.0 2.5 6.0,3,1.0,0.5 0.5 217.671957022 64.8333333333 1.0 2.5 6.0
0.5 0.5 217.671957022 64.8333333333 1.0 2.5 6.0,3,1.0,0.5 0.5 140.132161113 59.0 1.0 2.5 6.0
0.5 0.5 140.132161113 59.0 1.0 2.5 6.0,3,1.0,0.5 0.5 191.123393735 58.0 1.0 2.5 6.0
0.5 0.5 191.123393735 58.0 1.0 2.5 6.0,3,1.0,0.5 0.5 177.678120478 62.0 1.0 2.5 6.0
0.5 0.5 177.678120478 62.0 1.0 2.5 6.0,3,1.0,0.5 0.5 191.335690432 89.1666666667 1.0 2.5 6.0
0.5 0.5 191.335690432 89.1666666667 1.0 2.5 6.0,3,1.0,0.5 0.5 177.621212891 59.5 1.0 2.5 6.0
0.5 0.5 177.621212891 59.5 1.0 2.5 6.0,3,1.0,0.5 0.5 242.22021353 136.166666667 1.0 2.5 6.0
0.5 0.5 242.22021353 136.166666667 1.0 2.5 6.0,3,1.0,0.5 0.5 143.814277112 88.0 1.0 2.5 6.0
0.5 0.5 143.814277112 88.0 1.0 2.5 6.0,2,1.0,0.5 0.5 184.77947856 60.5 1.0 2.5 6.0
1.0 1.0 210.24375318 47.0 0.333333333333 0.5 2.0,0,1.0,1.0 1.0 210.24375318 51.0 0.333333333333 1.0 2.0
1.0 1.0 210.24375318 51.0 0.333333333333 1.0 2.0,3,1.0,1.0 1.0 198.054789744 44.6666666667 0.5 1.0 3.0
1.0 1.0 198.054789744 44.6666666667 0.5 1.0 3.0,0,1.0,1.0 1.0 198.054789744 49.0 0.5 1.5 3.0
1.0 1.0 198.054789744 49.0 0.5 1.5 3.0,0,1.0,1.0 1.0 198.054789744 49.6666666667 0.5 2.0 3.0
1.0 1.0 198.054789744 49.6666666667 0.5 2.0 3.0,3,1.0,1.0 1.0 229.026105097 59.5 0.666666666667 2.0 4.0
1.0 1.0 229.026105097 59.5 0.666666666667 2.0 4.0,0,1.0,0.5 0.5 217.235178593 63.75 0.666666666667 2.5 4.0
0.5 0.5 217.235178593 63.75 0.666666666667 2.5 4.0,3,1.0,0.5 0.5 160.980516152 62.2 0.833333333333 2.5 5.0
0.5 0.5 160.980516152 62.2 0.833333333333 2.5 5.0,3,1.0,0.5 0.5 215.735539923 63.8333333333 1.0 2.5 6.0
0.5 0.5 215.735539923 63.8333333333 1.0 2.5 6.0,3,1.0,0.5 0.5 179.755693862 62.3333333333 1.0 2.5 6.0
0.5 0.5 179.755693862 62.3333333333 1.0 2.5 6.0,3,1.0,0.5 0.5 139.683460737 59.5 1.0 2.5 6.0
0.5 0.5 139.683460737 59.5 1.0 2.5 6.0,3,1.0,0.5 0.5 171.643424697 57.8333333333 1.0 2.5 6.0
0.5 0.5 171.643424697 57.8333333333 1.0 2.5 6.0,3,1.0,0.5 0.5 184.704682725 87.5 1.0 2.5 6.0
0.5 0.5 184.704682725 87.5 1.0 2.5 6.0,3,1.0,0.5 0.5 261.783193431 66.8333333333 1.0 2.5 6.0
0.5 0.5 261.783193431 66.8333333333 1.0 2.5 6.0,3,1.0,0.5 0.5 196.009437969 65.1666666667 1.0 2.5 6.0
0.5 0.5 196.009437969 65.1666666667 1.0 2.5 6.0,3,1.0,0.5 0.5 172.664374215 59.5 1.0 2.5 6.0
0.0 0.0 250.0 150.0 0.0 4.0 6.0,1,-1.0,0.0 0.0 250.0 150.0 0.0 3.5 6.0
0.0 0.0 250.0 150.0 0.0 3.5 6.0,1,-1.0,0.0 0.0 250.0 150.0 0.0 3.0 6.0
0.0 0.0 250.0 150.0 0.0 3.0 6.0,1,1.0,0.5 0.5 193.172641249 61.6666666667 1.0 2.5 6.0
0.5 0.5 193.172641249 61.6666666667 1.0 2.5 6.0,3,1.0,0.5 0.5 169.966590178 63.3333333333 1.0 2.5 6.0
0.5 0.5 169.966590178 63.3333333333 1.0 2.5 6.0,3,1.0,0.5 0.5 160.025847071 61.6666666667 1.0 2.5 6.0
0.5 0.5 160.025847071 61.6666666667 1.0 2.5 6.0,3,1.0,0.5 0.5 155.601061165 58.5 1.0 2.5 6.0
0.5 0.5 155.601061165 58.5 1.0 2.5 6.0,2,1.0,0.5 0.5 198.210796815 62.5 1.0 2.5 6.0
0.5 0.5 198.210796815 62.5 1.0 2.5 6.0,3,1.0,0.5 0.5 179.586164966 61.8333333333 1.0 2.5 6.0
0.5 0.5 179.586164966 61.8333333333 1.0 2.5 6.0,3,1.0,0.5 0.5 208.907602759 63.6666666667 1.0 2.5 6.0
0.5 0.5 208.907602759 63.6666666667 1.0 2.5 6.0,3,1.0,0.5 0.5 203.732081497 61.8333333333 1.0 2.5 6.0
0.5 0.5 203.732081497 61.8333333333 1.0 2.5 6.0,3,1.0,0.5 0.5 189.352776955 61.5 1.0 2.5 6.0
0.5 0.5 189.352776955 61.5 1.0 2.5 6.0,3,1.0,0.5 0.5 215.854930142 63.8333333333 1.0 2.5 6.0
0.5 0.5 215.854930142 63.8333333333 1.0 2.5 6.0,3,1.0,0.5 0.5 142.009788104 61.1666666667 1.0 2.5 6.0
0.5 0.5 142.009788104 61.1666666667 1.0 2.5 6.0,3,1.0,0.5 0.5 173.136850148 62.6666666667 1.0 2.5 6.0
0.5 0.5 173.136850148 62.6666666667 1.0 2.5 6.0,3,1.0,0.5 0.5 134.457317259 68.5 1.0 2.5 6.0
1.0 1.0 182.590376081 53.0 0.666666666667 1.0 4.0,0,1.0,1.0 1.0 229.247509934 57.0 0.666666666667 1.5 4.0
1.0 1.0 229.247509934 57.0 0.666666666667 1.5 4.0,0,1.0,1.0 1.0 229.247509934 54.25 0.666666666667 2.0 4.0
1.0 1.0 229.247509934 54.25 0.666666666667 2.0 4.0,0,1.0,0.5 0.5 182.466133177 63.75 0.666666666667 2.5 4.0
0.5 0.5 182.466133177 63.75 0.666666666667 2.5 4.0,3,1.0,0.5 0.5 193.915521088 63.8 0.833333333333 2.5 5.0
0.5 0.5 193.915521088 63.8 0.833333333333 2.5 5.0,3,1.0,0.5 0.5 176.434486308 64.1666666667 1.0 2.5 6.0
0.5 0.5 176.434486308 64.1666666667 1.0 2.5 6.0,3,1.0,0.5 0.5 197.556097203 63.5 1.0 2.5 6.0
0.5 0.5 197.556097203 63.5 1.0 2.5 6.0,3,1.0,0.5 0.5 209.814870396 61.8333333333 1.0 2.5 6.0
0.5 0.5 209.814870396 61.8333333333 1.0 2.5 6.0,3,1.0,0.5 0.5 158.80658846 54.8333333333 1.0 2.5 6.0
0.5 0.5 158.80658846 54.8333333333 1.0 2.5 6.0,3,1.0,0.5 0.5 191.362563264 63.3333333333 1.0 2.5 6.0
0.5 0.5 191.362563264 63.3333333333 1.0 2.5 6.0,3,1.0,0.5 0.5 173.736940482 58.6666666667 1.0 2.5 6.0
0.5 0.5 173.736940482 58.6666666667 1.0 2.5 6.0,3,1.0,0.5 0.5 174.489646939 63.3333333333 1.0 2.5 6.0
0.5 0.5 174.489646939 63.3333333333 1.0 2.5 6.0,3,1.0,0.5 0.5 205.774119773 63.8333333333 1.0 2.5 6.0
0.5 0.5 205.774119773 63.8333333333 1.0 2.5 6.0,2,1.0,0.5 0.5 171.185257724 63.1666666667 1.0 2.5 6.0
0.5 0.5 171.185257724 63.1666666667 1.0 2.5 6.0,3,1.0,0.5 0.5 164.154874477 63.5 1.0 2.5 6.0
0.5 0.5 164.154874477 63.5 1.0 2.5 6.0,3,1.0,0.5 0.5 255.288696602 64.8333333333 1.0 2.5 6.0
0.0 0.0 250.0 150.0 0.0 3.0 6.0,1,1.0,0.5 0.5 164.652336306 62.5 1.0 2.5 6.0
0.5 0.5 164.652336306 62.5 1.0 2.5 6.0,2,1.0,0.5 0.5 148.922768281 72.3333333333 1.0 2.5 6.0
0.5 0.5 148.922768281 72.3333333333 1.0 2.5 6.0,3,1.0,0.5 0.5 145.221854372 61.3333333333 1.0 2.5 6.0
0.5 0.5 145.221854372 61.3333333333 1.0 2.5 6.0,3,1.0,0.5 0.5 196.399696005 63.3333333333 1.0 2.5 6.0
0.5 0.5 196.399696005 63.3333333333 1.0 2.5 6.0,2,1.0,0.5 0.5 185.982395332 60.0 1.0 2.5 6.0
0.5 0.5 185.982395332 60.0 1.0 2.5 6.0,3,1.0,0.5 0.5 184.632807725 62.0 1.0 2.5 6.0
0.5 0.5 184.632807725 62.0 1.0 2.5 6.0,3,1.0,0.5 0.5 177.723048354 58.1666666667 1.0 2.5 6.0
0.5 0.5 177.723048354 58.1666666667 1.0 2.5 6.0,3,1.0,0.5 0.5 203.6834147 64.6666666667 1.0 2.5 6.0
0.5 0.5 203.6834147 64.6666666667 1.0 2.5 6.0,2,1.0,0.5 0.5 184.830448805 63.0 1.0 2.5 6.0
0.5 0.5 184.830448805 63.0 1.0 2.5 6.0,2,1.0,0.5 0.5 165.138085302 61.6666666667 1.0 2.5 6.0
0.5 0.5 165.138085302 61.6666666667 1.0 2.5 6.0,3,1.0,0.5 0.5 168.128476306 63.1666666667 1.0 2.5 6.0
0.5 0.5 168.128476306 63.1666666667 1.0 2.5 6.0,3,1.0,0.5 0.5 217.716639937 65.3333333333 1.0 2.5 6.0
0.5 0.5 217.716639937 65.3333333333 1.0 2.5 6.0,2,1.0,0.5 0.5 191.357766611 62.3333333333 1.0 2.5 6.0
0.5 0.5 191.357766611 62.3333333333 1.0 2.5 6.0,3,1.0,0.5 0.5 179.632812135 63.8333333333 1.0 2.5 6.0
0.5 0.5 179.632812135 63.8333333333 1.0 2.5 6.0,3,1.0,0.5 0.5 198.992436139 64.3333333333 1.0 2.5 6.0
0.5 0.5 170.184406522 60.3333333333 1.0 2.5 6.0,3,1.0,0.5 0.5 162.798008781 62.6666666667 1.0 2.5 6.0
0.5 0.5 162.798008781 62.6666666667 1.0 2.5 6.0,3,1.0,0.5 0.5 179.559547023 59.0 1.0 2.5 6.0
0.5 0.5 179.559547023 59.0 1.0 2.5 6.0,3,1.0,0.5 0.5 148.564199276 60.3333333333 1.0 2.5 6.0
0.5 0.5 148.564199276 60.3333333333 1.0 2.5 6.0,2,1.0,0.5 0.5 191.188391212 59.8333333333 1.0 2.5 6.0
0.5 0.5 191.188391212 59.8333333333 1.0 2.5 6.0,3,1.0,0.5 0.5 210.537204204 63.5 1.0 2.5 6.0
0.5 0.5 210.537204204 63.5 1.0 2.5 6.0,3,1.0,0.5 0.5 160.304488219 62.0 1.0 2.5 6.0
0.5 0.5 160.304488219 62.0 1.0 2.5 6.0,3,1.0,0.5 0.5 148.684123958 62.5 1.0 2.5 6.0
0.5 0.5 148.684123958 62.5 1.0 2.5 6.0,3,1.0,0.5 0.5 171.300200046 63.8333333333 1.0 2.5 6.0
0.5 0.5 171.300200046 63.8333333333 1.0 2.5 6.0,3,1.0,0.5 0.5 193.251735901 63.0 1.0 2.5 6.0
0.5 0.5 193.251735901 63.0 1.0 2.5 6.0,3,1.0,0.5 0.5 181.672068456 67.1666666667 1.0 2.5 6.0
0.5 0.5 181.672068456 67.1666666667 1.0 2.5 6.0,3,1.0,0.5 0.5 178.740062735 56.5 1.0 2.5 6.0
0.5 0.5 178.740062735 56.5 1.0 2.5 6.0,3,1.0,0.5 0.5 148.622838416 58.0 1.0 2.5 6.0
0.5 0.5 148.622838416 58.0 1.0 2.5 6.0,3,1.0,0.5 0.5 202.915357877 62.6666666667 1.0 2.5 6.0
0.5 0.5 202.915357877 62.6666666667 1.0 2.5 6.0,3,1.0,0.5 0.5 154.115218551 90.5 1.0 2.5 6.0
0.5 0.5 154.115218551 90.5 1.0 2.5 6.0,3,1.0,0.5 0.5 189.597127357 63.1666666667 1.0 2.5 6.0
1.0 1.0 132.144437176 40.3333333333 0.5 0.5 3.0,0,1.0,1.0 1.0 132.144437176 41.6666666667 0.5 1.0 3.0
1.0 1.0 132.144437176 41.6666666667 0.5 1.0 3.0,0,1.0,1.0 1.0 132.144437176 44.6666666667 0.5 1.5 3.0
1.0 1.0 132.144437176 44.6666666667 0.5 1.5 3.0,3,1.0,1.0 1.0 229.184260589 59.25 0.666666666667 1.5 4.0
1.0 1.0 229.184260589 59.25 0.666666666667 1.5 4.0,0,1.0,1.0 1.0 229.184260589 60.5 0.666666666667 2.0 4.0
1.0 1.0 229.184260589 60.5 0.666666666667 2.0 4.0,0,1.0,0.5 0.5 186.5596508 61.0 0.666666666667 2.5 4.0
0.5 0.5 186.5596508 61.0 0.666666666667 2.5 4.0,3,1.0,0.5 0.5 148.827094579 66.4 0.833333333333 2.5 5.0
0.5 0.5 148.827094579 66.4 0.833333333333 2.5 5.0,3,1.0,0.5 0.5 197.825532131 62.0 1.0 2.5 6.0
0.5 0.5 197.825532131 62.0 1.0 2.5 6.0,3,1.0,0.5 0.5 186.755144548 67.3333333333 1.0 2.5 6.0
0.5 0.5 186.755144548 67.3333333333 1.0 2.5 6.0,3,1.0,0.5 0.5 165.23754114 61.3333333333 1.0 2.5 6.0
0.5 0.5 165.23754114 61.3333333333 1.0 2.5 6.0,2,1.0,0.5 0.5 158.948330355 63.5 1.0 2.5 6.0
0.5 0.5 158.948330355 63.5 1.0 2.5 6.0,3,1.0,0.5 0.5 181.591154623 60.3333333333 1.0 2.5 6.0
0.5 0.5 181.591154623 60.3333333333 1.0 2.5 6.0,3,1.0,0.5 0.5 148.697025412 63.5 1.0 2.5 6.0
0.5 0.5 148.697025412 63.5 1.0 2.5 6.0,3,1.0,0.5 0.5 191.359454068 67.0 1.0 2.5 6.0
0.5 0.5 191.359454068 67.0 1.0 2.5 6.0,3,1.0,0.5 0.5 179.742345819 63.1666666667 1.0 2.5 6.0
0.5 0.5 179.742345819 63.1666666667 1.0 2.5 6.0,2,1.0,0.5 0.5 186.226862458 64.5 1.0 2.5 6.0
0.5 0.5 151.408929155 65.8 0.833333333333 2.5 5.0,3,1.0,0.5 0.5 133.947407408 104.666666667 1.0 2.5 6.0
0.5 0.5 133.947407408 104.666666667 1.0 2.5 6.0,3,1.0,0.5 0.5 212.6205941 67.6666666667 1.0 2.5 6.0
0.5 0.5 212.6205941 67.6666666667 1.0 2.5 6.0,3,1.0,0.5 0.5 153.855017157 65.6666666667 1.0 2.5 6.0
0.5 0.5 153.855017157 65.6666666667 1.0 2.5 6.0,3,1.0,0.5 0.5 208.841089239 61.1666666667 1.0 2.5 6.0
0.5 0.5 208.841089239 61.1666666667 1.0 2.5 6.0,3,1.0,0.5 0.5 179.596606491 71.5 1.0 2.5 6.0
0.5 0.5 179.596606491 71.5 1.0 2.5 6.0,3,1.0,0.5 0.5 186.085800225 63.0 1.0 2.5 6.0
0.5 0.5 186.085800225 63.0 1.0 2.5 6.0,3,1.0,0.5 0.5 161.014273138 64.8333333333 1.0 2.5 6.0
0.5 0.5 161.014273138 64.8333333333 1.0 2.5 6.0,3,1.0,0.5 0.5 188.119413766 58.5 1.0 2.5 6.0
0.5 0.5 188.119413766 58.5 1.0 2.5 6.0,3,1.0,0.5 0.5 156.034903033 69.8333333333 1.0 2.5 6.0
0.5 0.5 156.034903033 69.8333333333 1.0 2.5 6.0,3,1.0,0.5 0.5 191.126529354 64.0 1.0 2.5 6.0
0.5 0.5 191.126529354 64.0 1.0 2.5 6.0,3,1.0,0.5 0.5 140.087386985 65.6666666667 1.0 2.5 6.0
0.5 0.5 140.087386985 65.6666666667 1.0 2.5 6.0,3,1.0,0.5 0.5 191.273672277 62.5 1.0 2.5 6.0
0.5 0.5 191.273672277 62.5 1.0 2.5 6.0,3,1.0,0.5 0.5 189.772166203 84.1666666667 1.0 2.5 6.0
0.5 0.5 189.772166203 84.1666666667 1.0 2.5 6.0,3,1.0,0.5 0.5 191.305055628 84.0 1.0 2.5 6.0
0.5 0.5 191.305055628 84.0 1.0 2.5 6.0,2,1.0,0.5 0.5 146.722019174 62.5 1.0 2.5 6.0
1.0 1.0 160.085879925 41.5 1.0 2.0 6.0,0,1.0,0.5 0.5 205.785865111 62.8333333333 1.0 2.5 6.0
0.5 0.5 205.785865111 62.8333333333 1.0 2.5 6.0,3,1.0,0.5 0.5 151.136251763 62.1666666667 1.0 2.5 6.0
0.5 0.5 151.136251763 62.1666666667 1.0 2.5 6.0,3,1.0,0.5 0.5 153.423678897 57.0 1.0 2.5 6.0
0.5 0.5 153.423678897 57.0 1.0 2.5 6.0,3,1.0,0.5 0.5 148.637133584 60.6666666667 1.0 2.5 6.0
0.5 0.5 148.637133584 60.6666666667 1.0 2.5 6.0,2,1.0,0.5 0.5 205.639990408 65.6666666667 1.0 2.5 6.0
0.5 0.5 205.639990408 65.6666666667 1.0 2.5 6.0,3,1.0,0.5 0.5 166.159876774 59.0 1.0 2.5 6.0
0.5 0.5 166.159876774 59.0 1.0 2.5 6.0,3,1.0,0.5 0.5 179.514240844 60.6666666667 1.0 2.5 6.0
0.5 0.5 179.514240844 60.6666666667 1.0 2.5 6.0,2,1.0,0.5 0.5 173.15116075 59.6666666667 1.0 2.5 6.0
0.5 0.5 173.15116075 59.6666666667 1.0 2.5 6.0,3,1.0,0.5 0.5 186.552911343 63.1666666667 1.0 2.5 6.0
0.5 0.5 186.552911343 63.1666666667 1.0 2.5 6.0,3,1.0,0.5 0.5 170.81276959 62.8333333333 1.0 2.5 6.0
0.5 0.5 170.81276959 62.8333333333 1.0 2.5 6.0,2,1.0,0.5 0.5 129.465964433 72.0 1.0 2.5 6.0
0.5 0.5 129.465964433 72.0 1.0 2.5 6.0,3,1.0,0.5 0.5 235.736592275 63.5 1.0 2.5 6.0
0.5 0.5 235.736592275 63.5 1.0 2.5 6.0,3,1.0,0.5 0.5 202.714861558 60.5 1.0 2.5 6.0
0.5 0.5 202.714861558 60.5 1.0 2.5 6.0,3,1.0,0.5 0.5 193.140625062 66.1666666667 1.0 2.5 6.0
0.5 0.5 193.140625062 66.1666666667 1.0 2.5 6.0,3,1.0,0.5 0.5 232.263747106 66.8333333333 1.0 2.5 6.0
0.0 0.0 250.0 150.0 0.0 4.0 6.0,1,-1.0,0.0 0.0 250.0 150.0 0.0 3.5 6.0
0.0 0.0 250.0 150.0 0.0 3.5 6.0,1,-1.0,0.0 0.0 250.0 150.0 0.0 3.0 6.0
0.0 0.0 250.0 150.0 0.0 3.0 6.0,1,1.0,0.5 0.5 212.665962285 65.0 1.0 2.5 6.0
0.5 0.5 212.665962285 65.0 1.0 2.5 6.0,3,1.0,0.5 0.5 179.646527979 62.6666666667 1.0 2.5 6.0
0.5 0.5 179.646527979 62.6666666667 1.0 2.5 6.0,3,1.0,0.5 0.5 191.259867901 63.0 1.0 2.5 6.0
0.5 0.5 191.259867901 63.0 1.0 2.5 6.0,2,1.0,0.5 0.5 144.732666408 61.3333333333 1.0 2.5 6.0
0.5 0.5 144.732666408 61.3333333333 1.0 2.5 6.0,3,1.0,0.5 0.5 199.229708379 62.6666666667 1.0 2.5 6.0
0.5 0.5 199.229708379 62.6666666667 1.0 2.5 6.0,3,1.0,0.5 0.5 202.796375613 58.3333333333 1.0 2.5 6.0
0.5 0.5 202.796375613 58.3333333333 1.0 2.5 6.0,3,1.0,0.5 0.5 133.029664611 66.8333333333 1.0 2.5 6.0
0.5 0.5 133.029664611 66.8333333333 1.0 2.5 6.0,3,1.0,0.5 0.5 155.561720157 59.6666666667 1.0 2.5 6.0
0.5 0.5 155.561720157 59.6666666667 1.0 2.5 6.0,3,1.0,0.5 0.5 159.191646569 62.6666666667 1.0 2.5 6.0
0.5 0.5 159.191646569 62.6666666667 1.0 2.5 6.0,2,1.0,0.5 0.5 197.744603084 88.6666666667 1.0 2.5 6.0
0.5 0.5 197.744603084 88.6666666667 1.0 2.5 6.0,3,1.0,0.5 0.5 160.251156226 57.1666666667 1.0 2.5 6.0
0.5 0.5 160.251156226 57.1666666667 1.0 2.5 6.0,3,1.0,0.5 0.5 160.258823517 76.8333333333 1.0 2.5 6.0
0.5 0.5 160.258823517 76.8333333333 1.0 2.5 6.0,2,1.0,0.5 0.5 173.174103517 61.0 1.0 2.5 6.0
0.0 0.0 250.0 150.0 0.0 4.0 6.0,1,-1.0,0.0 0.0 250.0 150.0 0.0 3.5 6.0
0.0 0.0 250.0 150.0 0.0 3.5 6.0,1,-1.0,0.0 0.0 250.0 150.0 0.0 3.0 6.0
0.0 0.0 250.0 150.0 0.0 3.0 6.0,1,1.0,0.5 0.5 184.642617547 63.8333333333 1.0 2.5 6.0
0.5 0.5 184.642617547 63.8333333333 1.0 2.5 6.0,3,1.0,0.5 0.5 153.523571868 60.3333333333 1.0 2.5 6.0
0.5 0.5 153.523571868 60.3333333333 1.0 2.5 6.0,3,1.0,0.5 0.5 177.822072584 62.5 1.0 2.5 6.0
0.5 0.5 177.822072584 62.5 1.0 2.5 6.0,3,1.0,0.5 0.5 179.507374573 65.3333333333 1.0 2.5 6.0
0.5 0.5 179.507374573 65.3333333333 1.0 2.5 6.0,2,1.0,0.5 0.5 217.179214353 67.3333333333 1.0 2.5 6.0
0.5 0.5 217.179214353 67.3333333333 1.0 2.5 6.0,2,1.0,0.5 0.5 204.790726138 64.3333333333 1.0 2.5 6.0
0.5 0.5 204.790726138 64.3333333333 1.0 2.5 6.0,3,1.0,0.5 0.5 197.299118824 65.6666666667 1.0 2.5 6.0
0.5 0.5 197.299118824 65.6666666667 1.0 2.5 6.0,3,1.0,0.5 0.5 197.843398755 64.1666666667 1.0 2.5 6.0
0.5 0.5 197.843398755 64.1666666667 1.0 2.5 6.0,3,1.0,0.5 0.5 179.500590758 65.0 1.0 2.5 6.0
0.5 0.5 179.500590758 65.0 1.0 2.5 6.0,3,1.0,0.5 0.5 179.60947936 59.3333333333 1.0 2.5 6.0
0.5 0.5 179.60947936 59.3333333333 1.0 2.5 6.0,3,1.0,0.5 0.5 224.201913099 62.5 1.0 2.5 6.0
0.5 0.5 224.201913099 62.5 1.0 2.5 6.0,3,1.0,0.5 0.5 191.341541259 61.8333333333 1.0 2.5 6.0
0.5 0.5 191.341541259 61.8333333333 1.0 2.5 6.0,3,1.0,0.5 0.5 172.95429093 67.0 1.0 2.5 6.0
0.0 0.0 250.0 150.0 0.0 3.5 4.0,1,-1.0,0.0 0.0 250.0 150.0 0.0 3.0 4.0
0.0 0.0 250.0 150.0 0.0 3.0 4.0,1,1.0,0.5 0.5 176.940176639 62.75 0.666666666667 2.5 4.0
0.5 0.5 176.940176639 62.75 0.666666666667 2.5 4.0,3,1.0,0.5 0.5 172.36713264 63.8 0.833333333333 2.5 5.0
0.5 0.5 172.36713264 63.8 0.833333333333 2.5 5.0,3,1.0,0.5 0.5 197.809388267 63.8333333333 1.0 2.5 6.0
0.5 0.5 197.809388267 63.8333333333 1.0 2.5 6.0,3,1.0,0.5 0.5 148.473032696 62.3333333333 1.0 2.5 6.0
0.5 0.5 148.473032696 62.3333333333 1.0 2.5 6.0,3,1.0,0.5 0.5 171.282745305 62.8333333333 1.0 2.5 6.0
0.5 0.5 171.282745305 62.8333333333 1.0 2.5 6.0,3,1.0,0.5 0.5 197.309435144 62.8333333333 1.0 2.5 6.0
0.5 0.5 197.309435144 62.8333333333 1.0 2.5 6.0,3,1.0,0.5 0.5 172.662151977 59.1666666667 1.0 2.5 6.0
0.5 0.5 172.662151977 59.1666666667 1.0 2.5 6.0,3,1.0,0.5 0.5 158.273096915 61.6666666667 1.0 2.5 6.0
0.5 0.5 158.273096915 61.6666666667 1.0 2.5 6.0,3,1.0,0.5 0.5 137.003171051 62.3333333333 1.0 2.5 6.0
0.5 0.5 137.003171051 62.3333333333 1.0 2.5 6.0,3,1.0,0.5 0.5 174.996329205 66.3333333333 1.0 2.5 6.0
0.5 0.5 174.996329205 66.3333333333 1.0 2.5 6.0,3,1.0,0.5 0.5 196.335428554 58.6666666667 1.0 2.5 6.0
0.5 0.5 196.335428554 58.6666666667 1.0 2.5 6.0,3,1.0,0.5 0.5 167.229232159 61.5 1.0 2.5 6.0
0.5 0.5 167.229232159 61.5 1.0 2.5 6.0,3,1.0,0.5 0.5 193.12926921 59.8333333333 1.0 2.5 6.0
0.5 0.5 193.12926921 59.8333333333 1.0 2.5 6.0,3,1.0,0.5 0.5 179.742345819 62.6666666667 1.0 2.5 6.0
1.0 1.0 160.085879925 42.6666666667 1.0 2.0 6.0,0,1.0,0.5 0.5 188.023322532 75.6666666667 1.0 2.5 6.0
0.5 0.5 188.023322532 75.6666666667 1.0 2.5 6.0,3,1.0,0.5 0.5 178.740062735 59.3333333333 1.0 2.5 6.0
0.5 0.5 178.740062735 59.3333333333 1.0 2.5 6.0,3,1.0,0.5 0.5 229.299408853 63.6666666667 1.0 2.5 6.0
0.5 0.5 229.299408853 63.6666666667 1.0 2.5 6.0,3,1.0,0.5 0.5 177.791101519 63.6666666667 1.0 2.5 6.0
0.5 0.5 177.791101519 63.6666666667 1.0 2.5 6.0,2,1.0,0.5 0.5 204.729487475 60.6666666667 1.0 2.5 6.0
0.5 0.5 204.729487475 60.6666666667 1.0 2.5 6.0,3,1.0,0.5 0.5 176.627208794 72.6666666667 1.0 2.5 6.0
0.5 0.5 176.627208794 72.6666666667 1.0 2.5 6.0,3,1.0,0.5 0.5 166.602652247 59.6666666667 1.0 2.5 6.0
0.5 0.5 166.602652247 59.6666666667 1.0 2.5 6.0,3,1.0,0.5 0.5 185.095381149 67.1666666667 1.0 2.5 6.0
0.5 0.5 185.095381149 67.1666666667 1.0 2.5 6.0,3,1.0,0.5 0.5 148.704269953 62.0 1.0 2.5 6.0
0.5 0.5 148.704269953 62.0 1.0 2.5 6.0,3,1.0,0.5 0.5 173.215935372 62.1666666667 1.0 2.5 6.0
0.5 0.5 173.215935372 62.1666666667 1.0 2.5 6.0,3,1.0,0.5 0.5 160.122928544 60.3333333333 1.0 2.5 6.0
0.5 0.5 160.122928544 60.3333333333 1.0 2.5 6.0,3,1.0,0.5 0.5 229.445183542 62.3333333333 1.0 2.5 6.0
0.5 0.5 229.445183542 62.3333333333 1.0 2.5 6.0,3,1.0,0.5 0.5 146.740057493 61.0 1.0 2.5 6.0
0.5 0.5 146.740057493 61.0 1.0 2.5 6.0,3,1.0,0.5 0.5 158.245301553 61.6666666667 1.0 2.5 6.0
0.5 0.5 158.245301553 61.6666666667 1.0 2.5 6.0,3,1.0,0.5 0.5 154.930831913 58.1666666667 1.0 2.5 6.0
0.5 0.5 186.201713155 63.8333333333 1.0 2.5 6.0,3,1.0,0.5 0.5 191.23622415 64.1666666667 1.0 2.5 6.0
0.5 0.5 191.23622415 64.1666666667 1.0 2.5 6.0,3,1.0,0.5 0.5 193.145045579 61.3333333333 1.0 2.5 6.0
0.5 0.5 193.145045579 61.3333333333 1.0 2.5 6.0,3,1.0,0.5 0.5 193.212394894 61.1666666667 1.0 2.5 6.0
0.5 0.5 193.212394894 61.1666666667 1.0 2.5 6.0,3,1.0,0.5 0.5 212.728593647 65.1666666667 1.0 2.5 6.0
0.5 0.5 212.728593647 65.1666666667 1.0 2.5 6.0,3,1.0,0.5 0.5 191.392511504 64.0 1.0 2.5 6.0
0.5 0.5 191.392511504 64.0 1.0 2.5 6.0,3,1.0,0.5 0.5 207.593512371 63.6666666667 1.0 2.5 6.0
0.5 0.5 207.593512371 63.6666666667 1.0 2.5 6.0,3,1.0,0.5 0.5 204.072466086 60.8333333333 1.0 2.5 6.0
0.5 0.5 204.072466086 60.8333333333 1.0 2.5 6.0,3,1.0,0.5 0.5 163.786696053 77.5 1.0 2.5 6.0
0.5 0.5 163.786696053 77.5 1.0 2.5 6.0,3,1.0,0.5 0.5 192.308001715 62.6666666667 1.0 2.5 6.0
0.5 0.5 192.308001715 62.6666666667 1.0 2.5 6.0,2,1.0,0.5 0.5 182.794488083 64.0 1.0 2.5 6.0
0.5 0.5 182.794488083 64.0 1.0 2.5 6.0,3,1.0,0.5 0.5 215.939742616 64.5 1.0 2.5 6.0
0.5 0.5 215.939742616 64.5 1.0 2.5 6.0,2,1.0,0.5 0.5 198.171280092 63.1666666667 1.0 2.5 6.0
0.5 0.5 198.171280092 63.1666666667 1.0 2.5 6.0,3,1.0,0.5 0.5 197.878225136 87.8333333333 1.0 2.5 6.0
0.5 0.5 197.878225136 87.8333333333 1.0 2.5 6.0,3,1.0,0.5 0.5 122.994668672 72.3333333333 1.0 2.5 6.0
0.5 0.5 122.994668672 72.3333333333 1.0 2.5 6.0,3,1.0,0.5 0.5 186.590136808 67.3333333333 1.0 2.5 6.0
0.0 0.0 250.0 150.0 0.0 4.0 6.0,1,-1.0,0.0 0.0 250.0 150.0 0.0 3.5 6.0
0.0 0.0 250.0 150.0 0.0 3.5 6.0,1,-1.0,0.0 0.0 250.0 150.0 0.0 3.0 6.0
0.0 0.0 250.0 150.0 0.0 3.0 6.0,1,1.0,0.5 0.5 210.751857814 65.3333333333 1.0 2.5 6.0
0.5 0.5 210.751857814 65.3333333333 1.0 2.5 6.0,3,1.0,0.5 0.5 179.561089942 63.6666666667 1.0 2.5 6.0
0.5 0.5 179.561089942 63.6666666667 1.0 2.5 6.0,3,1.0,0.5 0.5 184.697805202 61.5 1.0 2.5 6.0
0.5 0.5 184.697805202 61.5 1.0 2.5 6.0,3,1.0,0.5 0.5 172.685376336 66.3333333333 1.0 2.5 6.0
0.5 0.5 172.685376336 66.3333333333 1.0 2.5 6.0,2,1.0,0.5 0.5 151.561435141 61.3333333333 1.0 2.5 6.0
0.5 0.5 151.561435141 61.3333333333 1.0 2.5 6.0,3,1.0,0.5 0.5 163.209283777 59.1666666667 1.0 2.5 6.0
0.5 0.5 163.209283777 59.1666666667 1.0 2.5 6.0,2,1.0,0.5 0.5 217.306469057 64.6666666667 1.0 2.5 6.0
0.5 0.5 217.306469057 64.6666666667 1.0 2.5 6.0,3,1.0,0.5 0.5 179.725745622 63.8333333333 1.0 2.5 6.0
0.5 0.5 179.725745622 63.8333333333 1.0 2.5 6.0,3,1.0,0.5 0.5 161.113011033 58.6666666667 1.0 2.5 6.0
0.5 0.5 161.113011033 58.6666666667 1.0 2.5 6.0,3,1.0,0.5 0.5 188.024433607 62.0 1.0 2.5 6.0
0.5 0.5 188.024433607 62.0 1.0 2.5 6.0,2,1.0,0.5 0.5 158.032354828 61.3333333333 1.0 2.5 6.0
0.5 0.5 158.032354828 61.3333333333 1.0 2.5 6.0,3,1.0,0.5 0.5 186.151727063 61.1666666667 1.0 2.5 6.0
0.5 0.5 186.151727063 61.1666666667 1.0 2.5 6.0,2,1.0,0.5 0.5 184.676341634 63.5 1.0 2.5 6.0
1.0 1.0 210.24375318 46.0 0.333333333333 0.5 2.0,0,1.0,1.0 1.0 210.24375318 48.0 0.333333333333 1.0 2.0
1.0 1.0 210.24375318 48.0 0.333333333333 1.0 2.0,3,1.0,1.0 1.0 198.054789744 50.0 0.5 1.0 3.0
1.0 1.0 198.054789744 50.0 0.5 1.0 3.0,0,1.0,1.0 1.0 198.054789744 49.6666666667 0.5 1.5 3.0
1.0 1.0 198.054789744 49.6666666667 0.5 1.5 3.0,0,1.0,1.0 1.0 198.054789744 49.0 0.5 2.0 3.0
1.0 1.0 198.054789744 49.0 0.5 2.0 3.0,3,1.0,1.0 1.0 229.123267029 59.5 0.666666666667 2.0 4.0
1.0 1.0 229.123267029 59.5 0.666666666667 2.0 4.0,3,1.0,1.0 1.0 188.421779988 42.0 0.833333333333 2.0 5.0
1.0 1.0 188.421779988 42.0 0.833333333333 2.0 5.0,0,1.0,0.5 0.5 143.105519711 64.2 0.833333333333 2.5 5.0
0.5 0.5 143.105519711 64.2 0.833333333333 2.5 5.0,3,1.0,0.5 0.5 162.123782856 62.1666666667 1.0 2.5 6.0
0.5 0.5 162.123782856 62.1666666667 1.0 2.5 6.0,3,1.0,0.5 0.5 224.139672429 62.6666666667 1.0 2.5 6.0
0.5 0.5 224.139672429 62.6666666667 1.0 2.5 6.0,3,1.0,0.5 0.5 172.054926064 65.5 1.0 2.5 6.0
0.5 0.5 172.054926064 65.5 1.0 2.5 6.0,3,1.0,0.5 0.5 210.664246523 61.8333333333 1.0 2.5 6.0
0.5 0.5 210.664246523 61.8333333333 1.0 2.5 6.0,3,1.0,0.5 0.5 184.831037558 60.1666666667 1.0 2.5 6.0
0.5 0.5 184.831037558 60.1666666667 1.0 2.5 6.0,3,1.0,0.5 0.5 143.986547731 59.0 1.0 2.5 6.0
0.5 0.5 143.986547731 59.0 1.0 2.5 6.0,3,1.0,0.5 0.5 199.337182892 67.1666666667 1.0 2.5 6.0
0.5 0.5 199.337182892 67.1666666667 1.0 2.5 6.0,3,1.0,0.5 0.5 167.571194975 70.1666666667 1.0 2.5 6.0
1.0 1.0 204.750652518 45.5 1.0 1.5 6.0,0,1.0,1.0 1.0 191.145444596 43.5 1.0 2.0 6.0
1.0 1.0 191.145444596 43.5 1.0 2.0 6.0,0,1.0,0.5 0.5 191.23622415 62.6666666667 1.0 2.5 6.0
0.5 0.5 191.23622415 62.6666666667 1.0 2.5 6.0,3,1.0,0.5 0.5 193.142202217 60.5 1.0 2.5 6.0
0.5 0.5 193.142202217 60.5 1.0 2.5 6.0,2,1.0,0.5 0.5 174.62254577 62.3333333333 1.0 2.5 6.0
0.5 0.5 174.62254577 62.3333333333 1.0 2.5 6.0,3,1.0,0.5 0.5 163.426225866 59.3333333333 1.0 2.5 6.0
0.5 0.5 163.426225866 59.3333333333 1.0 2.5 6.0,3,1.0,0.5 0.5 171.327995407 63.1666666667 1.0 2.5 6.0
0.5 0.5 171.327995407 63.1666666667 1.0 2.5 6.0,3,1.0,0.5 0.5 158.038216775 58.0 1.0 2.5 6.0
